snow/snow_00460
74
241 262 59 65 1
722 142 61 87 0.99973
467 169 61 73 0.998914
253 310 26 30 0.821858
765 408 20 24 0.736025
652 445 30 35 0.685547
704 248 25 30 0.675
816 552 39 46 0.648577
393 258 21 28 0.599295
559 332 19 24 0.591727
449 473 71 97 0.577545
322 325 89 110 0.568538
380 326 45 48 0.526185
542 297 26 31 0.521202
740 100 56 72 0.472961
558 427 44 47 0.461502
416 374 23 26 0.444266
602 167 69 81 0.44333
525 525 37 45 0.399865
369 314 15 21 0.395627
615 332 26 31 0.392115
419 343 29 38 0.367753
546 180 28 31 0.364208
782 173 34 42 0.359677
302 413 44 52 0.356282
539 210 18 24 0.328015
432 429 28 33 0.319053
294 333 16 22 0.303299
298 559 28 37 0.294869
505 388 24 30 0.288972
792 121 24 29 0.279848
539 360 24 33 0.277813
813 297 16 22 0.264071
392 274 18 22 0.262052
539 311 20 25 0.261473
464 286 17 28 0.258419
517 321 30 37 0.238186
235 567 14 20 0.229327
450 192 36 48 0.228931
531 276 34 39 0.227182
444 328 19 24 0.223782
798 344 28 35 0.219144
192 548 21 23 0.206817
667 419 29 36 0.199869
166 441 39 49 0.199274
377 454 22 26 0.198337
279 499 57 69 0.193191
444 313 22 26 0.182001
384 283 23 30 0.178872
776 409 17 20 0.178463
548 250 23 29 0.178132
627 339 27 33 0.177257
216 320 25 33 0.173346
697 489 22 26 0.165552
284 480 29 35 0.162523
675 214 24 29 0.16235
252 382 25 29 0.154667
541 321 21 28 0.146293
587 342 18 21 0.14536
573 251 18 21 0.143794
390 374 34 35 0.141274
467 328 23 34 0.140824
173 330 20 22 0.137978
201 559 40 49 0.136739
744 352 27 34 0.129352
468 362 18 29 0.128693
691 339 18 22 0.125685
460 232 21 30 0.124293
161 433 19 23 0.122622
555 285 19 25 0.122343
397 353 35 41 0.118225
699 427 26 36 0.114084
703 393 36 45 0.106764
197 491 41 48 0.101793
