snow/snow_00902
41
565 291 25 29 0.97361
283 263 62 77 0.781959
523 364 23 27 0.697464
311 155 21 26 0.679391
200 323 32 40 0.553245
213 192 26 32 0.500843
978 251 17 20 0.479428
985 248 16 19 0.47197
630 24 20 23 0.437647
324 454 36 41 0.39837
228 261 38 48 0.336168
229 758 23 28 0.307702
357 400 15 19 0.301306
270 250 60 81 0.266319
855 624 16 20 0.265772
690 253 17 22 0.245838
688 95 32 37 0.234542
866 314 28 32 0.226726
394 458 38 46 0.221421
249 203 26 32 0.219716
98 743 42 53 0.213891
226 192 23 28 0.212354
451 479 22 28 0.212052
981 239 19 22 0.194633
69 223 21 27 0.192894
141 719 70 82 0.18608
878 475 33 41 0.180534
211 252 22 29 0.166179
604 227 15 20 0.160204
949 312 26 31 0.156328
248 297 21 26 0.138982
371 225 15 20 0.131503
914 0 19 23 0.122905
209 281 37 58 0.122291
602 158 28 32 0.121572
22 99 22 26 0.115659
375 488 20 27 0.114061
970 229 19 26 0.111082
850 466 21 26 0.110258
760 392 21 24 0.108655
647 220 18 24 0.106696
