snow/snow_00426
25
414 400 20 25 0.879587
409 397 18 24 0.789863
823 139 42 49 0.738356
737 564 46 54 0.525327
454 352 29 44 0.387581
442 180 26 31 0.374781
435 296 23 29 0.344889
720 214 19 26 0.339296
460 517 24 31 0.328687
582 568 53 64 0.308326
557 537 50 56 0.274404
776 452 21 26 0.265471
837 439 17 22 0.263497
402 156 46 58 0.254582
790 595 24 30 0.243705
781 525 73 84 0.164805
477 601 30 33 0.161266
693 126 26 33 0.156996
621 305 20 24 0.151803
708 327 19 26 0.143954
801 597 19 23 0.123185
444 213 23 28 0.109016
541 521 22 26 0.108815
804 609 43 53 0.10704
729 161 22 27 0.106551
