snow/snow_00167
30
202 596 55 59 0.962166
306 837 21 27 0.704789
370 582 32 41 0.681724
786 601 69 90 0.539347
388 571 23 28 0.357041
565 608 24 26 0.338009
962 647 19 23 0.331397
797 871 23 28 0.32426
737 645 25 28 0.277013
51 738 21 23 0.269754
115 649 23 29 0.259964
188 590 23 37 0.258621
568 654 21 25 0.221469
229 726 27 35 0.218687
888 543 24 29 0.208403
838 314 25 30 0.206166
374 729 23 32 0.202906
367 691 19 25 0.194065
657 848 26 29 0.170507
977 598 30 37 0.157116
309 827 22 25 0.154209
289 848 23 28 0.149912
261 865 36 39 0.131531
242 648 27 34 0.12567
806 676 23 29 0.124903
993 570 21 26 0.122309
807 870 24 28 0.113331
231 575 31 39 0.107587
624 543 21 29 0.10264
853 601 27 35 0.101406
