snow/snow_00477
113
524 157 108 161 0.999999
279 126 124 182 0.999806
644 405 19 24 0.906556
954 488 34 45 0.866435
907 483 46 55 0.824461
536 297 56 62 0.799484
582 511 20 22 0.76599
904 42 23 31 0.754854
950 562 36 47 0.664917
893 499 28 34 0.64267
352 682 25 30 0.629074
985 429 30 38 0.60708
955 378 26 31 0.598162
295 649 23 28 0.539679
753 357 21 28 0.528614
947 331 30 37 0.527243
711 509 23 25 0.522551
202 373 22 28 0.51514
314 137 133 177 0.473622
371 668 29 36 0.445386
134 268 21 26 0.41862
977 302 25 34 0.417432
519 419 24 28 0.392374
401 500 20 26 0.373935
426 399 20 26 0.350451
-2 536 24 30 0.349325
171 618 25 33 0.348855
268 713 43 59 0.340507
219 360 25 32 0.339443
298 415 17 21 0.329728
275 766 25 35 0.328988
124 514 24 30 0.327652
668 290 21 25 0.326733
574 398 18 25 0.326381
197 534 24 30 0.32616
819 100 22 26 0.325629
26 770 24 31 0.320604
723 142 19 22 0.318171
267 206 25 30 0.315089
193 435 23 28 0.313175
254 418 23 29 0.307406
606 410 20 25 0.304705
184 249 48 50 0.30422
48 678 35 41 0.290032
98 743 20 25 0.289039
504 393 22 26 0.278593
192 555 24 30 0.273505
955 609 25 32 0.271977
408 758 19 25 0.270547
148 690 18 22 0.270372
17 526 116 145 0.262487
318 751 21 27 0.262246
326 332 22 27 0.258971
27 303 66 75 0.258104
958 552 32 43 0.256139
111 333 20 26 0.247697
31 678 24 29 0.237968
146 261 22 28 0.232431
138 259 22 26 0.230665
62 755 29 40 0.228778
230 627 22 27 0.221222
75 724 23 31 0.212037
137 662 24 29 0.210467
202 764 23 28 0.205688
237 450 25 30 0.202335
513 644 23 27 0.201196
151 185 20 28 0.193419
297 781 23 31 0.1918
177 534 24 30 0.190545
305 601 20 26 0.190366
232 370 20 25 0.190154
51 445 26 35 0.185066
122 664 23 29 0.182854
375 566 22 27 0.181104
328 402 23 27 0.180005
159 760 35 41 0.178119
104 451 18 22 0.175027
381 626 34 41 0.174281
206 471 22 29 0.169876
998 386 21 28 0.168416
915 570 33 38 0.164916
362 722 16 19 0.164417
721 504 21 25 0.156872
552 479 17 20 0.152139
282 627 23 28 0.142403
528 466 16 23 0.142268
158 641 32 41 0.141738
252 557 23 29 0.138849
13 685 21 26 0.137558
630 462 23 29 0.137106
27 369 21 25 0.136794
941 381 28 36 0.135513
118 675 26 33 0.131767
333 520 22 27 0.130033
243 222 22 27 0.12874
364 590 24 29 0.127317
142 642 17 22 0.126494
400 598 23 28 0.126363
468 352 46 59 0.125552
547 420 18 21 0.125096
111 281 25 33 0.124736
573 451 26 30 0.122761
80 425 24 29 0.121884
186 296 27 33 0.115554
745 10 33 40 0.114285
950 9 21 25 0.113102
176 318 22 27 0.10731
97 295 19 26 0.104938
196 404 23 28 0.103291
403 457 22 29 0.102649
934 373 28 38 0.101734
366 384 18 22 0.101541
51 730 32 41 0.100586
