snow/snow_00411
55
631 405 33 45 0.999983
49 454 39 51 0.999912
692 225 28 34 0.937729
348 481 33 35 0.898264
382 539 34 44 0.848583
285 493 35 38 0.741228
318 491 29 38 0.62829
276 328 34 43 0.628053
440 357 32 35 0.546657
363 511 38 48 0.515678
296 476 29 34 0.481931
27 508 30 40 0.476169
311 611 22 26 0.46492
583 448 33 40 0.396166
257 591 18 22 0.362362
294 455 36 42 0.35449
197 283 23 35 0.344755
253 543 31 38 0.338053
621 479 25 32 0.33365
562 259 47 51 0.320322
925 492 60 80 0.320214
520 299 28 38 0.310501
250 613 37 44 0.308585
924 469 28 36 0.286635
242 602 22 30 0.274189
311 450 26 35 0.261616
273 513 32 38 0.257562
723 396 20 28 0.251919
622 397 30 40 0.24731
330 448 20 27 0.227789
245 567 30 38 0.227763
336 260 37 45 0.225341
242 585 21 29 0.208138
356 514 19 24 0.198911
336 442 30 40 0.188618
511 478 43 52 0.183603
372 521 33 48 0.183295
788 331 17 22 0.18302
510 463 41 49 0.182814
84 487 30 41 0.176426
27 595 21 28 0.172322
620 506 19 27 0.161816
541 452 19 22 0.161147
287 531 26 35 0.148144
732 229 20 24 0.145594
55 133 53 62 0.144305
320 527 45 67 0.14136
847 312 21 27 0.140562
924 362 23 29 0.132329
597 554 21 24 0.13169
339 460 39 48 0.127515
82 623 29 40 0.116991
870 371 39 51 0.11168
883 417 22 31 0.106774
281 548 38 47 0.106289
