snow/snow_00470
40
570 421 17 19 0.992835
720 435 15 19 0.991333
605 625 24 30 0.771242
244 549 20 26 0.663846
737 641 15 19 0.637425
720 531 25 32 0.617956
663 381 26 32 0.535161
585 580 16 22 0.483655
537 497 26 32 0.434519
444 504 43 49 0.421988
485 564 25 32 0.418736
876 461 27 34 0.409553
582 619 23 32 0.357238
484 452 27 36 0.338657
522 101 18 22 0.322636
596 538 24 29 0.26564
466 593 17 23 0.248807
459 497 35 41 0.238687
341 364 26 30 0.231544
558 337 29 37 0.22922
677 160 37 45 0.224078
59 356 20 25 0.215112
442 535 19 28 0.207339
450 539 17 22 0.206127
302 370 39 47 0.189189
485 641 15 18 0.181823
218 298 32 38 0.181421
692 191 20 24 0.179545
579 577 17 21 0.179332
760 268 21 25 0.162789
568 260 21 24 0.16236
130 520 26 29 0.160916
692 461 26 31 0.159013
27 635 28 35 0.150193
54 629 25 28 0.147017
665 444 21 32 0.125925
581 592 29 38 0.116292
32 597 30 33 0.113144
585 649 19 26 0.10508
596 553 25 31 0.103284
