snow/snow_00457
28
603 526 30 37 0.9099
303 388 30 34 0.633734
890 390 34 41 0.530479
442 441 30 36 0.504605
610 423 29 36 0.465248
610 448 25 29 0.429066
386 381 35 43 0.398667
604 367 20 29 0.301549
639 390 24 29 0.271735
164 527 24 30 0.254294
63 266 38 43 0.252598
295 414 42 51 0.243408
461 393 26 33 0.234834
323 447 58 71 0.231665
250 396 41 51 0.22363
264 510 39 49 0.206164
81 36 20 26 0.193735
881 194 30 40 0.156441
630 302 20 25 0.145135
306 456 50 58 0.1309
600 350 23 31 0.122988
216 348 29 34 0.122294
125 490 30 33 0.114984
189 469 49 59 0.114858
602 508 31 39 0.112042
745 14 69 94 0.109497
996 64 24 30 0.105397
389 444 26 31 0.10536
