snow/snow_00177
261
438 531 63 79 0.992893
54 992 21 24 0.911902
219 999 35 43 0.906473
935 567 25 31 0.906359
516 953 20 26 0.812803
840 515 29 35 0.793337
855 467 50 62 0.77018
648 1275 25 28 0.768125
776 925 32 44 0.765608
185 831 20 24 0.746961
124 797 26 30 0.71684
671 1207 38 48 0.698658
582 519 24 27 0.695156
538 1039 34 40 0.681623
480 1233 51 67 0.665275
562 934 33 43 0.664524
837 1224 25 29 0.652477
434 935 30 39 0.652122
83 651 22 27 0.635208
612 682 28 33 0.6315
749 1475 34 39 0.629211
224 911 28 33 0.625297
532 908 24 28 0.621407
101 1432 53 59 0.612066
285 572 23 28 0.609571
603 515 30 38 0.590485
718 1445 30 38 0.575732
327 717 29 35 0.571458
965 0 35 44 0.568468
561 1250 31 39 0.565322
718 930 22 29 0.55696
667 1220 41 46 0.555479
32 968 21 28 0.526223
954 641 26 31 0.516518
358 1396 23 25 0.514955
519 1395 26 29 0.51277
697 1152 22 28 0.506673
154 996 28 35 0.492789
679 592 38 47 0.489035
459 611 26 34 0.487255
93 820 48 54 0.481957
538 1245 22 27 0.463441
833 822 34 40 0.454307
44 992 23 27 0.441668
234 1469 26 30 0.435827
590 807 30 37 0.434165
180 1229 24 32 0.432972
135 1179 28 34 0.431841
622 1442 34 37 0.430978
824 770 44 48 0.422515
356 726 66 81 0.421423
899 613 21 25 0.415976
58 1026 34 36 0.411046
162 951 36 47 0.408772
113 895 32 38 0.408288
411 921 20 23 0.402016
490 1182 29 37 0.398723
64 601 19 23 0.398098
725 955 22 27 0.396423
659 1341 22 27 0.385015
778 593 38 50 0.379926
796 924 28 41 0.378227
91 570 24 30 0.377947
369 688 20 25 0.3735
699 623 20 25 0.373416
90 1080 38 46 0.365291
736 1134 45 59 0.363182
805 1108 33 37 0.362425
693 557 30 40 0.362221
303 1471 28 33 0.356824
122 745 22 28 0.356538
826 1381 22 26 0.356239
334 540 21 26 0.352891
198 591 31 44 0.351638
115 558 72 81 0.349737
804 1440 25 31 0.349392
8 594 36 41 0.349267
616 704 20 27 0.337776
356 719 17 22 0.337676
222 946 18 23 0.336825
97 1387 31 36 0.327346
644 928 20 25 0.327186
414 949 22 28 0.326309
806 1274 21 23 0.323869
191 1292 24 28 0.323507
765 1447 42 47 0.318481
404 615 23 28 0.318446
95 1064 35 42 0.316544
188 699 21 27 0.314921
839 847 30 36 0.30945
80 1090 31 36 0.308095
453 873 25 31 0.307866
209 1265 22 27 0.30323
36 994 24 27 0.301354
523 1191 33 41 0.297336
101 1042 27 31 0.295576
417 665 27 36 0.294083
836 863 22 27 0.293649
462 1119 34 45 0.293136
361 659 17 21 0.293035
923 22 44 53 0.291437
747 1468 20 24 0.289945
404 726 34 47 0.288916
975 561 24 36 0.288871
979 1333 24 29 0.284649
655 1019 29 36 0.284573
89 799 27 33 0.282601
547 910 22 29 0.281249
807 699 27 31 0.280933
735 1031 47 61 0.280318
918 619 29 37 0.27443
158 856 24 28 0.273441
195 1365 23 26 0.273188
734 1109 28 38 0.262386
750 771 26 30 0.260779
668 664 23 29 0.25999
716 624 26 34 0.256393
430 502 30 36 0.255975
489 608 23 26 0.251401
741 1179 35 44 0.249065
745 644 21 27 0.248372
478 1437 35 40 0.247774
911 110 53 65 0.24694
994 522 21 25 0.241996
601 903 23 27 0.240946
437 785 21 26 0.240914
752 497 30 32 0.239942
591 703 30 37 0.236021
678 1193 34 38 0.234378
745 470 30 34 0.232556
178 890 36 45 0.231456
408 885 21 26 0.2298
814 1332 23 25 0.22856
175 1023 24 28 0.227415
832 636 51 65 0.222911
110 502 26 31 0.221708
581 802 29 37 0.214898
464 1103 29 34 0.21479
475 634 23 29 0.212915
376 890 25 30 0.210225
458 700 30 35 0.210094
398 707 25 31 0.207206
928 1418 26 30 0.205952
960 701 48 57 0.202928
229 980 34 43 0.202787
760 644 27 33 0.202768
737 813 21 23 0.202101
364 684 17 24 0.20048
313 603 20 25 0.199412
812 929 29 40 0.197495
596 583 18 24 0.196865
814 810 21 24 0.196336
783 696 23 29 0.194767
772 809 23 30 0.19327
67 700 24 29 0.191951
446 941 29 37 0.191656
445 697 22 28 0.191245
200 1192 28 37 0.191005
583 565 21 26 0.189855
280 596 21 25 0.189305
189 1058 20 25 0.187524
109 1336 43 48 0.18587
92 1182 23 29 0.184637
473 691 28 34 0.181267
153 1094 30 35 0.179451
546 887 20 23 0.178857
904 721 27 34 0.177244
565 1405 29 33 0.177055
652 969 30 39 0.176409
56 834 31 41 0.176247
779 779 21 27 0.174954
162 569 37 43 0.173191
946 1458 23 28 0.172718
425 668 27 34 0.172509
987 529 21 27 0.171894
676 860 43 54 0.171142
116 794 26 30 0.169486
658 922 17 21 0.168533
552 797 27 31 0.166606
547 1151 24 30 0.163989
849 605 34 40 0.161755
651 826 22 28 0.159821
821 723 27 29 0.159114
884 763 26 35 0.159008
918 651 28 33 0.156179
195 1020 38 47 0.155157
34 1212 25 29 0.154861
641 889 20 25 0.151883
813 725 27 32 0.150853
221 716 26 32 0.150228
546 1230 41 49 0.150156
144 674 20 28 0.149395
457 760 21 26 0.148668
91 1239 60 74 0.147704
863 789 47 61 0.14534
616 636 25 30 0.144667
742 1061 41 54 0.144309
74 854 26 32 0.143607
667 559 25 33 0.142443
664 826 25 30 0.141417
906 707 27 34 0.138969
279 554 20 25 0.138606
346 760 18 23 0.138492
470 506 27 34 0.137852
549 1093 26 34 0.137782
805 737 34 40 0.137269
800 825 23 28 0.137232
513 761 27 32 0.136896
990 611 19 24 0.136831
299 1425 29 32 0.135614
166 1175 41 49 0.135016
299 609 24 28 0.128142
93 510 22 26 0.127964
912 682 19 23 0.12718
368 669 19 24 0.125778
584 849 34 44 0.124986
211 964 22 24 0.124835
967 607 30 38 0.124522
566 671 33 40 0.124504
139 911 29 38 0.124474
774 745 31 37 0.122916
494 596 21 26 0.122895
116 968 21 25 0.122656
372 1478 28 33 0.121579
38 903 26 31 0.120902
899 519 19 24 0.120585
645 622 18 23 0.119546
632 797 21 27 0.119377
132 1136 29 35 0.117617
711 823 34 43 0.116489
629 707 36 44 0.116283
606 786 38 48 0.116081
538 1261 26 32 0.115871
505 918 23 30 0.115369
38 954 31 40 0.114465
108 1183 36 41 0.114205
774 732 29 38 0.113896
452 1250 28 32 0.112386
517 1045 41 49 0.112226
499 982 22 30 0.111093
509 1083 24 32 0.110645
621 841 19 24 0.110091
817 509 23 29 0.109953
452 504 21 28 0.109875
272 1459 24 28 0.109711
379 618 23 28 0.109032
805 784 25 28 0.109024
518 562 18 23 0.108767
374 602 21 25 0.108302
109 1032 24 30 0.108105
505 728 18 23 0.1078
498 966 22 28 0.107488
892 776 26 37 0.107484
436 985 23 28 0.107281
922 536 23 29 0.107114
783 902 19 23 0.103956
544 1122 36 45 0.103875
51 949 27 33 0.102169
758 1105 29 39 0.101586
539 1014 35 46 0.100678
718 770 26 33 0.100629
