snow/snow_00489
25
806 276 75 84 0.493513
8 360 24 29 0.486757
701 290 32 37 0.446221
490 518 24 28 0.395349
304 199 28 35 0.360179
591 313 25 28 0.349043
473 420 19 23 0.341696
892 272 23 26 0.325105
303 547 23 27 0.266564
879 353 16 21 0.261295
388 382 26 37 0.236844
751 264 37 41 0.225939
953 274 21 27 0.209089
402 188 20 25 0.20876
900 272 23 26 0.203081
493 373 22 26 0.193992
372 254 30 32 0.189222
487 455 20 29 0.171901
379 299 17 22 0.168563
483 407 26 33 0.165111
252 377 25 29 0.160526
498 167 17 23 0.142873
71 374 22 27 0.126263
607 138 20 23 0.113453
146 368 35 41 0.104428
