snow/snow_00185
143
512 134 21 27 0.90719
687 532 30 32 0.886714
625 298 22 30 0.865232
327 252 84 96 0.86218
447 33 35 42 0.821268
982 428 31 38 0.80284
910 380 51 60 0.766835
263 523 71 85 0.7479
445 481 23 28 0.68328
969 283 42 49 0.682174
494 278 32 40 0.663626
616 368 31 32 0.651707
987 339 27 37 0.633031
425 353 17 23 0.629946
451 292 45 52 0.610829
939 528 37 46 0.610284
417 168 23 25 0.584057
937 448 31 39 0.582369
573 309 36 44 0.572316
271 362 25 27 0.564421
39 65 23 27 0.557523
155 304 36 43 0.555215
44 193 27 35 0.551617
285 347 142 169 0.547508
659 486 39 43 0.520349
545 32 20 27 0.479232
407 319 19 22 0.466473
164 145 42 54 0.462566
612 174 60 72 0.457963
271 567 50 68 0.456918
466 588 28 34 0.452566
386 567 18 24 0.424296
489 383 20 25 0.405847
864 394 50 70 0.395343
792 23 23 34 0.39096
940 142 67 85 0.387363
134 337 25 29 0.382174
277 391 21 26 0.369409
958 631 36 44 0.367618
490 300 21 26 0.366791
512 35 16 21 0.363126
928 569 27 33 0.360236
329 34 16 23 0.35566
229 577 21 29 0.354977
941 494 35 43 0.35151
332 336 24 26 0.349387
567 359 33 36 0.34799
643 258 25 38 0.346067
905 358 40 55 0.344191
447 586 24 30 0.335578
602 320 31 38 0.334515
161 356 24 31 0.32994
913 275 71 89 0.328967
977 365 29 38 0.321637
204 610 24 30 0.317342
453 590 30 38 0.314069
931 409 33 40 0.3058
473 473 15 23 0.304627
473 279 23 27 0.303927
451 651 23 28 0.301017
404 64 25 28 0.300601
786 598 30 41 0.295023
345 49 20 27 0.286014
443 626 21 27 0.282299
82 303 33 42 0.277147
911 338 32 46 0.275706
14 192 30 40 0.273248
591 100 36 42 0.272977
622 80 34 47 0.272806
555 131 22 32 0.271675
597 129 33 40 0.268602
964 21 30 38 0.26706
502 352 27 33 0.264033
16 125 43 54 0.263424
94 456 20 24 0.263156
403 20 16 23 0.260133
536 358 24 25 0.258009
515 292 23 31 0.251193
553 145 41 49 0.247236
440 299 24 29 0.245089
685 462 29 37 0.241926
86 96 87 114 0.237325
33 189 30 38 0.231078
507 607 15 21 0.228012
639 270 24 34 0.225309
627 531 29 38 0.224879
438 580 25 30 0.217675
199 183 62 75 0.215468
39 93 22 29 0.208627
603 335 39 46 0.202206
487 528 20 25 0.200651
542 170 60 68 0.199597
483 302 21 26 0.197784
272 610 27 39 0.196159
200 499 36 41 0.195534
98 231 21 23 0.186057
548 38 23 28 0.186027
389 328 25 29 0.182377
150 210 18 22 0.17739
761 481 36 53 0.173914
418 583 37 44 0.168208
256 269 16 21 0.167443
525 314 33 42 0.166845
2 -4 33 41 0.166381
286 145 25 27 0.163906
707 181 39 48 0.163375
16 64 25 30 0.161091
984 402 33 44 0.159864
483 555 28 34 0.159263
140 63 24 29 0.1591
467 354 19 23 0.156967
268 305 36 44 0.155198
432 517 22 25 0.153028
622 133 30 40 0.152891
672 233 60 83 0.151696
599 285 35 42 0.14981
20 160 30 38 0.147674
926 256 39 55 0.147414
159 337 22 30 0.142134
111 253 45 57 0.140792
598 92 25 26 0.139838
557 274 38 50 0.137277
956 379 26 34 0.135495
61 454 26 30 0.133182
671 169 38 42 0.128078
381 178 86 95 0.126843
122 16 23 26 0.126125
295 47 63 80 0.125577
490 323 25 30 0.123376
514 317 22 31 0.121794
473 548 21 25 0.121629
290 176 16 18 0.120689
425 434 16 23 0.120638
405 523 26 31 0.119559
598 241 26 39 0.118701
443 547 25 31 0.118038
502 261 41 51 0.112393
180 344 42 51 0.109792
647 182 35 49 0.109279
533 383 17 21 0.107879
940 197 56 70 0.107187
473 378 20 24 0.106536
421 627 24 32 0.103784
