snow/snow_00455
62
530 318 60 65 0.996619
503 505 25 29 0.803707
251 318 32 37 0.77506
397 472 31 39 0.605484
310 351 33 39 0.603225
249 350 25 27 0.523163
377 328 37 49 0.48726
639 402 32 40 0.468325
379 190 33 42 0.462307
427 344 23 33 0.40669
429 324 23 30 0.385937
377 420 27 38 0.385394
346 345 19 23 0.357589
382 233 34 45 0.351475
413 507 30 39 0.342362
400 288 21 29 0.320511
222 288 15 19 0.311892
316 485 20 25 0.304705
424 233 26 30 0.290758
698 463 54 61 0.285276
789 457 24 28 0.274777
432 407 73 85 0.260627
656 313 17 19 0.245487
363 400 27 33 0.243127
350 445 25 33 0.241091
330 299 25 30 0.231302
600 397 19 24 0.230729
284 245 46 54 0.217431
288 403 14 16 0.216493
302 307 23 31 0.198088
393 422 28 37 0.195102
594 329 21 25 0.193118
318 282 28 32 0.191318
22 291 25 30 0.189981
577 332 28 39 0.188236
432 109 30 34 0.180498
556 549 24 28 0.178347
797 458 24 25 0.165958
198 270 20 26 0.161452
647 357 38 47 0.159948
454 515 24 29 0.158394
424 410 20 22 0.149849
829 425 22 25 0.149565
370 188 25 30 0.147688
670 328 26 31 0.142804
407 336 21 30 0.140224
378 528 21 25 0.13911
367 247 40 48 0.134242
665 548 28 33 0.130385
519 449 20 24 0.129031
590 500 52 63 0.128375
552 400 23 32 0.128091
402 84 48 58 0.127771
394 463 27 30 0.115156
639 438 22 27 0.114398
226 452 28 33 0.114056
665 523 20 26 0.114025
471 295 58 69 0.112692
407 440 18 25 0.10906
635 421 26 31 0.108782
373 366 25 28 0.107561
347 506 27 32 0.101665
