snow/snow_00435
97
208 303 17 22 0.999532
161 367 21 22 0.999139
176 298 16 17 0.989808
319 154 22 27 0.812727
260 336 17 22 0.794631
797 129 19 23 0.763495
410 152 20 25 0.731354
905 74 21 25 0.70349
344 104 24 28 0.703197
235 327 19 21 0.661164
167 67 22 27 0.538439
604 102 20 23 0.523611
154 444 24 30 0.514731
684 187 19 22 0.492764
434 1 24 30 0.48593
610 14 25 28 0.480952
892 184 18 24 0.476401
153 468 20 23 0.463217
137 412 18 19 0.443628
787 95 15 19 0.434019
453 222 19 24 0.42663
839 30 15 18 0.420752
665 92 18 21 0.407407
383 148 21 26 0.35079
288 258 21 28 0.346404
711 105 18 24 0.331158
76 95 29 34 0.325019
839 93 20 24 0.295639
157 153 42 49 0.287762
972 137 20 25 0.26236
190 434 30 33 0.261485
723 7 23 25 0.252977
215 385 18 26 0.25082
271 394 19 24 0.242213
260 149 17 20 0.241514
694 25 28 30 0.234656
693 131 24 27 0.231877
725 53 18 22 0.229539
941 276 17 19 0.219887
86 130 25 29 0.219822
689 121 18 21 0.218816
192 376 16 22 0.218083
915 155 20 23 0.216786
617 69 24 29 0.214361
189 97 33 37 0.207401
652 7 24 30 0.205761
700 187 17 22 0.204975
31 70 26 31 0.20207
308 107 23 30 0.19569
352 212 22 25 0.182275
794 14 22 26 0.179878
384 50 48 55 0.175472
783 41 18 19 0.174535
481 46 16 20 0.173541
416 96 19 23 0.172351
649 22 22 26 0.171115
507 42 22 29 0.166047
788 203 19 23 0.165896
880 106 15 18 0.164596
325 193 19 24 0.163614
220 232 27 34 0.15921
561 10 23 27 0.159109
458 14 20 26 0.158292
269 143 23 26 0.152498
489 1 21 27 0.151447
862 99 20 22 0.14949
475 88 19 24 0.148878
580 18 28 35 0.146172
345 253 20 26 0.143238
154 31 26 30 0.141561
26 253 29 35 0.140328
478 110 23 30 0.13846
783 176 20 29 0.134691
756 16 27 34 0.132601
737 89 19 23 0.131962
371 226 27 31 0.130655
923 3 20 24 0.13065
930 240 22 27 0.129352
911 270 21 28 0.126977
593 109 25 30 0.124728
932 82 30 35 0.123273
94 235 24 28 0.122746
946 5 52 64 0.117
404 18 22 28 0.115371
723 24 20 21 0.114136
287 350 29 38 0.112794
794 92 28 33 0.109519
352 65 51 56 0.108322
573 76 18 23 0.107696
311 162 26 32 0.106172
641 198 19 23 0.105671
699 156 19 23 0.105638
816 62 19 23 0.103446
133 265 20 27 0.102645
786 69 17 22 0.102004
419 198 18 24 0.101409
644 110 21 27 0.101297
