snow/snow_00431
120
849 411 12 16 0.902227
242 214 20 27 0.764606
851 419 28 37 0.757269
900 136 21 25 0.728065
183 49 42 47 0.651855
205 377 25 25 0.589052
696 557 18 24 0.572729
881 376 69 82 0.5717
435 116 16 18 0.529982
545 384 31 36 0.507166
189 289 29 31 0.505678
972 300 18 23 0.462527
689 290 30 36 0.458941
321 13 28 36 0.454917
763 212 18 22 0.449896
463 294 18 23 0.447188
853 381 21 27 0.432221
703 502 32 41 0.430042
35 179 26 36 0.428076
115 337 21 25 0.422894
435 272 19 27 0.413929
626 587 19 23 0.413656
358 581 21 26 0.407065
172 148 19 23 0.406379
538 536 20 26 0.404138
181 396 21 25 0.398496
731 25 27 33 0.380153
188 386 65 75 0.380113
741 528 19 26 0.376656
329 86 35 50 0.367639
60 47 18 20 0.341664
789 6 23 28 0.335761
892 321 25 29 0.321733
48 47 16 18 0.320813
705 476 21 28 0.31578
294 62 21 25 0.294284
667 319 20 24 0.285224
381 297 25 29 0.284438
96 223 23 31 0.282431
762 165 25 29 0.267363
148 297 26 26 0.267106
268 342 18 23 0.26315
748 357 33 47 0.259586
584 369 86 115 0.255406
275 585 24 30 0.252302
35 574 23 27 0.249376
492 312 21 28 0.242055
567 479 16 21 0.241177
385 273 14 18 0.238863
690 387 33 41 0.236007
302 58 20 25 0.234857
208 49 38 44 0.23185
966 311 23 29 0.230454
625 325 25 30 0.228539
209 289 22 24 0.218397
178 295 25 26 0.217085
102 537 25 27 0.216085
44 248 19 24 0.21391
685 351 20 27 0.209891
144 574 21 23 0.209871
751 523 30 34 0.204222
312 47 28 31 0.203505
560 118 22 28 0.200523
327 131 22 28 0.193969
155 294 26 27 0.1936
223 7 14 19 0.189161
720 280 22 27 0.189145
748 227 69 83 0.187318
397 50 35 46 0.18031
614 198 21 25 0.17396
665 149 36 42 0.171913
685 361 31 36 0.171236
408 169 18 29 0.170914
944 424 33 41 0.169453
170 325 22 27 0.164858
564 439 23 32 0.164399
263 375 25 29 0.163517
243 103 21 30 0.161346
189 531 26 30 0.157687
119 299 23 24 0.156919
949 482 42 52 0.154498
655 493 18 27 0.15266
870 529 18 22 0.150302
917 2 20 27 0.148964
322 53 26 29 0.148122
946 453 23 28 0.14496
445 77 19 27 0.144139
15 471 16 21 0.143572
684 307 29 38 0.142872
571 493 34 48 0.139265
173 430 20 29 0.139113
238 387 29 40 0.136277
981 222 30 35 0.134223
281 118 23 30 0.134034
722 558 22 27 0.132492
238 63 36 40 0.132395
26 56 23 33 0.132101
269 334 21 23 0.130795
407 330 29 34 0.13062
275 107 23 29 0.129737
125 250 14 19 0.129231
734 531 20 25 0.129217
220 257 21 30 0.123189
248 581 22 25 0.123067
249 390 32 38 0.121568
776 584 25 31 0.118139
713 333 23 30 0.117983
345 580 21 25 0.11542
14 304 23 25 0.113066
848 293 16 20 0.112907
89 58 22 34 0.109367
825 281 28 35 0.108987
655 399 23 30 0.108892
567 195 23 26 0.10652
438 135 15 22 0.105462
9 571 30 37 0.105142
33 159 21 29 0.104891
293 527 22 25 0.104476
25 304 23 24 0.103908
43 102 15 20 0.100479
