snow/snow_00178
49
491 224 71 97 0.971409
583 193 35 44 0.826228
504 294 37 40 0.753235
437 43 28 34 0.673661
501 187 23 26 0.575176
756 538 46 58 0.54026
434 172 21 26 0.519191
379 163 24 29 0.41303
325 30 49 56 0.338356
441 207 23 28 0.313299
599 233 47 60 0.309328
580 145 60 73 0.296284
131 472 38 45 0.275679
440 118 24 29 0.262817
449 179 21 26 0.254483
410 236 31 39 0.241874
267 548 27 34 0.239477
264 503 29 35 0.235051
367 281 23 31 0.223589
371 60 30 35 0.212756
157 395 28 35 0.209377
671 360 28 35 0.194937
368 393 23 29 0.183342
857 555 25 32 0.180123
319 133 33 39 0.172327
339 462 27 33 0.169394
478 387 50 66 0.167877
889 313 35 45 0.164849
361 474 42 53 0.164385
524 167 21 26 0.162444
806 499 25 31 0.162028
284 30 29 36 0.154164
448 512 24 30 0.144509
625 382 29 34 0.142748
132 333 40 46 0.135751
183 268 26 32 0.13043
636 208 39 49 0.127103
523 461 26 32 0.1257
283 201 32 42 0.124906
112 437 25 32 0.123229
723 381 22 28 0.120125
124 378 47 57 0.11761
693 186 40 49 0.115309
518 485 28 34 0.114124
449 230 30 39 0.113911
438 271 18 25 0.11075
403 122 34 41 0.107666
395 464 27 34 0.105682
411 192 37 51 0.103845
