snow/snow_00423
88
549 154 111 129 0.999953
755 1031 80 101 0.717896
206 901 53 68 0.684899
833 1252 23 29 0.677935
307 374 30 39 0.65729
459 232 28 31 0.643472
843 924 23 25 0.601537
809 1057 64 75 0.575064
483 194 44 45 0.574466
251 544 20 24 0.53575
752 356 34 37 0.531461
147 447 18 21 0.528567
516 895 30 39 0.523755
828 972 18 21 0.520938
239 454 56 65 0.500424
198 998 21 24 0.454811
205 346 45 50 0.421056
863 272 31 33 0.41685
790 978 17 19 0.415491
925 136 47 56 0.389681
168 888 25 32 0.386994
324 347 19 23 0.382144
320 910 18 26 0.369803
809 804 18 24 0.367002
252 442 24 28 0.361904
596 62 24 28 0.340101
143 512 26 32 0.319572
205 456 64 72 0.309974
565 261 58 65 0.290275
724 122 26 29 0.266853
755 817 54 62 0.241697
767 97 46 53 0.239681
943 650 24 30 0.227237
867 930 18 23 0.222316
828 813 58 67 0.221924
194 721 60 67 0.219317
171 453 47 56 0.218357
512 123 21 27 0.217726
268 48 40 47 0.213609
818 457 64 72 0.209635
602 79 23 25 0.20319
911 619 22 26 0.202232
292 849 30 37 0.194705
790 756 43 52 0.192812
781 964 17 21 0.189362
834 40 30 33 0.18773
268 349 20 24 0.184022
762 757 32 37 0.182668
864 1332 24 28 0.178195
750 852 63 70 0.178165
862 925 19 21 0.175583
416 209 26 31 0.171044
943 746 26 30 0.165452
119 55 29 31 0.164868
791 547 32 40 0.160721
634 1294 23 26 0.160186
863 252 28 31 0.159776
534 247 26 34 0.157456
570 998 26 33 0.156727
437 226 37 39 0.155795
211 1087 20 22 0.155534
21 10 36 43 0.153496
991 576 30 39 0.150321
914 806 30 36 0.150305
366 900 20 26 0.149851
886 143 71 80 0.149062
3 90 28 33 0.142455
238 520 20 24 0.136752
207 991 74 80 0.133801
739 323 32 35 0.130425
948 416 28 32 0.130345
22 455 44 48 0.130272
155 483 16 20 0.130076
533 15 32 36 0.129603
856 591 22 29 0.126491
856 710 24 29 0.125345
248 889 25 32 0.122413
75 455 18 21 0.121579
151 440 21 20 0.117482
454 98 31 39 0.117079
51 3 31 38 0.114522
992 482 26 33 0.11262
994 888 22 25 0.111624
831 1052 12 14 0.108517
482 134 22 24 0.105993
921 504 33 40 0.105384
87 474 30 36 0.102808
186 420 21 24 0.1027
