snow/snow_00498
22
496 385 64 85 0.999896
431 423 38 57 0.955469
427 381 64 81 0.789302
592 524 22 28 0.41625
555 408 22 30 0.395999
400 410 26 34 0.379936
370 882 20 25 0.373792
152 168 22 27 0.366605
569 707 28 34 0.280313
647 510 41 56 0.262835
516 720 137 166 0.207109
410 783 21 28 0.202102
635 694 21 27 0.181937
613 664 18 23 0.170331
369 499 38 50 0.15806
618 588 55 68 0.149651
548 614 25 29 0.126124
577 434 22 29 0.123901
448 471 22 28 0.119872
27 134 48 57 0.115618
648 493 39 50 0.111425
436 996 32 41 0.104535
