snow/snow_00491
87
392 137 93 114 0.999998
908 235 34 36 0.884632
865 143 42 50 0.848151
629 268 23 32 0.841347
348 91 38 46 0.809698
547 98 42 52 0.792107
143 93 37 43 0.791911
933 246 27 30 0.69649
515 113 28 32 0.682814
977 154 42 47 0.663339
470 51 45 54 0.655891
868 186 25 29 0.652836
986 36 25 28 0.633011
643 167 35 41 0.624145
158 145 83 107 0.578328
174 51 23 28 0.53593
493 623 36 42 0.508864
434 6 39 44 0.489405
671 45 33 39 0.486973
924 24 25 30 0.475156
756 190 26 31 0.468536
20 31 24 31 0.467259
648 278 30 35 0.465339
883 46 59 65 0.460093
244 114 27 31 0.44871
256 166 21 24 0.444226
715 172 31 35 0.443422
186 55 22 26 0.431792
793 161 41 44 0.408859
103 118 40 44 0.392625
704 149 25 28 0.384456
605 137 38 48 0.383718
955 252 23 25 0.380724
946 165 26 26 0.371811
532 138 27 31 0.370702
175 256 18 22 0.369113
697 104 26 31 0.368678
204 31 38 45 0.363828
936 262 33 37 0.356549
253 133 27 32 0.352787
459 248 32 37 0.352365
683 206 32 35 0.347544
851 220 29 31 0.340885
194 51 28 35 0.326192
920 183 37 41 0.305261
343 -4 34 33 0.300627
495 122 19 27 0.255251
386 62 27 32 0.25404
686 379 78 92 0.247646
832 68 28 31 0.242555
968 77 29 32 0.236907
837 155 22 22 0.23393
96 51 34 39 0.229406
721 182 34 35 0.228961
345 9 27 30 0.226007
777 66 21 25 0.225402
760 53 25 30 0.225174
709 202 57 59 0.220829
457 70 29 33 0.203566
781 252 26 29 0.192086
895 178 34 37 0.186368
473 23 31 41 0.180172
172 1 35 42 0.172226
700 57 24 30 0.170658
620 32 22 27 0.168608
894 137 30 33 0.166567
521 23 25 28 0.16468
759 167 26 28 0.164661
824 570 24 29 0.158835
566 29 26 31 0.156641
635 82 25 32 0.154066
886 133 21 25 0.140226
685 151 31 33 0.136613
598 278 17 20 0.129362
599 84 24 29 0.129028
712 40 29 35 0.122186
917 268 27 29 0.121384
598 19 34 42 0.120561
293 185 24 28 0.119021
879 273 30 34 0.118712
628 245 20 28 0.11781
841 109 33 36 0.115902
808 263 36 41 0.114984
645 43 24 30 0.108466
142 253 27 32 0.106713
361 166 30 42 0.106239
281 159 25 32 0.102117
