snow/snow_00454
40
355 143 23 29 0.966123
479 33 34 45 0.748306
582 208 18 22 0.599177
453 -4 48 61 0.594206
506 71 24 29 0.50468
924 133 25 31 0.412141
62 83 22 29 0.347881
927 274 25 32 0.340776
791 399 30 38 0.340605
439 43 38 52 0.337772
561 9 23 28 0.32551
89 25 25 30 0.303016
331 160 71 96 0.28356
680 152 30 36 0.271275
635 70 22 28 0.232794
970 184 31 39 0.225086
155 38 24 28 0.218634
636 121 27 34 0.201604
568 156 39 46 0.196259
213 142 20 26 0.193561
277 148 24 31 0.182634
741 278 20 26 0.177815
167 0 26 31 0.177359
462 193 19 24 0.17717
769 210 18 25 0.165977
250 153 26 30 0.162456
914 208 22 26 0.160207
780 362 26 35 0.15691
1 101 25 30 0.153985
633 193 25 30 0.146279
501 161 23 31 0.137119
763 157 19 24 0.136907
31 57 36 46 0.135389
256 130 24 31 0.134768
765 47 23 27 0.130915
231 17 31 37 0.127067
366 38 35 45 0.11169
187 46 41 47 0.111354
154 81 24 31 0.105261
20 43 35 42 0.104876
