snow/snow_00468
21
416 121 186 224 0.999999
400 440 155 166 0.903548
436 378 109 160 0.786545
701 335 62 72 0.733263
735 486 46 63 0.618799
607 126 47 62 0.537808
670 343 55 69 0.523973
391 319 83 107 0.406956
529 350 106 124 0.368966
467 439 157 155 0.367419
621 318 54 62 0.360937
635 234 56 74 0.192653
422 284 119 149 0.177902
637 533 93 120 0.159444
735 424 37 50 0.152245
284 368 27 37 0.142339
514 538 105 116 0.12944
574 345 95 127 0.128951
386 229 30 43 0.119737
336 515 27 37 0.119707
394 295 43 49 0.112866
