snow/snow_00186
76
453 1298 29 34 0.839024
231 359 25 33 0.685948
707 839 21 26 0.614096
189 1128 33 41 0.556643
59 713 54 68 0.551205
936 98 41 49 0.46453
862 62 73 97 0.462266
143 118 42 46 0.459126
817 82 30 35 0.454505
134 76 38 46 0.446556
361 402 25 30 0.430998
623 978 22 28 0.4001
472 686 34 41 0.396889
37 757 46 55 0.367964
806 714 39 49 0.353126
324 439 39 43 0.345803
373 845 263 327 0.334358
803 816 24 30 0.332723
130 10 24 30 0.328637
267 885 229 316 0.305061
369 711 24 28 0.296126
253 1383 22 28 0.283967
483 1296 38 44 0.273179
88 1330 31 36 0.272657
653 1050 24 32 0.269626
838 919 36 47 0.267701
844 788 27 33 0.261836
428 622 22 27 0.257438
614 831 74 86 0.253433
421 756 75 99 0.251677
872 626 23 32 0.251241
388 275 23 30 0.239705
85 1275 25 31 0.233665
345 658 23 30 0.221998
227 117 25 31 0.221088
121 1280 24 29 0.219728
661 836 40 47 0.215466
26 104 51 64 0.214657
973 902 23 29 0.203106
946 228 74 95 0.200444
236 802 23 29 0.199057
55 931 24 28 0.198889
991 1006 28 37 0.187191
212 433 23 28 0.18429
781 1187 51 61 0.18228
967 1014 38 51 0.180613
657 249 135 153 0.179341
277 89 40 54 0.172172
768 763 25 32 0.171132
836 987 24 31 0.170494
870 546 23 32 0.168712
138 705 25 31 0.162176
938 1351 20 26 0.156787
217 51 42 53 0.156001
745 795 20 23 0.152536
189 1062 24 30 0.149119
875 829 22 28 0.148258
155 313 25 29 0.142321
253 1022 26 34 0.139834
372 565 25 31 0.136345
732 828 21 29 0.130226
735 203 45 51 0.129844
666 1270 27 33 0.123564
866 370 22 29 0.12078
377 119 24 30 0.11869
64 945 26 32 0.117754
223 1250 51 63 0.114176
811 695 50 57 0.113336
873 888 26 35 0.112822
203 726 25 31 0.109899
217 1093 27 34 0.108681
297 614 31 37 0.106724
656 1424 26 30 0.104009
513 615 27 35 0.102701
47 1125 24 29 0.10202
917 752 30 39 0.101931
