snow/snow_00453
78
505 328 17 22 0.805597
539 528 18 22 0.797018
151 654 23 24 0.779089
643 608 16 20 0.742669
971 -5 33 39 0.730414
110 721 23 28 0.642428
19 725 22 27 0.534033
168 725 23 26 0.515058
522 449 24 30 0.509792
672 434 20 23 0.500148
200 99 21 27 0.475837
120 702 28 34 0.463686
809 560 19 21 0.45135
658 729 22 26 0.440164
509 336 18 22 0.408526
416 666 26 29 0.396619
20 634 23 28 0.379147
767 477 26 31 0.36445
942 49 19 20 0.35131
162 440 17 22 0.331691
556 519 16 20 0.321305
27 584 32 40 0.315332
130 11 18 23 0.292342
59 535 21 24 0.274271
933 104 23 28 0.269608
43 612 23 29 0.268457
703 294 21 25 0.267902
139 677 17 19 0.266526
982 661 33 39 0.24802
419 102 26 33 0.238484
17 554 15 20 0.234942
182 604 21 25 0.229499
735 111 18 21 0.222139
872 554 29 38 0.214964
553 640 19 22 0.205711
395 479 20 25 0.191907
668 99 34 37 0.187785
531 496 17 21 0.180849
376 262 19 25 0.169042
793 32 18 24 0.164532
775 478 26 31 0.163126
245 732 18 24 0.163109
174 739 23 26 0.161585
170 274 17 22 0.161147
208 228 34 42 0.15982
456 537 22 29 0.159011
291 614 28 33 0.155572
707 27 13 18 0.153771
652 5 23 31 0.151677
406 705 21 27 0.151404
534 715 22 28 0.141146
747 62 32 40 0.138659
349 468 14 18 0.137686
396 7 25 31 0.130628
749 369 18 21 0.127022
417 628 22 25 0.126846
97 529 18 24 0.12591
919 49 29 32 0.123825
264 590 26 32 0.122351
242 627 21 28 0.122256
406 661 17 20 0.121546
347 633 19 23 0.118076
55 436 21 29 0.117042
360 67 19 26 0.116985
611 140 27 32 0.115776
147 183 18 23 0.115006
853 532 26 34 0.114863
32 572 24 32 0.113964
386 30 13 17 0.113831
364 672 16 20 0.11324
821 27 20 24 0.111393
173 160 15 19 0.109754
583 372 16 21 0.109737
798 444 25 32 0.107332
184 257 22 27 0.104334
0 -2 26 30 0.104037
570 353 14 19 0.103475
530 274 15 18 0.102005
