snow/snow_00175
177
411 543 179 228 0.999976
705 574 78 93 0.880343
849 796 87 102 0.784493
195 239 58 70 0.777032
792 135 60 71 0.776848
786 529 90 112 0.755397
276 416 39 51 0.753021
558 66 40 52 0.750141
985 169 29 34 0.748049
451 306 64 77 0.744549
823 893 74 96 0.724262
19 1040 36 44 0.712949
403 355 53 64 0.701832
706 325 40 48 0.689494
713 1004 27 32 0.684617
639 729 89 121 0.661201
839 728 65 77 0.650499
76 1261 29 42 0.649844
421 1107 22 29 0.618958
210 618 32 41 0.606795
34 942 33 40 0.606334
757 1012 25 30 0.58418
394 210 64 86 0.578878
389 549 28 39 0.575985
570 804 22 32 0.565308
418 1286 26 36 0.558268
45 804 37 40 0.547442
555 1234 23 33 0.531981
7 408 61 73 0.51561
663 650 57 70 0.506432
664 0 62 78 0.495779
156 108 33 40 0.494181
988 301 28 33 0.490274
179 180 28 35 0.470675
551 1203 25 33 0.467106
473 737 93 111 0.451272
556 1247 24 35 0.444572
834 399 31 35 0.442989
851 317 27 33 0.442
844 102 29 32 0.423622
521 344 78 88 0.42081
145 652 71 91 0.417307
400 37 41 50 0.416133
14 204 68 85 0.408355
728 190 55 68 0.40218
917 103 74 87 0.401732
382 439 66 78 0.399934
753 714 46 61 0.393852
542 432 44 54 0.385297
533 113 29 34 0.3842
751 445 77 87 0.376539
599 469 80 101 0.370089
787 258 61 76 0.369753
420 1170 18 29 0.367406
150 214 34 38 0.36138
935 769 83 102 0.356686
700 257 69 86 0.356316
22 1137 63 84 0.346263
958 837 50 55 0.34581
648 79 36 41 0.345424
591 135 30 34 0.345089
429 1003 41 46 0.342235
450 776 31 36 0.339873
750 332 49 61 0.337775
454 502 30 37 0.332135
18 168 26 32 0.328184
300 1047 29 35 0.324676
798 211 37 44 0.322256
380 21 28 36 0.321965
700 547 42 53 0.319408
402 942 61 73 0.318819
950 602 54 67 0.316716
124 91 28 33 0.315411
412 1028 24 32 0.31378
789 21 29 36 0.307874
139 39 30 35 0.307652
17 20 25 31 0.30009
305 347 60 71 0.297175
622 57 36 43 0.291082
734 256 70 90 0.289365
560 822 24 35 0.286302
934 361 61 69 0.281177
350 155 38 46 0.27935
563 1123 18 25 0.277822
19 516 43 47 0.27711
199 449 60 73 0.26326
561 1267 23 33 0.262974
918 346 27 35 0.262469
743 99 35 46 0.256803
108 258 28 31 0.253984
651 430 47 60 0.253224
485 227 69 82 0.251426
537 1231 20 29 0.248174
624 328 54 65 0.247802
658 196 33 40 0.244997
588 797 22 34 0.244674
228 508 85 104 0.24431
456 1051 29 33 0.24253
621 144 53 63 0.242519
8 1055 106 135 0.241347
879 640 76 98 0.236813
838 923 108 126 0.234601
968 946 47 59 0.232686
574 395 40 49 0.232519
882 -2 52 59 0.23239
111 1078 47 60 0.231272
358 265 27 35 0.225082
959 19 27 33 0.223343
366 167 33 41 0.220107
417 1132 24 37 0.218372
212 156 38 48 0.214378
460 1105 86 114 0.21237
867 547 88 99 0.211813
866 88 44 51 0.205949
464 1044 27 31 0.205002
684 365 72 87 0.202781
425 1075 21 25 0.201952
213 1261 64 78 0.188867
7 795 41 47 0.187458
345 -3 40 49 0.186197
540 214 41 49 0.185352
475 1305 55 66 0.183805
556 186 67 83 0.182344
866 1359 70 104 0.180156
829 354 29 35 0.177855
896 492 28 36 0.177134
841 284 38 47 0.177056
446 846 27 38 0.176202
248 816 33 41 0.175731
272 1092 48 65 0.170816
447 1267 24 29 0.16874
451 389 31 39 0.16409
750 -5 40 47 0.160714
53 31 51 59 0.16017
736 486 45 52 0.158952
472 875 32 48 0.158351
49 992 78 98 0.157948
633 36 36 42 0.156716
945 288 54 66 0.156421
748 1022 43 64 0.155713
105 934 29 38 0.148985
407 523 37 44 0.148142
741 414 39 53 0.14803
821 1117 33 40 0.14466
290 766 31 43 0.144458
51 1186 34 52 0.144113
364 570 44 60 0.143807
906 211 79 91 0.138072
237 985 24 31 0.137994
319 15 29 33 0.137953
566 1157 35 41 0.13767
305 52 38 47 0.136757
558 240 47 58 0.135934
582 1310 36 47 0.135928
148 609 44 58 0.134047
553 959 27 40 0.133936
823 663 47 60 0.133422
327 287 62 75 0.131386
628 873 79 89 0.131284
563 400 41 52 0.130443
575 1236 29 36 0.12893
533 181 36 42 0.126424
401 100 50 64 0.12467
289 1290 28 36 0.124206
859 384 43 57 0.123882
926 852 56 65 0.122611
760 512 63 78 0.122315
621 985 54 67 0.119278
543 931 22 30 0.11764
792 368 28 33 0.112471
305 746 36 49 0.111676
235 1481 31 40 0.111624
265 341 27 33 0.108652
184 675 114 131 0.105292
93 1151 66 82 0.104887
503 168 29 36 0.103158
988 624 28 35 0.10064
