snow/snow_00496
29
709 430 15 19 0.99919
788 419 19 23 0.998337
949 511 12 16 0.6345
417 556 24 28 0.435606
59 50 20 27 0.423059
408 66 18 24 0.40346
18 50 26 32 0.371155
610 581 22 27 0.295896
944 531 15 19 0.263126
668 620 26 29 0.249506
771 125 19 27 0.244159
801 481 17 23 0.242534
273 163 19 22 0.231481
312 99 18 20 0.224492
904 176 17 20 0.214541
839 256 17 23 0.213853
321 145 18 22 0.189152
697 468 18 24 0.182495
319 107 25 31 0.175985
538 232 13 17 0.162952
497 237 20 26 0.153753
240 129 26 28 0.15017
324 192 21 26 0.143464
998 557 19 23 0.141266
492 22 26 30 0.138697
788 632 23 28 0.136831
272 15 30 36 0.128925
297 114 32 37 0.117217
259 26 23 31 0.10612
