snow/snow_00481
53
549 140 37 42 0.99621
554 56 25 30 0.714253
679 261 28 37 0.55555
933 71 27 32 0.525818
289 248 30 38 0.51028
553 68 23 28 0.501383
286 34 21 24 0.486187
809 11 21 25 0.477515
707 63 27 33 0.427857
85 51 27 31 0.423699
883 91 29 34 0.423144
958 270 25 30 0.401268
722 177 22 26 0.39444
703 204 19 23 0.37641
659 164 24 27 0.350018
724 27 44 52 0.346239
236 9 31 36 0.325653
762 48 25 30 0.319027
825 146 28 33 0.303404
61 222 28 32 0.29648
629 151 17 19 0.289173
651 183 19 27 0.287676
805 41 23 31 0.278007
968 58 16 21 0.264684
413 73 25 29 0.24442
706 82 39 47 0.231105
674 153 25 30 0.223241
549 199 80 90 0.202699
929 40 25 31 0.201951
930 2 24 30 0.19615
679 331 32 40 0.195519
485 466 24 31 0.192397
579 515 30 42 0.182537
114 260 55 72 0.18085
731 88 27 35 0.161841
713 224 25 30 0.16028
687 132 30 40 0.158197
685 305 21 24 0.157501
327 48 27 40 0.157234
229 43 31 41 0.156005
295 83 28 34 0.148138
690 281 35 43 0.145256
855 125 28 35 0.144138
796 87 19 26 0.12864
683 17 19 24 0.127513
975 315 30 41 0.121758
368 128 26 28 0.119775
693 83 38 44 0.119024
574 501 15 22 0.11761
921 44 20 26 0.113916
592 487 20 25 0.110543
945 111 20 26 0.107375
63 97 26 33 0.104779
