snow/snow_00200
43
505 276 36 44 0.901564
220 88 104 141 0.895996
612 619 25 31 0.750134
101 83 18 22 0.743602
597 187 19 25 0.683464
467 216 50 58 0.628679
867 128 49 60 0.572567
477 227 48 64 0.552991
213 266 28 33 0.495285
329 320 23 27 0.448804
527 170 80 105 0.407515
2 419 65 78 0.399431
852 544 21 28 0.344347
840 168 24 32 0.33444
922 385 31 36 0.321856
203 287 28 35 0.300606
144 416 18 21 0.291422
824 569 13 18 0.264107
676 497 25 33 0.247943
575 637 24 30 0.234377
550 585 26 29 0.226779
50 226 26 28 0.210743
712 642 23 28 0.209116
196 388 19 23 0.207228
797 578 23 27 0.195021
25 301 20 26 0.174088
286 285 17 22 0.171678
215 491 48 59 0.171185
501 612 35 48 0.16878
533 159 23 31 0.152934
860 540 24 33 0.141129
51 300 27 37 0.136664
269 214 30 37 0.135903
375 462 20 25 0.127622
406 476 30 34 0.12635
554 430 74 89 0.125074
814 530 26 36 0.119401
704 609 21 30 0.118944
842 427 38 49 0.117992
198 240 32 36 0.117794
758 551 20 26 0.112051
869 643 29 34 0.106815
55 342 26 33 0.106019
