snow/snow_00169
133
902 249 53 64 0.999835
547 315 66 81 0.999704
899 624 35 61 0.999026
292 325 36 57 0.98575
278 402 23 38 0.911059
712 675 20 22 0.83149
665 670 46 57 0.788234
823 161 32 43 0.742411
323 58 26 31 0.700027
821 538 47 52 0.697299
412 206 21 25 0.688446
704 517 36 50 0.660575
24 473 20 27 0.639456
869 -1 22 28 0.624716
782 270 33 38 0.590766
525 621 33 38 0.58596
305 696 22 34 0.556918
764 231 51 56 0.552702
299 497 24 29 0.550143
764 174 30 32 0.545162
622 72 22 26 0.541299
464 21 36 41 0.533341
332 160 22 24 0.522113
663 619 46 53 0.501816
575 209 47 60 0.497422
496 378 25 30 0.489736
890 101 72 81 0.477772
624 195 23 28 0.46531
698 214 24 30 0.45412
620 297 25 38 0.445783
661 594 31 36 0.432849
858 202 37 45 0.425515
296 113 35 44 0.423951
509 637 17 21 0.411881
792 174 21 26 0.3854
535 548 30 40 0.384075
249 17 41 53 0.379828
477 86 40 51 0.379069
616 502 36 44 0.377977
345 40 22 28 0.371824
703 74 14 18 0.365283
300 727 26 37 0.359548
216 504 23 27 0.358358
289 42 26 28 0.347061
540 29 27 33 0.332512
226 503 22 24 0.328492
747 379 32 41 0.328211
743 466 27 33 0.323339
77 710 19 26 0.322676
719 566 34 38 0.321042
898 194 25 28 0.320662
624 212 41 49 0.318345
369 103 65 75 0.315722
539 282 25 29 0.314501
727 298 27 33 0.309921
693 639 26 29 0.308692
4 497 30 36 0.307917
641 320 29 36 0.307072
438 181 40 49 0.306233
388 122 75 78 0.305479
372 57 66 72 0.299978
468 42 27 32 0.296527
645 656 26 30 0.291045
482 265 23 27 0.281308
4 294 23 28 0.271392
553 601 52 59 0.270209
667 142 30 37 0.266991
511 303 21 24 0.266839
561 73 38 45 0.265156
432 131 66 81 0.252284
640 635 24 27 0.242686
663 375 37 45 0.242126
888 219 39 43 0.238382
644 501 35 52 0.231199
798 544 31 39 0.226541
721 426 43 48 0.225057
852 92 27 33 0.224204
600 318 39 46 0.217357
822 269 26 30 0.216519
402 418 24 30 0.212048
444 1 22 26 0.210037
431 552 26 31 0.207237
543 3 26 32 0.204931
392 1 49 58 0.203002
225 8 21 28 0.19707
64 185 44 56 0.195076
739 219 29 37 0.191877
229 16 20 26 0.190748
412 334 18 22 0.188302
522 275 18 23 0.188264
776 308 28 31 0.187282
376 194 21 27 0.184247
332 30 18 23 0.182388
350 2 20 27 0.176704
722 264 43 52 0.175391
928 2 28 40 0.171533
441 46 43 58 0.167412
869 326 27 35 0.166278
895 83 23 30 0.165881
442 433 25 32 0.165001
631 546 29 35 0.147412
212 699 23 28 0.147342
591 63 29 33 0.137369
622 131 21 27 0.136393
604 617 25 28 0.136075
248 2 22 26 0.132985
593 263 30 34 0.12936
418 56 46 57 0.126979
536 480 39 54 0.124968
780 362 47 58 0.124632
266 508 22 31 0.122596
573 270 28 33 0.121516
909 194 28 31 0.120613
637 254 28 33 0.11938
724 375 35 43 0.118385
284 475 15 23 0.117816
457 340 21 24 0.116641
854 22 24 28 0.115777
785 316 48 56 0.112703
618 91 29 37 0.112418
248 287 24 30 0.112067
316 407 21 28 0.108069
248 190 22 26 0.107812
665 169 25 29 0.107551
705 274 41 47 0.106939
25 238 24 28 0.106868
309 166 32 38 0.105989
588 305 38 41 0.105188
640 217 42 46 0.103387
807 44 21 27 0.102467
543 231 27 28 0.102437
789 742 28 29 0.101434
780 171 24 28 0.101357
