snow/snow_00404
68
461 167 60 78 0.999843
543 523 25 29 0.744371
898 322 44 52 0.625612
832 141 23 28 0.590418
815 76 24 28 0.494663
204 306 26 32 0.490874
289 122 29 34 0.48582
773 223 24 29 0.449002
440 482 64 75 0.430169
690 12 37 43 0.401404
421 118 21 27 0.389355
724 489 39 47 0.388587
751 3 35 43 0.358238
858 469 25 29 0.352408
450 241 18 25 0.349926
184 237 35 43 0.333885
430 101 43 54 0.332788
389 149 21 27 0.303923
86 8 28 34 0.285647
507 494 26 32 0.283232
670 434 33 40 0.26991
422 508 18 24 0.269897
312 266 42 49 0.263399
676 141 28 35 0.25949
208 72 21 25 0.256115
421 11 26 33 0.243518
693 97 75 91 0.228556
646 271 46 59 0.217254
202 279 40 47 0.214309
117 410 23 29 0.213033
82 231 40 49 0.211182
469 272 19 24 0.204005
528 66 33 41 0.198155
854 211 34 43 0.197578
431 308 22 29 0.174902
790 118 25 31 0.167078
332 292 41 53 0.163587
157 320 22 27 0.157398
939 392 29 35 0.147773
821 254 26 32 0.147643
497 502 18 23 0.146415
649 376 37 47 0.143363
504 228 33 42 0.143201
866 292 36 44 0.141247
40 292 25 31 0.133534
734 441 31 36 0.133202
909 197 35 41 0.131521
962 234 41 50 0.128276
885 84 35 42 0.123009
809 187 42 55 0.121985
759 249 24 28 0.118465
430 157 20 25 0.117433
257 355 33 39 0.116898
960 101 33 40 0.116072
823 61 22 26 0.114941
722 327 26 29 0.114726
648 410 32 42 0.11232
241 58 31 40 0.111499
102 342 24 28 0.111123
499 16 25 29 0.111116
298 426 21 26 0.108869
533 499 29 40 0.10835
832 476 23 27 0.107548
829 386 25 29 0.107479
704 73 54 62 0.107255
769 360 23 26 0.106253
126 319 37 46 0.102575
648 451 24 28 0.101164
