snow/snow_00407
36
985 202 23 26 0.692135
425 98 32 39 0.469532
538 288 21 24 0.458915
893 182 27 32 0.431186
29 161 26 31 0.407407
27 151 26 30 0.359997
854 7 52 64 0.352245
104 261 28 34 0.31494
892 283 26 32 0.304204
893 313 23 30 0.289877
99 352 22 28 0.277603
650 72 88 117 0.275811
428 378 21 23 0.259705
433 328 19 25 0.258051
249 21 28 30 0.256019
768 206 31 39 0.254048
3 370 25 29 0.22786
181 10 36 44 0.224347
100 313 35 43 0.215319
925 153 59 68 0.195997
427 343 26 32 0.180088
465 264 31 39 0.179301
582 305 19 23 0.156287
403 315 20 23 0.152155
79 68 22 26 0.149997
57 306 36 44 0.148043
51 99 47 54 0.14631
896 146 35 41 0.143069
817 185 29 37 0.131434
889 12 30 35 0.130555
88 125 47 57 0.126398
527 397 39 45 0.126299
851 316 24 30 0.114906
16 52 20 24 0.112733
451 316 18 21 0.107926
817 72 40 49 0.102335
