snow/snow_00428
43
83 476 37 45 0.581411
371 147 20 25 0.486523
858 413 26 32 0.465365
793 269 20 24 0.452387
546 398 22 26 0.443924
68 505 41 47 0.326117
765 175 34 37 0.320627
404 74 26 30 0.319198
980 174 27 30 0.276606
39 464 24 33 0.264737
357 240 22 27 0.250632
973 180 25 29 0.228948
138 312 21 26 0.216745
950 123 31 35 0.206852
709 478 32 40 0.201847
729 380 20 25 0.20093
239 511 22 29 0.189617
764 126 22 28 0.18604
159 25 117 146 0.184783
264 197 29 36 0.177886
669 410 22 27 0.175646
991 47 27 34 0.17366
113 112 64 79 0.167906
496 543 29 33 0.167885
868 105 28 34 0.166903
500 497 22 26 0.158907
499 424 19 22 0.155243
52 537 29 35 0.152929
810 123 38 46 0.151785
149 379 27 31 0.149531
222 562 34 40 0.144566
819 271 38 44 0.139143
455 129 22 26 0.135913
145 454 33 44 0.133168
173 292 24 28 0.131486
533 275 25 32 0.129036
874 362 27 34 0.127492
926 640 48 57 0.124834
356 402 24 29 0.121925
138 510 37 45 0.12025
104 242 25 31 0.120176
826 182 27 33 0.109575
93 416 27 33 0.104723
