snow/snow_00901
154
779 507 29 35 0.756881
149 687 17 21 0.697731
865 926 18 22 0.635427
60 390 34 46 0.613705
763 724 47 58 0.6061
779 219 18 22 0.588262
628 1046 29 34 0.57665
428 1182 19 24 0.570695
877 415 31 33 0.560842
399 1181 32 37 0.529337
312 551 26 29 0.524707
729 1283 23 31 0.517958
789 197 26 30 0.492489
300 30 31 42 0.479516
23 1209 19 25 0.476105
-1 389 21 26 0.45857
330 1218 52 63 0.458408
960 606 18 23 0.449849
262 718 21 26 0.441739
836 1185 18 21 0.431767
600 1094 17 24 0.430711
871 693 20 23 0.425045
939 391 49 64 0.416312
985 389 23 29 0.415019
3 404 26 35 0.412933
179 1085 37 53 0.410635
678 1072 37 50 0.40819
276 1401 70 88 0.396653
888 168 19 22 0.382964
34 362 38 50 0.379852
768 493 15 19 0.378791
309 969 17 20 0.376726
983 296 23 27 0.375215
380 1228 20 25 0.371013
642 1117 23 29 0.359731
316 317 22 33 0.358062
62 459 27 32 0.357
789 185 17 19 0.355282
81 402 21 31 0.347046
755 522 21 26 0.343989
142 896 22 27 0.34258
796 896 34 39 0.329043
423 1441 26 28 0.324761
893 1040 18 21 0.323991
188 574 19 24 0.322891
14 502 42 53 0.322226
1000 943 18 21 0.320183
186 806 28 37 0.310592
11 196 40 50 0.29911
919 673 15 20 0.298457
795 165 31 41 0.296548
515 857 16 22 0.281376
817 230 24 27 0.277424
769 267 20 22 0.275034
839 1085 20 26 0.271493
63 435 27 35 0.265984
989 18 30 35 0.265478
749 1223 83 117 0.257729
613 631 34 40 0.253407
811 835 18 25 0.25161
961 1271 25 31 0.24794
196 621 21 28 0.246768
320 37 18 22 0.242076
796 1150 23 27 0.241977
899 1147 22 27 0.230142
688 1140 17 25 0.229673
158 1058 16 22 0.229317
224 1454 19 25 0.228334
954 281 14 17 0.226266
204 1369 30 38 0.223754
540 1053 35 41 0.223566
832 213 21 24 0.221588
601 560 18 20 0.220501
217 376 17 23 0.217015
814 1397 27 30 0.2138
16 572 23 26 0.208573
741 230 37 47 0.204511
1 87 24 28 0.202504
709 1078 24 32 0.190816
495 1046 25 31 0.190629
961 304 20 23 0.187808
618 618 20 24 0.187669
338 766 57 70 0.184347
206 196 26 37 0.178626
55 339 24 31 0.177298
10 104 24 28 0.170467
349 1195 15 21 0.16862
307 1271 21 27 0.166646
599 1254 18 20 0.166367
877 448 30 35 0.165672
40 804 25 32 0.165362
869 180 21 27 0.164741
964 21 22 25 0.164215
643 1011 25 28 0.163487
478 808 28 36 0.161506
886 558 11 14 0.160181
322 1277 18 22 0.158949
347 1457 17 20 0.157176
135 913 21 27 0.15694
719 993 20 25 0.156087
811 497 36 49 0.155149
0 523 29 32 0.154329
290 563 17 24 0.15372
646 591 23 26 0.151765
3 323 45 55 0.151101
772 287 25 30 0.14807
827 451 27 29 0.145966
898 6 22 28 0.144066
235 385 28 35 0.142127
880 686 29 29 0.142079
367 1301 21 25 0.139299
439 1408 13 16 0.138797
112 968 22 27 0.138655
224 268 21 32 0.135049
972 1442 27 29 0.132604
842 153 24 29 0.131601
395 1293 21 29 0.130172
16 946 20 27 0.129358
280 420 34 53 0.127409
482 716 25 31 0.124285
465 1254 18 23 0.123526
756 610 21 27 0.121307
223 782 19 24 0.119815
1002 1096 19 23 0.118625
510 824 18 23 0.11789
344 1475 21 25 0.116985
943 173 16 20 0.116522
23 1174 20 28 0.116088
646 1499 23 27 0.115594
102 1228 23 33 0.11552
117 546 21 25 0.114636
150 986 21 26 0.113951
280 864 25 30 0.113512
713 614 22 26 0.11278
986 1498 29 34 0.112289
866 188 18 25 0.112245
901 32 49 53 0.112004
202 815 34 49 0.11121
17 1217 24 31 0.110828
889 823 15 19 0.110818
821 477 36 41 0.109982
48 546 23 32 0.109555
691 912 15 18 0.108751
602 1046 38 44 0.107915
919 1144 20 26 0.107458
993 1138 24 29 0.106027
800 1056 19 23 0.105827
279 846 22 29 0.105719
100 1302 19 25 0.105156
240 412 18 24 0.1039
126 402 21 28 0.103752
903 618 31 38 0.101651
676 839 31 42 0.100961
50 715 20 31 0.100614
