snow/snow_00442
124
867 98 88 110 0.995907
485 458 119 125 0.932876
367 760 28 34 0.855997
369 842 32 36 0.853564
449 1337 25 34 0.850707
357 844 25 31 0.797413
474 1025 79 86 0.772364
442 510 30 39 0.772096
384 25 80 100 0.702748
673 1461 49 57 0.623363
339 905 39 52 0.599146
747 45 89 104 0.540526
441 1310 26 35 0.539668
584 919 37 41 0.539161
427 1254 52 67 0.522381
372 1009 24 30 0.51907
508 583 100 119 0.50956
310 945 33 40 0.487386
506 450 21 25 0.454213
383 1399 21 27 0.447071
476 644 28 37 0.442668
528 911 49 59 0.438154
525 737 37 48 0.420142
332 924 30 40 0.418132
322 814 25 33 0.416612
485 902 64 74 0.412197
512 1348 27 31 0.411858
535 1326 25 35 0.365653
610 986 24 31 0.358912
420 629 34 39 0.352206
453 1123 24 29 0.349602
589 825 54 69 0.349466
452 1240 25 34 0.339674
309 755 22 27 0.336053
577 388 23 25 0.328159
488 1448 21 25 0.322666
580 939 31 41 0.320596
423 916 37 46 0.317958
588 1409 29 34 0.311064
461 828 25 30 0.300743
337 854 35 42 0.299078
429 1201 37 43 0.297136
429 578 41 55 0.283729
487 1341 24 30 0.282518
494 833 27 35 0.281028
442 377 38 53 0.277337
409 1038 52 60 0.274474
383 1011 27 33 0.271571
345 892 32 40 0.270901
474 416 29 34 0.263739
303 1321 69 87 0.259116
345 1025 31 38 0.256791
514 678 39 40 0.252465
842 543 20 22 0.244629
560 973 27 32 0.242369
451 1367 22 28 0.242315
382 894 24 31 0.234202
448 642 47 64 0.232281
333 1054 34 40 0.225425
533 1041 31 35 0.223891
408 1150 22 27 0.222392
440 1426 27 32 0.220684
466 610 26 35 0.220186
739 1352 44 49 0.218251
445 1168 23 32 0.218073
495 763 22 30 0.214037
602 387 31 33 0.211609
272 806 36 42 0.207044
519 1340 30 34 0.206795
394 1019 33 38 0.204393
452 702 37 46 0.192134
369 1423 22 29 0.187498
401 606 36 41 0.185858
401 1223 33 41 0.176866
364 854 39 44 0.175798
374 1329 23 30 0.174701
494 971 37 47 0.16939
536 1228 25 31 0.166025
461 746 36 51 0.16318
499 753 25 32 0.162881
460 85 22 26 0.161078
352 756 25 31 0.156038
550 1293 34 42 0.155271
391 980 30 37 0.155018
471 835 24 33 0.153865
912 144 59 76 0.15328
450 490 29 35 0.151142
589 557 24 33 0.150398
758 1281 39 47 0.14834
599 454 26 36 0.144421
512 1400 21 32 0.143964
403 837 31 39 0.142428
543 720 31 37 0.139045
441 1014 37 46 0.138476
401 1431 29 34 0.138474
484 885 29 38 0.137965
429 1362 36 49 0.137481
474 892 23 31 0.136887
296 776 24 29 0.136858
533 928 51 64 0.131281
438 1408 28 36 0.131224
509 955 48 57 0.129002
413 646 60 76 0.127817
562 1018 40 52 0.127772
556 1415 38 44 0.125135
412 943 67 83 0.124187
331 763 32 43 0.123576
433 1113 24 29 0.123432
412 1340 26 34 0.121615
208 696 99 112 0.12077
696 1011 48 57 0.118715
464 1378 18 22 0.114584
443 1139 21 27 0.112164
394 964 34 42 0.111267
381 789 32 42 0.111096
288 850 28 33 0.111082
421 1329 31 39 0.110498
273 834 32 39 0.110489
686 566 39 46 0.107695
500 886 42 50 0.106354
409 1355 24 32 0.103942
426 1104 23 27 0.100663
458 1148 20 25 0.100465
447 361 38 55 0.100159
