snow/snow_00415
54
396 59 41 48 0.999616
347 387 15 18 0.857302
182 169 24 28 0.755785
253 492 30 43 0.658628
472 263 51 58 0.639582
812 302 23 28 0.630033
795 16 27 33 0.56689
88 382 21 24 0.55539
139 221 30 38 0.529185
732 21 26 30 0.416957
41 373 21 23 0.401551
73 342 22 26 0.393997
860 15 24 29 0.373482
30 311 51 58 0.371257
730 57 23 28 0.35071
367 191 20 24 0.33986
321 322 21 26 0.338936
719 103 22 26 0.337359
955 91 33 41 0.317861
410 403 27 28 0.312869
763 14 28 32 0.308574
34 262 27 31 0.295589
645 18 24 28 0.286751
457 259 23 27 0.285316
136 318 22 30 0.25964
711 59 26 31 0.248289
46 293 18 20 0.246958
154 189 28 34 0.246811
45 231 38 44 0.216888
485 23 21 25 0.212814
726 87 49 57 0.209586
373 381 19 23 0.194974
360 350 30 36 0.189543
7 232 30 35 0.188367
359 473 38 43 0.180155
856 100 21 27 0.177065
116 233 14 19 0.174334
297 302 25 29 0.171205
874 105 19 23 0.16309
933 42 21 25 0.159307
469 197 19 23 0.155835
452 514 18 22 0.153266
179 151 26 29 0.150562
421 149 25 30 0.143262
663 164 21 25 0.132656
270 464 18 23 0.13198
210 369 20 26 0.131034
600 104 17 20 0.127713
661 55 24 34 0.119857
189 376 29 38 0.110429
570 170 21 26 0.109266
77 231 24 29 0.108968
55 271 56 64 0.108079
405 291 29 38 0.104401
