snow/snow_00437
43
797 239 35 41 0.998798
463 186 17 21 0.818007
736 318 18 20 0.761252
545 96 21 24 0.710392
214 140 100 113 0.670191
586 1 48 57 0.594783
337 156 80 93 0.478168
824 575 27 31 0.477732
137 174 23 25 0.410462
683 185 29 33 0.408048
76 130 54 56 0.346789
36 68 29 41 0.331191
816 375 24 33 0.314218
909 257 17 22 0.30339
541 29 26 30 0.300654
510 21 19 25 0.272671
308 177 29 33 0.264018
661 137 23 28 0.244067
780 246 16 21 0.22066
88 300 20 25 0.199801
470 204 19 22 0.186446
44 15 24 30 0.184168
795 313 14 18 0.183433
20 171 30 36 0.18269
107 184 18 21 0.179673
755 269 36 40 0.160313
725 240 26 33 0.155066
911 107 35 44 0.149615
953 148 20 29 0.148638
757 258 29 35 0.148323
291 202 65 71 0.144679
403 154 22 25 0.143491
666 370 20 23 0.138872
657 351 18 25 0.127789
136 274 21 25 0.123976
133 216 36 40 0.120949
123 157 24 26 0.119403
165 211 26 28 0.111663
907 402 21 28 0.11116
545 198 20 24 0.110399
203 150 22 26 0.108952
174 195 21 24 0.107817
551 199 25 33 0.100902
