snow/snow_00194
33
199 299 44 52 0.974358
895 192 28 34 0.712093
786 551 38 44 0.710698
292 387 50 53 0.631742
809 495 66 87 0.565762
813 152 30 44 0.54858
219 508 23 31 0.452424
350 234 36 40 0.412966
174 300 26 33 0.398233
206 548 24 30 0.355716
873 550 41 50 0.347738
54 458 142 164 0.347244
939 244 27 34 0.347225
844 640 25 28 0.29852
349 406 40 46 0.277453
313 538 27 32 0.267832
333 400 24 31 0.255215
863 191 21 27 0.255203
394 410 24 27 0.216872
649 496 22 26 0.205226
971 275 29 40 0.198336
187 476 28 33 0.189003
831 78 27 31 0.163537
246 365 21 25 0.16109
205 532 23 30 0.143484
936 574 35 46 0.137837
893 549 34 40 0.137712
789 290 43 53 0.132384
825 599 27 31 0.122468
845 420 44 55 0.120393
362 224 28 29 0.110968
505 186 15 20 0.109174
337 636 27 32 0.105365
