snow/snow_00165
72
623 300 22 27 0.829928
496 82 27 37 0.803964
128 146 139 175 0.664935
783 354 37 50 0.64579
515 1 27 32 0.560281
529 115 23 30 0.514604
374 196 20 23 0.491153
163 463 102 140 0.475719
486 3 30 42 0.467195
686 375 25 29 0.455248
879 34 48 61 0.447329
811 261 28 34 0.424913
564 271 51 70 0.412818
860 25 33 41 0.391064
332 207 23 22 0.388276
683 127 25 31 0.333698
904 9 24 32 0.331992
631 352 24 28 0.32814
714 251 26 30 0.322023
764 53 35 43 0.314587
995 100 22 25 0.313365
299 176 27 35 0.292166
813 329 24 31 0.279919
735 237 32 37 0.273743
738 254 29 38 0.262552
772 164 22 31 0.24636
290 194 16 20 0.241384
613 274 31 37 0.241178
256 194 18 22 0.241152
794 327 33 40 0.239277
731 282 26 39 0.236673
461 193 21 25 0.234503
537 138 32 38 0.234051
466 7 25 33 0.227988
553 68 26 34 0.223146
545 58 29 36 0.219212
383 209 24 29 0.20371
961 81 34 39 0.201365
540 18 19 23 0.197694
224 381 25 33 0.189003
2 449 14 16 0.186393
374 208 23 24 0.183562
741 122 23 30 0.182488
704 332 25 32 0.181083
622 395 19 35 0.180354
479 175 51 65 0.178796
740 284 26 34 0.172737
297 203 20 23 0.172401
304 206 23 25 0.16719
475 278 16 24 0.166836
268 194 19 21 0.154294
688 276 27 31 0.141417
494 49 21 28 0.139944
99 405 22 29 0.137621
808 98 27 36 0.137466
838 216 32 40 0.134901
616 10 46 60 0.134558
722 289 23 29 0.131454
735 193 36 45 0.125388
877 122 21 26 0.123725
925 534 38 53 0.123415
95 167 27 35 0.118259
128 97 67 77 0.113273
529 102 24 29 0.112131
428 402 20 25 0.111563
979 44 20 27 0.110404
405 182 20 25 0.110289
771 257 31 45 0.105831
378 378 20 25 0.104919
331 90 34 38 0.103831
807 81 29 40 0.103301
739 167 26 34 0.103132
