snow/snow_00412
55
239 1232 26 30 0.831123
903 591 21 25 0.529197
891 959 30 36 0.48334
167 140 23 31 0.456014
505 532 31 37 0.454162
917 768 28 33 0.412213
278 1119 25 30 0.395509
957 957 26 33 0.392226
460 977 24 29 0.387133
790 989 20 24 0.373842
303 1347 89 110 0.357474
112 159 19 25 0.337229
947 189 22 25 0.334714
699 1158 52 69 0.311852
285 1294 21 26 0.307315
309 59 22 29 0.287886
248 301 22 29 0.273243
75 920 22 27 0.264667
279 667 25 29 0.263525
633 946 23 27 0.252478
644 822 25 29 0.250621
449 1136 17 22 0.226934
818 641 26 30 0.213699
168 595 21 26 0.190114
690 1044 23 28 0.187272
873 753 28 34 0.185213
234 175 21 26 0.177021
219 138 21 24 0.174119
274 -2 28 32 0.17142
37 541 26 31 0.169629
878 1117 31 35 0.167862
416 35 36 43 0.163848
966 1054 20 25 0.161461
610 1114 24 30 0.158987
681 853 24 26 0.151502
991 842 24 29 0.149045
133 245 22 26 0.146247
603 1020 27 32 0.144594
367 503 19 23 0.143674
678 433 28 33 0.141704
511 1040 21 24 0.139893
263 393 24 27 0.131222
882 558 19 27 0.126622
669 1075 78 101 0.125801
216 780 32 41 0.123712
178 688 25 30 0.122703
730 242 23 27 0.121548
99 1180 23 28 0.119354
670 928 23 31 0.116615
852 540 22 26 0.11385
804 555 27 30 0.110881
377 1186 38 46 0.110113
108 980 28 35 0.109592
872 1041 23 28 0.108568
743 144 25 30 0.10037
