snow/snow_00482
92
284 279 19 23 0.711061
416 53 23 25 0.709737
373 372 20 24 0.667546
373 116 18 24 0.66117
173 140 20 23 0.577369
339 245 23 25 0.568084
394 378 52 67 0.526574
946 461 26 34 0.526369
334 69 24 31 0.504862
282 379 27 31 0.500658
24 322 25 28 0.434225
321 394 42 53 0.428367
1003 330 12 15 0.410179
178 293 20 21 0.405754
780 422 20 23 0.403173
16 136 22 25 0.396387
437 62 20 22 0.37631
554 435 38 45 0.373315
438 366 22 24 0.365972
530 80 31 35 0.354801
410 173 21 22 0.350031
234 325 22 24 0.337473
454 3 19 23 0.334774
479 106 16 19 0.326101
180 405 24 30 0.32455
931 485 18 22 0.322649
366 398 22 26 0.316736
408 187 20 22 0.312261
132 483 29 32 0.302487
207 283 24 28 0.300542
527 117 16 20 0.296375
365 372 22 22 0.296181
242 190 24 28 0.288664
183 99 20 25 0.282682
887 192 22 26 0.267849
839 133 22 31 0.262
217 174 20 22 0.259782
270 55 15 19 0.258267
481 31 19 24 0.253782
954 59 34 46 0.245185
829 0 19 23 0.244421
236 384 21 26 0.242505
409 523 43 47 0.240835
561 -3 43 52 0.230822
318 157 18 21 0.221105
942 121 21 30 0.216349
80 76 17 20 0.205759
313 305 29 40 0.193789
457 370 30 35 0.193483
504 379 22 25 0.192232
163 335 18 21 0.181789
188 185 18 20 0.180218
466 324 26 30 0.179922
214 80 17 20 0.174769
296 314 24 26 0.163869
510 49 22 27 0.163236
329 375 20 24 0.157776
487 72 21 26 0.156235
611 298 26 29 0.151711
302 377 24 27 0.15102
46 42 20 24 0.149675
445 385 25 32 0.14875
26 334 35 40 0.14818
477 -2 21 25 0.145738
149 0 18 22 0.143962
473 60 24 29 0.142906
197 139 18 21 0.14116
845 402 20 23 0.139117
522 412 24 29 0.137614
927 335 20 25 0.137403
132 20 16 20 0.135289
7 281 17 20 0.133315
753 124 22 27 0.131546
204 51 20 24 0.131008
935 528 25 31 0.130893
972 534 30 34 0.126953
421 71 19 22 0.124993
384 212 22 26 0.124408
442 276 22 30 0.121899
372 57 30 35 0.121597
512 92 18 22 0.118802
866 12 89 110 0.11807
858 136 21 25 0.114904
484 552 19 23 0.114717
704 303 24 28 0.1146
525 370 18 21 0.114098
660 56 20 26 0.113485
149 107 26 33 0.113155
90 421 20 26 0.112815
185 352 22 25 0.107801
886 403 21 25 0.100883
453 76 13 16 0.100281
