snow/snow_00418
33
93 317 24 34 0.997211
550 508 20 25 0.702828
281 163 22 25 0.665623
2 471 21 28 0.604004
137 264 32 39 0.511751
584 366 27 34 0.446352
798 716 22 28 0.421289
728 524 55 61 0.406235
286 389 60 82 0.404281
18 574 23 29 0.389437
245 148 36 43 0.378065
420 362 68 88 0.367922
250 425 41 52 0.35342
763 589 26 31 0.345178
512 390 30 33 0.331763
823 611 23 28 0.326329
302 464 23 30 0.319925
845 708 26 30 0.261387
125 353 20 22 0.252918
610 368 19 25 0.251589
207 447 18 23 0.233936
101 705 22 29 0.198154
78 304 22 27 0.186052
502 512 18 22 0.168012
32 585 23 30 0.160704
749 567 22 27 0.157051
309 326 17 28 0.125415
46 644 31 39 0.12367
238 161 36 44 0.123107
217 506 14 19 0.121075
155 317 19 23 0.114861
357 374 29 34 0.114318
13 380 30 41 0.100711
