snow/snow_00162
79
236 64 21 27 0.727333
252 411 37 48 0.69771
21 66 26 30 0.692965
313 459 32 39 0.691339
709 254 43 54 0.655321
163 298 19 24 0.61975
425 302 24 27 0.574484
75 515 32 41 0.529001
265 197 23 28 0.50841
817 470 24 30 0.479194
724 338 20 27 0.451758
19 89 34 43 0.428206
512 429 35 42 0.416985
438 303 23 27 0.403604
16 60 26 30 0.398382
593 316 27 32 0.355198
270 507 42 54 0.340093
346 474 23 28 0.335656
212 395 26 31 0.327175
107 213 23 30 0.320211
688 451 33 40 0.318784
215 448 35 46 0.315416
454 378 21 27 0.308365
310 266 23 28 0.302686
141 281 34 43 0.290432
402 65 25 31 0.272153
119 450 25 31 0.261749
32 275 41 52 0.24301
649 249 20 24 0.242003
505 315 24 27 0.241874
10 0 25 32 0.241492
252 265 28 33 0.240438
631 455 38 47 0.230745
247 168 20 24 0.227944
729 124 32 38 0.225468
333 296 25 29 0.21674
370 361 30 36 0.204832
371 400 21 25 0.199738
597 418 23 26 0.199295
58 313 32 39 0.199258
655 440 26 35 0.194214
105 59 36 42 0.193198
703 123 29 39 0.190408
55 208 21 25 0.181345
74 167 18 22 0.178951
426 315 28 34 0.176184
114 312 28 33 0.175561
709 212 20 26 0.16367
83 183 23 30 0.157367
680 216 21 25 0.144482
274 446 23 29 0.141636
176 135 26 30 0.141055
455 351 18 24 0.139488
187 405 29 34 0.138991
652 418 25 30 0.138767
123 165 22 26 0.138746
696 298 27 32 0.13823
18 437 25 32 0.13689
174 359 22 29 0.136537
617 451 25 30 0.134308
181 425 31 38 0.131872
29 1 29 35 0.128326
649 34 19 22 0.127553
398 386 26 34 0.126886
687 261 26 36 0.124723
81 325 31 40 0.12133
707 149 20 25 0.119345
386 387 30 37 0.118515
135 355 22 27 0.117899
665 32 47 57 0.11705
641 420 24 29 0.117049
375 280 25 33 0.116115
458 311 19 25 0.114106
318 191 21 27 0.110193
715 234 37 53 0.110108
305 296 24 29 0.107953
630 427 24 30 0.107697
362 326 25 31 0.106875
193 32 21 25 0.101993
