snow/snow_00476
47
515 294 122 167 1
138 475 63 73 0.866372
692 450 29 37 0.849053
875 455 64 73 0.744682
145 252 41 46 0.704044
821 493 41 45 0.63575
45 325 62 78 0.607566
837 31 56 72 0.594811
861 215 91 119 0.562524
499 559 42 54 0.549479
179 441 40 46 0.507316
190 307 42 51 0.456249
324 349 72 96 0.447612
166 263 50 59 0.436192
884 340 60 79 0.413755
683 365 35 41 0.406275
905 1 39 47 0.394982
629 512 35 44 0.356905
5 269 37 47 0.346897
600 450 22 28 0.341792
919 87 65 81 0.339749
956 458 27 34 0.338247
121 480 61 74 0.336453
637 112 54 61 0.335241
100 230 39 47 0.299064
273 178 38 47 0.277968
716 240 73 83 0.236454
821 476 39 47 0.224471
709 30 55 68 0.218051
752 302 64 87 0.210861
514 536 16 21 0.208268
268 217 52 66 0.202002
0 163 37 44 0.194079
72 285 64 78 0.189338
607 436 31 42 0.166996
694 474 66 83 0.162127
478 63 30 33 0.160281
772 178 38 48 0.133473
398 443 25 34 0.131392
15 529 33 42 0.126444
875 157 53 65 0.117951
813 423 29 31 0.117202
31 569 49 53 0.114929
972 164 42 52 0.107675
403 215 40 51 0.106092
838 231 93 124 0.105706
765 625 45 53 0.103432
