snow/snow_00430
41
400 259 155 193 0.999957
425 595 38 44 0.616013
433 566 29 33 0.550162
219 93 85 113 0.525869
660 541 54 63 0.513029
486 567 29 35 0.472504
421 500 25 33 0.444108
369 417 31 37 0.410476
648 599 28 33 0.399913
400 581 34 41 0.321468
662 639 32 38 0.311479
437 510 28 35 0.311238
602 266 26 28 0.302409
383 455 46 61 0.29824
351 637 33 40 0.286673
205 240 79 97 0.26886
459 596 24 30 0.267759
420 131 35 38 0.266069
627 89 225 285 0.252127
524 497 41 51 0.250342
688 308 119 160 0.232756
494 476 21 28 0.219391
294 347 20 25 0.210256
675 599 47 68 0.203663
531 482 26 31 0.19768
464 614 25 30 0.19204
419 458 22 26 0.189544
322 381 45 56 0.189516
307 260 26 36 0.189002
216 47 61 71 0.18322
742 653 24 29 0.182041
538 383 33 46 0.181009
394 494 28 36 0.179174
366 264 24 29 0.178869
548 408 29 33 0.149596
576 649 25 31 0.148924
624 496 25 32 0.146909
791 287 133 172 0.141043
480 172 65 77 0.138105
722 572 22 28 0.122546
423 631 34 39 0.116888
