snow/snow_00182
31
244 464 106 121 0.891678
801 479 58 63 0.721479
501 180 59 67 0.597127
671 750 220 253 0.56684
189 882 53 59 0.384444
748 442 37 42 0.349982
741 171 56 68 0.336157
548 462 53 65 0.31989
179 158 40 46 0.304019
644 135 127 137 0.295519
883 484 69 80 0.282107
761 304 56 65 0.229335
195 489 36 41 0.225268
138 305 84 93 0.209504
528 327 40 44 0.198013
255 66 59 65 0.193924
848 391 104 106 0.192584
275 872 50 62 0.184305
181 566 78 89 0.164518
217 505 117 134 0.162647
115 898 81 92 0.156201
905 558 52 64 0.149967
675 340 45 49 0.146423
832 261 63 75 0.129577
687 528 25 26 0.129423
705 639 85 97 0.127607
181 525 35 39 0.126931
586 299 37 44 0.120205
265 169 31 39 0.113427
764 176 49 56 0.108604
642 891 45 52 0.106462
