snow/snow_00461
48
317 170 56 67 0.999995
526 153 41 49 0.99999
729 230 61 58 0.987548
751 455 26 30 0.720235
256 312 24 29 0.712946
353 359 25 32 0.469692
199 194 18 21 0.465653
209 157 31 36 0.451215
290 291 16 22 0.431581
776 228 26 32 0.431138
144 245 35 42 0.402135
611 154 18 23 0.394876
252 475 22 29 0.376823
251 193 30 38 0.367061
406 240 18 25 0.355029
878 154 31 34 0.320354
868 111 25 27 0.314082
206 397 65 77 0.29547
725 198 61 67 0.292215
961 97 21 24 0.276061
644 381 23 30 0.264902
766 41 22 26 0.24648
130 277 22 25 0.246145
701 551 24 30 0.242804
334 541 16 23 0.209984
883 174 97 120 0.203397
973 216 17 24 0.191188
212 327 27 31 0.16772
779 500 35 42 0.164771
594 339 33 39 0.16405
810 70 20 26 0.161816
229 383 36 45 0.158929
148 203 24 28 0.158095
531 22 22 28 0.155242
781 283 23 29 0.154288
283 174 16 23 0.150027
702 362 20 23 0.137439
284 271 15 20 0.135677
320 277 18 20 0.131665
666 386 25 27 0.130083
600 491 20 24 0.124816
186 273 19 24 0.124432
319 133 31 36 0.122272
430 344 48 60 0.119546
370 561 23 29 0.110533
279 491 20 26 0.110286
978 136 23 27 0.103769
802 29 18 23 0.102396
