snow/snow_00451
138
16 338 28 31 0.917415
10 35 32 39 0.854677
61 441 23 26 0.790941
108 508 27 34 0.789175
838 28 27 31 0.700529
704 39 20 24 0.675418
868 360 17 21 0.649333
585 424 29 36 0.642942
260 38 46 57 0.606223
574 266 26 30 0.602774
971 65 27 32 0.569931
588 158 32 40 0.544501
896 541 25 31 0.536297
327 285 45 52 0.53455
204 21 28 33 0.516294
318 365 31 39 0.504118
496 342 26 29 0.502382
958 418 28 33 0.488493
275 299 30 34 0.484454
628 55 42 49 0.479326
356 106 25 28 0.46692
638 252 26 36 0.449487
606 294 32 44 0.447032
130 66 22 26 0.445611
200 296 27 32 0.439428
272 482 29 35 0.43255
68 72 24 31 0.41135
3 238 27 32 0.405802
541 203 28 33 0.399124
431 512 29 33 0.396681
720 401 17 21 0.395746
690 459 24 31 0.391301
155 131 30 39 0.3898
892 298 26 29 0.381124
89 30 36 43 0.379266
606 434 22 29 0.376151
44 421 25 29 0.356775
93 278 25 33 0.347456
394 148 22 26 0.344091
521 108 26 30 0.323689
725 -2 32 39 0.310999
986 239 18 22 0.308842
887 438 28 35 0.303459
748 116 39 49 0.302774
490 184 25 28 0.296131
268 293 30 36 0.291147
928 262 24 29 0.280045
806 256 22 26 0.267726
242 15 48 54 0.261951
123 521 21 25 0.260306
993 510 21 26 0.256015
979 506 17 20 0.250111
271 371 23 26 0.249411
387 61 20 23 0.243653
138 62 29 35 0.22907
784 229 30 38 0.229016
960 347 29 35 0.226103
114 376 25 30 0.225615
39 374 22 27 0.216453
759 19 27 36 0.206726
706 22 29 34 0.206692
446 18 33 40 0.204352
255 260 32 41 0.203332
957 297 28 31 0.199185
116 2 29 33 0.196467
152 167 26 32 0.196087
323 496 23 29 0.194983
693 53 37 42 0.191817
79 37 26 31 0.190909
559 105 27 34 0.190798
197 458 17 22 0.189261
765 349 29 36 0.188877
107 385 27 36 0.188227
50 480 23 27 0.183382
750 138 42 51 0.182728
423 505 30 34 0.180185
381 533 25 29 0.179342
924 119 24 28 0.177927
340 534 24 32 0.177307
303 409 33 41 0.177126
226 48 26 31 0.176087
480 423 27 32 0.17111
608 449 30 38 0.168074
561 419 22 27 0.166899
926 245 23 27 0.163098
283 123 21 26 0.161636
129 164 29 34 0.15948
614 320 34 41 0.156948
521 333 36 43 0.156721
512 189 31 35 0.156119
755 450 24 31 0.153979
842 12 25 30 0.152338
286 222 21 23 0.151925
620 226 40 48 0.144993
103 447 42 54 0.144302
163 375 24 29 0.141424
878 275 27 33 0.141355
309 235 21 25 0.140495
357 233 23 28 0.140448
11 153 25 30 0.139455
377 466 21 27 0.138047
154 439 29 34 0.137431
791 103 32 38 0.136354
13 495 33 39 0.133412
583 61 36 48 0.133304
255 289 31 39 0.132161
451 288 28 34 0.131907
801 60 28 34 0.131327
336 197 30 38 0.129742
309 389 28 33 0.129092
71 305 24 31 0.127523
42 305 22 27 0.127308
87 341 22 25 0.127279
315 4 29 35 0.126142
776 0 30 35 0.125983
550 239 26 27 0.124495
938 344 24 26 0.121501
907 242 28 33 0.121263
364 155 28 33 0.119219
481 500 20 24 0.118094
365 30 28 31 0.117816
167 237 23 29 0.117182
280 316 25 28 0.115517
376 73 28 34 0.114698
800 47 23 28 0.114293
124 300 24 30 0.114231
732 525 23 28 0.113942
66 202 43 50 0.112608
641 264 25 35 0.112584
381 28 28 35 0.110512
46 348 24 28 0.109994
91 309 21 23 0.108401
579 227 47 62 0.107883
527 392 25 31 0.107676
170 173 28 33 0.105191
353 402 20 27 0.104135
903 414 30 34 0.102195
125 89 29 36 0.101978
