snow/snow_00170
145
720 418 26 28 0.891916
127 367 116 140 0.804617
456 275 186 222 0.780412
984 494 28 35 0.780331
237 605 78 92 0.724044
680 110 23 27 0.704379
175 85 74 86 0.669687
583 1009 28 30 0.633123
523 166 156 188 0.620766
905 330 20 24 0.612012
669 149 70 80 0.607973
521 1001 19 23 0.607583
433 988 47 55 0.585589
347 197 25 32 0.521771
240 164 29 37 0.512291
824 398 36 41 0.495126
859 801 21 23 0.493994
0 19 26 32 0.487999
654 894 19 22 0.486552
459 575 21 25 0.467625
553 835 30 43 0.447218
883 361 28 30 0.438549
688 925 31 37 0.433654
51 72 26 34 0.42709
382 186 38 47 0.426862
626 517 20 26 0.420605
643 863 29 33 0.420104
916 271 21 29 0.410868
973 354 23 30 0.406001
718 817 22 26 0.401226
278 61 23 28 0.395472
109 115 24 32 0.39404
619 334 65 78 0.393096
977 325 28 33 0.378813
722 182 26 33 0.361216
480 830 20 27 0.351482
263 605 82 92 0.348628
168 202 42 56 0.33726
868 416 24 30 0.336245
851 187 52 60 0.334634
913 -1 22 27 0.332826
673 367 21 28 0.332655
297 272 27 31 0.325271
734 385 31 36 0.317444
909 812 28 31 0.311415
250 154 26 35 0.294664
706 114 22 28 0.286327
196 300 29 33 0.28201
451 842 31 42 0.277012
927 432 24 31 0.270186
659 209 86 106 0.269379
656 948 41 50 0.265989
640 689 27 36 0.262087
915 464 27 34 0.254549
617 848 33 39 0.249813
848 156 58 69 0.245255
970 277 20 26 0.242891
787 761 27 31 0.238777
783 801 26 28 0.232273
560 919 22 28 0.220079
1002 445 19 26 0.219562
88 393 33 37 0.217924
323 481 20 24 0.217845
864 249 24 27 0.216653
625 828 20 24 0.21357
735 852 22 28 0.211194
819 951 30 36 0.210539
409 162 71 85 0.2101
935 47 84 115 0.209273
653 796 41 55 0.204212
994 189 27 39 0.203086
229 58 21 26 0.200801
702 379 24 31 0.199701
924 396 23 30 0.197424
356 72 72 88 0.195056
38 418 27 32 0.180445
746 136 21 25 0.179177
268 154 29 38 0.179033
831 295 26 29 0.178613
263 0 38 45 0.177698
557 1007 29 33 0.176988
249 243 30 38 0.172829
954 0 21 27 0.172185
714 498 20 24 0.171577
169 312 25 33 0.170154
973 379 40 43 0.168046
958 199 20 31 0.167348
659 91 21 27 0.166335
798 162 29 33 0.164356
322 268 35 45 0.163167
724 675 22 30 0.162722
358 452 15 18 0.162497
16 12 20 25 0.162398
755 724 17 21 0.160859
497 591 37 45 0.160161
99 182 59 84 0.160069
46 198 46 55 0.15827
913 249 32 39 0.156783
705 882 34 44 0.156041
235 422 19 24 0.154496
841 40 21 27 0.154054
657 622 51 64 0.152321
635 477 26 33 0.151664
887 33 31 39 0.148137
840 295 34 40 0.147723
566 959 56 61 0.146398
949 410 22 27 0.145643
973 891 17 19 0.144387
560 794 22 30 0.144009
231 20 24 29 0.143349
334 91 25 33 0.142371
267 66 22 27 0.14181
541 1015 23 25 0.139751
843 943 24 28 0.139686
357 297 21 26 0.139527
970 341 23 27 0.138764
765 157 17 19 0.136616
964 420 42 51 0.13519
949 147 22 28 0.134527
27 101 23 29 0.132704
775 486 20 25 0.130606
165 -7 35 40 0.130342
232 297 33 39 0.12962
178 262 30 38 0.129208
774 54 25 30 0.124978
440 363 24 34 0.12475
334 452 17 19 0.124681
724 845 20 25 0.120288
731 879 20 25 0.119602
43 83 35 46 0.119524
200 235 20 26 0.118884
275 72 19 24 0.118528
295 443 25 31 0.117548
690 992 25 30 0.116331
211 61 27 33 0.11438
682 888 27 35 0.111395
129 38 43 54 0.108876
674 895 27 32 0.107575
99 171 27 33 0.105338
460 981 23 27 0.104729
667 710 18 22 0.104324
246 80 33 41 0.103857
650 319 35 47 0.103296
903 93 30 42 0.103114
5 270 23 27 0.101245
