snow/snow_00479
33
421 238 73 104 0.999993
728 517 31 42 0.888813
849 619 38 43 0.748916
30 506 27 32 0.631542
704 618 26 29 0.51579
302 568 51 56 0.462478
512 454 20 22 0.457125
913 281 22 28 0.444817
167 379 26 32 0.410385
308 606 42 54 0.364606
726 512 16 19 0.363319
803 608 43 48 0.353239
948 446 37 41 0.348637
379 336 24 29 0.303723
742 589 26 33 0.282209
645 604 65 72 0.281674
822 412 27 29 0.260118
20 482 18 22 0.255056
31 607 45 50 0.238169
837 612 38 42 0.234057
370 300 27 37 0.227843
390 371 20 25 0.200155
146 554 18 22 0.194768
16 606 19 23 0.194648
508 451 17 20 0.174633
759 589 41 48 0.170244
838 630 38 45 0.156338
39 339 30 36 0.156336
736 640 26 27 0.147775
426 333 31 41 0.138682
980 368 21 24 0.137297
439 383 39 49 0.122592
332 343 22 26 0.119587
