snow/snow_00463
39
603 240 21 27 1
648 43 20 23 0.605579
562 166 35 45 0.604864
950 20 20 25 0.58588
860 173 28 35 0.475446
669 212 39 41 0.465512
529 170 26 31 0.4065
558 337 30 38 0.385834
55 284 21 23 0.367579
173 311 22 26 0.350451
579 403 25 31 0.33309
349 177 38 47 0.307583
974 3 21 30 0.305623
429 517 25 29 0.29589
67 87 21 27 0.293767
644 336 13 16 0.283775
323 67 23 27 0.256324
389 -3 22 26 0.230105
760 229 25 32 0.212952
714 371 22 26 0.212473
966 224 27 36 0.195159
540 51 20 25 0.187619
678 52 19 22 0.175799
748 174 30 39 0.144226
988 453 25 29 0.142232
920 171 29 38 0.139562
429 170 31 38 0.133182
551 171 24 30 0.130546
975 203 25 31 0.129574
317 347 29 33 0.129508
983 37 28 37 0.118457
446 65 28 32 0.115539
516 21 23 26 0.114683
81 282 23 25 0.114092
567 212 48 53 0.106371
65 33 19 25 0.106024
572 320 38 49 0.104611
471 61 19 24 0.103398
598 453 19 24 0.101495
