snow/snow_00475
46
457 145 141 188 0.988795
880 127 43 50 0.791361
969 75 19 23 0.776481
951 94 22 28 0.707808
964 57 24 29 0.702636
973 68 22 25 0.675862
959 65 22 29 0.647142
945 107 24 27 0.530271
50 193 21 27 0.523306
258 205 22 26 0.457093
887 107 47 53 0.429863
967 33 20 22 0.387856
904 35 45 52 0.369815
924 98 31 40 0.369318
881 53 21 26 0.363859
981 62 14 17 0.31733
254 272 22 26 0.312085
52 47 44 52 0.290041
858 517 66 73 0.289495
161 236 19 22 0.257147
17 71 24 31 0.254765
724 418 21 26 0.202692
552 425 19 27 0.191418
794 537 29 33 0.184023
904 92 20 29 0.183317
115 212 20 25 0.180144
140 306 17 21 0.17138
695 172 21 26 0.168925
658 102 22 30 0.16222
140 244 25 29 0.161219
126 235 22 27 0.15889
133 261 29 42 0.157874
955 88 21 27 0.155112
27 94 39 48 0.148993
903 83 21 28 0.139791
946 65 18 23 0.13857
195 239 21 27 0.121714
254 217 24 28 0.119037
86 51 47 61 0.113713
38 115 31 38 0.106748
774 481 19 24 0.104908
912 519 46 51 0.103493
818 151 23 33 0.101937
923 418 44 48 0.101744
990 48 12 16 0.10155
939 82 21 29 0.10004
