snow/snow_00168
187
375 211 29 40 0.999996
684 262 25 31 0.999866
468 208 26 31 0.999866
475 305 24 32 0.99937
500 261 26 33 0.999192
607 346 23 33 0.9984
258 284 25 33 0.994993
422 325 22 30 0.994662
587 287 31 39 0.991138
214 268 21 27 0.985316
362 281 31 39 0.977169
636 222 23 34 0.973098
282 238 21 29 0.954515
70 321 23 28 0.941256
364 250 24 29 0.869605
756 286 25 28 0.866779
555 515 18 24 0.764688
519 338 25 32 0.764113
529 220 18 23 0.732897
211 509 18 23 0.731534
897 376 31 42 0.717728
795 207 18 23 0.711892
817 271 34 44 0.694102
400 182 23 32 0.689543
762 254 21 25 0.637999
230 575 22 26 0.618373
353 423 20 24 0.61565
299 299 26 31 0.614632
667 298 30 35 0.568264
574 542 23 29 0.566039
836 205 19 22 0.54863
986 292 22 34 0.538662
374 186 27 33 0.513895
872 195 27 35 0.507726
460 138 18 21 0.50437
358 322 30 41 0.498013
356 246 24 31 0.49412
229 240 21 26 0.476596
528 365 19 27 0.475563
901 321 29 34 0.460329
121 198 21 27 0.448051
134 272 25 33 0.446119
713 611 21 26 0.442472
372 432 22 30 0.441425
609 190 38 47 0.439278
590 522 41 53 0.435602
38 348 28 32 0.42813
738 535 22 28 0.426432
198 541 24 29 0.419629
898 337 24 32 0.409421
361 138 17 21 0.396831
641 250 33 44 0.394277
666 568 33 39 0.369023
316 532 26 31 0.350819
48 242 18 22 0.344922
422 489 22 26 0.343492
180 386 15 23 0.328134
119 447 25 31 0.31246
974 210 22 31 0.311026
423 230 23 26 0.301389
38 179 23 28 0.299809
596 503 24 33 0.29811
521 234 25 31 0.290925
884 198 24 32 0.290227
575 468 20 27 0.28906
234 463 27 32 0.285745
383 300 23 28 0.281175
839 510 18 25 0.273277
764 450 26 35 0.267341
136 301 28 37 0.265462
637 382 54 67 0.262371
981 388 21 26 0.260871
404 494 25 32 0.259367
943 145 23 29 0.246344
178 551 26 30 0.245751
900 346 28 32 0.244603
61 284 22 29 0.243046
174 506 48 54 0.239943
543 331 17 23 0.236485
798 105 19 24 0.235329
162 373 21 28 0.233487
877 415 21 33 0.232974
408 245 24 33 0.232595
733 311 20 24 0.227698
474 262 24 28 0.226613
361 161 22 28 0.225074
982 254 23 33 0.223628
178 458 20 23 0.223421
193 454 19 24 0.220355
991 357 23 33 0.219659
442 171 15 20 0.218655
912 233 24 38 0.217338
796 91 22 30 0.215054
994 527 25 30 0.212348
402 169 17 21 0.210128
108 131 22 27 0.208587
513 363 18 25 0.207562
595 385 47 54 0.206799
434 240 21 26 0.206508
715 441 28 37 0.205658
919 311 22 27 0.201517
640 449 29 34 0.194629
976 242 24 34 0.193189
97 238 26 31 0.191378
580 345 19 20 0.187443
457 111 23 28 0.185961
104 309 24 30 0.183812
281 358 23 31 0.18328
449 509 22 30 0.18309
327 232 34 44 0.182949
614 451 27 33 0.180596
864 199 27 34 0.177016
266 228 24 32 0.176692
892 333 23 30 0.176662
812 216 20 24 0.17521
30 319 25 29 0.174779
346 318 13 16 0.174552
699 208 24 30 0.174316
951 310 20 25 0.172021
751 550 24 31 0.17137
563 356 16 21 0.170705
690 177 19 25 0.169559
407 450 27 33 0.167038
565 79 23 30 0.166675
824 69 24 27 0.166508
219 121 29 36 0.166264
998 32 21 25 0.165475
137 227 37 52 0.165134
771 262 48 58 0.163523
223 466 22 30 0.163072
191 319 27 41 0.161556
488 514 23 30 0.158204
376 395 21 27 0.15514
854 205 24 31 0.154826
620 507 21 29 0.154774
349 244 23 28 0.154482
25 362 24 29 0.153679
513 297 17 26 0.153673
342 365 18 22 0.153317
502 698 41 46 0.153141
552 310 27 31 0.150368
894 237 23 29 0.150284
940 417 23 30 0.149342
181 567 29 33 0.148934
598 189 22 29 0.148283
576 480 20 26 0.14817
17 350 26 28 0.145364
452 500 17 24 0.144865
311 494 21 29 0.142022
739 133 21 27 0.138501
371 483 24 31 0.135388
973 193 26 36 0.134412
816 539 20 26 0.13293
437 207 24 29 0.13144
965 55 22 27 0.129807
881 300 28 36 0.128467
632 199 26 37 0.125996
492 219 21 25 0.12492
507 304 21 30 0.123468
4 220 55 65 0.123265
816 480 32 39 0.122844
320 239 20 29 0.118653
52 384 21 25 0.117252
861 223 24 35 0.117102
689 241 28 34 0.116875
522 148 25 32 0.115874
186 237 23 25 0.114996
407 365 38 42 0.114248
153 274 23 29 0.11419
728 540 22 29 0.112923
929 194 22 28 0.112448
403 533 18 22 0.112231
692 84 26 35 0.11129
442 159 19 24 0.110335
884 271 45 53 0.10804
77 129 23 31 0.107174
904 258 35 42 0.106992
365 368 29 37 0.106098
256 389 24 29 0.104078
213 369 23 33 0.103994
478 207 28 36 0.103523
973 572 21 24 0.102326
68 245 24 34 0.101984
257 161 18 23 0.101268
677 197 28 38 0.101121
665 232 24 32 0.100994
576 176 33 42 0.100544
