snow/snow_00487
56
293 86 44 48 0.960564
169 154 28 32 0.617842
15 398 33 41 0.585903
28 282 189 232 0.534155
562 292 23 28 0.455254
351 614 27 30 0.442919
247 325 37 43 0.432112
357 540 24 32 0.409757
328 455 43 53 0.408179
406 353 26 33 0.394908
76 580 25 28 0.384607
327 546 28 34 0.371404
37 213 82 97 0.367117
394 238 28 35 0.342325
109 475 60 70 0.327696
254 20 40 47 0.325869
853 311 23 29 0.32344
360 368 25 32 0.314327
600 233 25 29 0.310822
112 177 40 47 0.289645
358 396 74 84 0.279446
14 168 40 48 0.262287
385 289 28 33 0.259432
111 205 38 45 0.255936
195 483 43 46 0.253497
667 232 24 30 0.252404
274 366 31 44 0.249989
117 528 39 44 0.231288
442 287 20 27 0.225772
148 489 34 42 0.222206
214 -1 22 25 0.216283
467 522 33 38 0.209744
581 339 20 25 0.196501
56 233 83 105 0.185921
334 556 46 55 0.181812
352 388 33 39 0.180217
487 582 28 35 0.179625
339 614 30 35 0.167376
125 259 53 70 0.165404
207 220 28 33 0.158286
13 461 30 39 0.155833
694 258 23 29 0.148785
335 626 51 59 0.14864
387 157 48 58 0.144922
670 248 25 30 0.144165
922 379 29 33 0.142651
258 350 24 31 0.140154
551 179 33 37 0.139715
411 299 22 30 0.134098
98 98 24 31 0.121867
132 626 31 37 0.110642
216 315 47 59 0.109576
362 355 26 34 0.105337
97 590 41 49 0.104762
292 187 28 33 0.104129
151 87 31 38 0.102955
