snow/snow_00471
93
363 104 93 108 1
272 114 41 51 0.907336
660 127 22 27 0.843217
202 21 37 48 0.749355
742 81 36 44 0.692837
453 179 20 23 0.682081
423 516 109 131 0.666302
554 148 24 30 0.640391
826 13 39 45 0.636842
352 380 32 37 0.612531
461 385 20 24 0.609715
460 261 20 24 0.60233
581 243 31 40 0.579281
764 0 24 30 0.557644
557 52 22 30 0.493368
530 359 27 35 0.480892
457 166 25 30 0.480831
599 6 22 27 0.474184
221 30 30 39 0.46713
237 117 43 55 0.398913
529 232 28 35 0.398623
359 351 21 30 0.384371
490 219 23 29 0.369804
353 262 29 38 0.358066
538 224 25 34 0.357587
512 144 29 40 0.34866
503 100 26 34 0.343306
446 33 25 34 0.338931
455 421 19 22 0.335645
543 237 23 26 0.327222
277 5 24 32 0.325144
485 -1 29 35 0.322789
774 30 45 50 0.319599
516 190 22 30 0.316942
40 22 35 45 0.301355
277 169 25 31 0.296568
27 155 24 28 0.294951
264 294 37 48 0.288709
236 270 26 31 0.285658
256 164 26 33 0.269949
556 95 40 55 0.263929
602 45 28 39 0.25479
696 263 50 55 0.254281
274 238 24 32 0.250699
280 16 23 30 0.245808
947 112 24 30 0.239464
396 9 32 38 0.238916
113 41 32 39 0.23709
985 303 21 27 0.237037
731 59 22 27 0.233755
507 129 21 27 0.226558
450 228 26 35 0.224502
306 448 81 90 0.214757
49 80 25 31 0.211111
402 484 35 40 0.210627
187 4 34 44 0.207281
237 31 25 33 0.201463
713 173 41 47 0.20095
473 104 23 33 0.199754
508 317 45 57 0.199661
540 277 23 29 0.199566
540 -4 37 48 0.194148
856 297 34 38 0.193209
617 182 24 29 0.192584
645 106 24 33 0.185497
137 239 48 55 0.183981
269 216 23 30 0.176571
411 589 24 29 0.173122
51 176 19 24 0.162067
488 445 22 27 0.160897
328 309 24 31 0.160349
630 85 23 29 0.154014
698 76 36 43 0.150667
213 78 28 37 0.150614
205 239 20 25 0.146652
956 104 23 28 0.144445
523 612 22 29 0.144332
503 164 21 31 0.130727
935 62 43 57 0.130432
600 326 30 36 0.130215
172 48 37 47 0.127625
747 36 22 28 0.125823
558 254 24 30 0.1253
533 51 24 32 0.122957
844 38 25 29 0.12068
478 175 27 36 0.118648
431 456 15 20 0.113787
640 206 26 29 0.109902
603 153 22 28 0.105529
875 324 21 27 0.104364
421 13 27 34 0.102853
623 0 36 47 0.100698
592 155 18 24 0.100368
