snow/snow_00199
91
509 346 31 40 0.999998
626 340 35 41 0.999955
850 326 41 47 0.99992
697 252 22 26 0.999827
408 341 37 49 0.999552
456 366 25 32 0.9562
759 327 39 45 0.900307
677 605 28 30 0.681334
476 449 36 45 0.655049
728 590 35 48 0.636304
187 395 33 39 0.569815
607 613 20 26 0.55094
594 326 18 21 0.519156
767 351 29 44 0.518832
3 608 39 46 0.492227
937 437 77 90 0.488656
566 374 31 35 0.465738
55 402 27 30 0.458935
708 431 21 26 0.435842
973 305 33 37 0.433628
914 488 40 46 0.419037
530 518 36 45 0.397838
762 536 62 87 0.397402
173 553 28 33 0.391867
738 655 15 23 0.389965
694 539 24 28 0.38759
683 490 21 33 0.376579
558 409 19 24 0.372006
992 367 27 31 0.370668
355 288 27 33 0.349834
159 15 23 27 0.32742
249 347 24 30 0.324121
102 413 24 28 0.320964
540 283 21 24 0.309988
12 518 32 39 0.305268
197 34 26 32 0.303686
585 567 17 21 0.293559
626 329 24 29 0.289286
589 561 18 24 0.273755
760 367 23 32 0.264868
91 456 20 23 0.263882
640 640 24 29 0.262015
785 322 22 34 0.260428
412 33 37 44 0.250272
98 423 34 38 0.249526
638 633 22 27 0.245461
585 614 34 45 0.243554
695 262 30 40 0.241296
128 20 22 27 0.23097
612 525 26 34 0.225581
318 342 29 33 0.209044
451 419 22 29 0.206195
899 298 24 33 0.204829
758 630 26 37 0.203059
745 459 23 27 0.19316
620 284 49 63 0.192609
111 395 24 29 0.191952
84 403 19 21 0.190079
502 569 23 30 0.189435
795 146 18 22 0.188216
69 410 32 38 0.18121
366 619 37 43 0.179985
94 440 27 33 0.17555
39 404 25 31 0.166312
558 574 31 38 0.163289
73 461 21 23 0.160731
62 521 23 27 0.153396
573 536 33 42 0.147205
205 -5 48 52 0.141605
808 387 43 50 0.138091
663 294 37 44 0.135726
725 423 29 37 0.130828
382 619 47 61 0.127787
755 311 31 41 0.127338
673 624 20 26 0.12279
776 431 65 86 0.122119
188 28 28 34 0.120335
606 534 24 36 0.116773
686 371 24 32 0.116467
613 594 28 34 0.116024
602 599 21 29 0.115567
629 645 26 30 0.115218
120 14 25 26 0.114767
482 363 29 34 0.114508
718 377 23 30 0.111194
30 223 36 46 0.110587
7 430 39 53 0.109039
522 419 24 31 0.107056
478 375 25 35 0.104343
875 322 31 40 0.101725
652 318 28 37 0.100508
