snow/snow_00405
42
651 178 36 46 0.999959
672 6 28 29 0.591417
576 472 37 45 0.589194
916 48 40 50 0.523279
967 34 37 48 0.489045
995 65 22 27 0.487028
622 395 21 25 0.466264
541 552 29 34 0.440243
98 115 46 57 0.402167
690 210 77 87 0.33321
591 385 31 39 0.314525
89 53 56 67 0.307967
607 389 24 27 0.305571
23 526 19 22 0.302207
984 330 25 29 0.277491
160 126 32 41 0.273309
777 65 52 60 0.267322
923 80 33 38 0.246659
734 503 25 31 0.244073
202 138 29 36 0.236158
546 370 51 62 0.235213
512 45 60 64 0.231627
247 35 24 31 0.183628
647 152 44 55 0.176133
292 59 38 46 0.172402
582 142 26 32 0.16467
683 170 19 26 0.150771
798 49 22 24 0.147661
563 67 48 54 0.141934
919 380 24 27 0.137239
382 -3 34 43 0.136076
614 21 80 95 0.135261
822 208 23 25 0.133143
741 -4 26 31 0.125407
51 376 32 37 0.121321
936 134 18 23 0.111593
702 492 20 25 0.109608
819 522 25 31 0.107279
904 165 22 25 0.101473
109 405 26 30 0.100779
977 78 19 25 0.100496
157 22 21 27 0.100483
