snow/snow_00197
103
843 264 28 31 0.999951
981 246 30 34 0.907471
717 457 70 94 0.900997
899 363 24 31 0.823979
717 293 25 29 0.786338
635 225 21 25 0.676811
199 479 25 32 0.618045
959 677 56 62 0.579209
693 125 37 43 0.57414
932 296 31 38 0.553236
80 553 38 38 0.545371
256 278 35 38 0.538147
991 295 19 21 0.536292
969 13 48 54 0.515151
866 238 24 35 0.510704
999 121 18 23 0.503466
791 283 22 28 0.44375
700 37 25 30 0.433856
597 441 62 67 0.426955
202 468 22 27 0.4215
801 238 38 45 0.410739
146 242 32 36 0.404214
657 284 33 37 0.389445
906 349 24 28 0.37947
206 378 28 35 0.376706
263 445 21 28 0.344831
381 347 82 93 0.339584
491 424 34 39 0.331363
954 262 20 22 0.331056
830 2 34 39 0.327264
242 387 23 27 0.322057
506 27 24 32 0.317782
997 207 17 21 0.310603
959 127 34 38 0.302543
903 130 32 35 0.301109
969 330 20 24 0.297082
567 216 23 25 0.297012
588 276 31 36 0.293977
905 96 28 33 0.293662
557 533 24 28 0.290872
665 509 43 52 0.286626
673 314 30 33 0.286319
535 669 40 46 0.279053
294 360 21 25 0.272873
645 223 56 60 0.269553
766 124 31 38 0.263887
813 223 45 53 0.258538
738 205 34 41 0.256453
593 217 25 28 0.250543
946 268 19 21 0.241415
615 165 24 32 0.241209
832 331 38 61 0.241107
288 442 17 20 0.240431
857 235 20 24 0.233048
125 380 31 42 0.227237
818 270 20 24 0.226927
747 36 24 28 0.223533
202 493 21 27 0.221136
698 273 23 28 0.217904
503 369 35 47 0.215673
226 542 21 26 0.21289
677 559 27 32 0.207393
322 365 27 31 0.194833
778 112 45 49 0.191003
645 206 21 26 0.189989
458 476 21 29 0.189346
241 532 31 35 0.181646
958 119 22 27 0.179954
206 441 35 39 0.178751
732 68 32 40 0.178253
666 174 41 46 0.175004
802 364 22 26 0.172655
167 478 25 32 0.169458
845 283 39 53 0.167424
935 48 23 26 0.164398
299 382 37 43 0.156205
555 568 24 28 0.155025
470 455 23 34 0.152048
454 372 29 42 0.151447
661 366 15 17 0.145298
837 235 31 34 0.143396
509 500 25 30 0.142875
160 387 42 61 0.141225
74 123 22 27 0.140267
148 376 21 30 0.13998
695 355 20 24 0.13964
973 155 22 24 0.138618
613 261 33 36 0.133912
936 646 40 46 0.132891
293 456 24 31 0.129259
770 183 23 30 0.128353
864 126 18 23 0.126794
914 240 19 23 0.124282
474 0 17 21 0.117363
221 495 30 38 0.11534
702 254 22 28 0.114052
371 304 61 70 0.114007
498 443 40 56 0.113585
782 236 19 24 0.109845
859 257 24 36 0.107502
809 170 13 17 0.107478
892 193 28 31 0.106542
595 181 20 28 0.10415
