snow/snow_00410
25
198 288 18 22 0.90888
657 160 28 33 0.908627
574 199 20 24 0.875154
831 424 28 37 0.753045
434 231 23 29 0.725697
687 336 19 24 0.60924
859 180 23 32 0.539576
769 110 27 31 0.502168
749 418 45 57 0.460472
382 236 21 26 0.397171
747 264 28 35 0.311389
708 245 29 36 0.300427
632 382 36 51 0.253407
572 394 21 31 0.220728
754 386 41 52 0.21861
839 149 35 49 0.208929
178 425 40 56 0.206223
823 492 34 41 0.19431
262 440 22 29 0.189728
805 111 25 32 0.171488
471 331 24 34 0.163126
814 360 48 62 0.154507
769 121 30 37 0.143534
744 200 38 52 0.115574
729 277 23 33 0.113026
