snow/snow_00478
47
44 367 14 16 0.982424
773 384 27 33 0.748112
584 465 51 60 0.712929
808 387 21 27 0.644443
571 478 34 39 0.6441
776 77 27 31 0.53185
34 246 12 15 0.52311
773 531 59 80 0.442204
561 370 61 82 0.393002
336 315 22 27 0.385502
679 400 27 30 0.380392
717 540 56 70 0.371595
852 731 22 25 0.35943
760 492 20 26 0.347599
611 596 21 28 0.335155
32 213 33 39 0.306955
818 482 56 71 0.297967
195 270 23 29 0.287269
903 307 14 17 0.278932
34 -6 26 35 0.276283
708 403 30 35 0.27261
346 367 27 33 0.270374
589 510 27 37 0.26363
987 417 33 38 0.256932
977 437 13 17 0.256634
893 449 31 36 0.244333
616 354 29 38 0.235728
573 454 28 33 0.228137
128 244 20 25 0.194705
155 490 22 27 0.19253
380 401 27 33 0.182382
342 387 30 37 0.18073
569 610 18 27 0.176451
120 13 19 26 0.170451
186 485 25 30 0.168186
471 405 22 35 0.165755
577 532 33 44 0.157419
348 418 44 59 0.144498
472 369 20 23 0.144465
37 38 21 26 0.139194
381 524 19 24 0.137444
27 667 29 34 0.136222
340 505 17 23 0.130135
106 324 33 45 0.128222
145 386 19 25 0.124672
184 393 16 24 0.120251
734 295 20 30 0.102426
