snow/snow_00184
134
466 260 118 134 0.997984
227 236 61 74 0.938647
749 487 64 75 0.777432
867 65 60 68 0.769852
392 609 56 79 0.763543
830 525 38 50 0.704654
419 99 25 32 0.695854
584 631 24 31 0.688147
105 533 31 38 0.665885
693 427 72 88 0.647366
459 479 40 51 0.611755
6 87 48 56 0.592014
407 376 40 45 0.587877
648 488 25 29 0.576565
974 87 45 62 0.544534
624 14 55 63 0.533346
594 422 18 23 0.522975
921 44 22 27 0.5067
366 620 56 68 0.484184
499 351 74 75 0.480794
768 562 37 46 0.477805
797 42 26 33 0.466666
722 600 26 31 0.465673
768 392 53 59 0.444126
955 396 58 70 0.43614
854 497 25 30 0.427889
890 238 49 62 0.419859
318 219 49 62 0.409242
339 442 43 57 0.408423
960 228 60 82 0.39903
279 51 26 33 0.398647
205 407 73 99 0.397344
692 27 57 69 0.389887
343 146 26 34 0.381767
716 377 42 51 0.37432
885 554 66 80 0.370256
497 490 37 42 0.368206
335 620 23 25 0.363909
331 273 35 43 0.352277
840 36 61 75 0.351369
159 179 83 95 0.350537
615 346 24 30 0.350158
233 213 49 64 0.33636
605 409 33 42 0.334064
306 356 43 55 0.325972
963 -9 36 41 0.323031
938 410 40 42 0.311665
593 162 75 84 0.301617
606 479 23 26 0.300332
645 219 111 122 0.293523
543 84 73 85 0.292404
424 189 27 32 0.286855
249 625 23 30 0.286402
803 125 27 33 0.274831
536 426 23 30 0.269161
153 325 39 44 0.257185
821 531 27 37 0.253998
564 474 28 34 0.253069
813 577 24 30 0.245305
382 285 15 21 0.244876
661 608 36 45 0.242245
861 175 28 30 0.237436
710 561 45 59 0.234469
547 461 30 32 0.231851
374 441 101 131 0.228854
555 633 34 43 0.226509
604 82 60 76 0.226178
974 476 33 42 0.222362
622 319 24 30 0.219853
841 556 34 44 0.214846
309 129 23 30 0.213094
437 107 26 37 0.202259
525 647 25 31 0.201523
13 495 83 102 0.201328
75 245 89 109 0.198273
309 321 27 33 0.194136
383 375 25 42 0.190977
483 192 22 27 0.188147
203 575 23 31 0.187277
895 349 20 24 0.184992
263 476 63 79 0.18311
186 534 36 45 0.180327
397 323 22 30 0.179554
492 472 26 33 0.174233
596 585 20 24 0.170873
560 465 26 33 0.170704
748 592 35 45 0.169919
77 453 48 61 0.169693
435 398 41 46 0.169307
701 503 34 45 0.169015
675 618 42 51 0.168962
607 497 18 28 0.168084
337 155 26 32 0.16458
524 507 36 44 0.163845
938 310 28 38 0.163348
394 88 40 50 0.16228
847 308 52 70 0.16137
630 261 18 26 0.161108
727 110 55 65 0.157553
588 279 25 32 0.155883
620 374 48 56 0.152534
401 244 32 42 0.152231
910 512 24 30 0.152104
25 432 78 92 0.15187
140 403 67 80 0.147576
573 256 19 26 0.147416
209 523 23 29 0.142052
206 500 31 40 0.139774
871 526 25 29 0.137499
29 572 42 52 0.135379
705 9 64 77 0.134274
431 257 33 40 0.133219
114 76 101 122 0.132349
934 23 24 29 0.12903
784 519 41 52 0.125889
240 499 29 37 0.124526
836 1 39 48 0.123055
424 26 73 88 0.121676
899 288 24 33 0.1203
863 368 29 35 0.117298
542 555 26 30 0.116528
354 390 79 125 0.114412
889 192 28 36 0.112952
539 602 21 25 0.112395
148 577 26 33 0.11201
352 72 34 43 0.110971
324 282 17 21 0.110886
262 629 33 42 0.11067
921 87 27 35 0.107584
289 114 29 33 0.105916
931 58 28 37 0.105722
248 333 58 74 0.103783
840 125 37 45 0.101685
525 464 26 34 0.101438
