snow/snow_00441
24
830 423 11 12 0.913065
582 399 23 27 0.548692
431 542 25 29 0.544252
0 478 33 43 0.541363
770 444 31 32 0.393693
456 298 30 37 0.355654
42 277 17 22 0.246387
1002 291 20 24 0.201737
80 342 20 26 0.187365
974 503 19 23 0.174449
388 549 28 30 0.172151
750 453 19 26 0.166915
143 192 36 38 0.163209
711 454 23 29 0.161593
778 547 28 32 0.157807
6 -6 29 35 0.155004
125 425 23 26 0.154271
178 235 16 19 0.14889
562 657 26 29 0.144537
791 467 18 22 0.140132
703 553 30 36 0.13931
888 500 22 29 0.118352
810 569 21 30 0.108719
957 508 17 21 0.106964
