snow/snow_00439
52
485 560 27 34 0.959262
904 84 24 29 0.911439
555 93 29 35 0.742302
721 538 43 49 0.720341
953 580 38 44 0.692236
622 166 37 50 0.657038
580 169 24 29 0.628994
556 110 26 30 0.612561
728 419 41 47 0.506335
170 428 23 29 0.474335
589 587 26 30 0.384764
859 566 66 80 0.377973
804 536 47 54 0.339029
866 207 77 96 0.337852
229 183 32 44 0.33459
754 475 30 36 0.329191
686 568 29 38 0.328885
940 42 34 39 0.310603
213 384 98 115 0.306702
690 546 37 48 0.298975
563 84 24 31 0.283223
327 46 23 29 0.278755
243 181 29 43 0.274409
560 546 45 52 0.259308
405 274 18 20 0.254345
833 530 45 46 0.231682
657 605 20 26 0.228779
826 152 15 19 0.221273
129 9 26 31 0.210751
770 547 29 32 0.188614
637 27 25 29 0.181475
725 23 27 30 0.175377
666 600 23 32 0.159892
630 383 31 37 0.156709
473 -6 34 42 0.146523
385 354 22 26 0.142177
882 287 29 36 0.140654
673 588 23 30 0.139339
451 83 20 26 0.134992
349 260 30 36 0.133962
337 78 21 24 0.130619
708 548 31 40 0.13053
275 82 17 20 0.125891
155 448 26 30 0.121605
965 132 21 26 0.120107
330 243 31 35 0.11874
599 208 23 28 0.114505
275 110 12 17 0.114413
445 267 17 22 0.110858
405 77 16 20 0.103978
994 674 26 31 0.103941
280 29 45 57 0.102008
