snow/snow_00188
83
445 149 188 243 0.998535
862 416 56 69 0.797121
652 239 39 50 0.700578
114 21 32 38 0.687794
659 85 92 107 0.643281
368 18 47 60 0.643247
567 132 31 39 0.64071
808 731 29 35 0.590565
821 665 38 45 0.57096
266 233 75 88 0.554231
822 395 73 92 0.53198
516 337 77 85 0.510169
302 599 27 33 0.481389
444 584 37 45 0.476872
81 683 36 43 0.427836
412 245 55 69 0.426842
877 627 35 43 0.398045
578 792 27 34 0.380741
226 597 27 34 0.356292
-7 435 127 161 0.339485
571 378 43 52 0.330582
599 621 29 34 0.326598
505 552 67 80 0.315936
854 72 32 37 0.312609
247 395 89 97 0.30069
678 399 53 63 0.279939
794 603 46 56 0.278342
664 258 35 43 0.256793
857 663 45 55 0.25388
755 669 30 38 0.246422
360 618 86 106 0.22694
375 395 45 55 0.220008
363 744 37 44 0.210972
215 523 39 47 0.210139
930 753 41 52 0.207658
216 226 55 65 0.198209
43 317 107 127 0.195164
768 83 28 35 0.194035
968 176 33 43 0.191195
58 728 30 39 0.186128
136 609 37 46 0.179001
12 283 107 130 0.178162
480 572 29 36 0.177447
665 277 28 36 0.174884
25 571 82 93 0.173609
885 228 41 47 0.171851
218 469 46 55 0.171435
720 306 79 93 0.169157
315 482 76 92 0.168641
471 635 27 34 0.168004
589 647 46 57 0.167808
159 421 42 50 0.165427
357 329 76 98 0.15785
735 545 40 45 0.157521
54 787 31 39 0.155874
893 659 85 112 0.154445
249 686 40 48 0.15109
474 361 81 99 0.150823
790 464 30 35 0.150499
245 283 128 162 0.149149
730 735 28 36 0.147777
823 555 27 35 0.144284
923 625 92 126 0.143729
441 432 47 56 0.14264
293 679 68 85 0.139666
827 155 35 43 0.138918
436 754 26 32 0.13488
678 754 32 40 0.129675
106 625 26 32 0.124607
389 313 51 62 0.121822
789 396 54 65 0.117873
5 170 139 167 0.115957
220 554 36 46 0.115226
117 591 26 32 0.111746
811 36 34 42 0.110409
295 778 30 37 0.109837
448 616 27 35 0.108723
857 524 38 49 0.105942
419 583 45 53 0.105938
487 618 68 84 0.105486
297 628 35 44 0.104464
324 762 40 48 0.102867
558 407 42 51 0.100369
