snow/snow_00450
96
445 372 130 166 0.999862
968 1103 24 30 0.743512
386 1277 26 31 0.713008
474 742 18 22 0.601392
627 1018 35 44 0.569349
568 1294 23 28 0.545452
485 1231 20 30 0.544541
740 446 43 61 0.51152
579 319 20 22 0.495401
378 1470 21 28 0.459335
902 314 38 40 0.449994
357 957 18 22 0.4071
343 718 21 26 0.406142
811 59 22 26 0.405678
578 1371 18 21 0.400302
250 533 22 25 0.314608
349 1467 18 21 0.311342
988 326 32 37 0.310148
279 906 19 24 0.303099
963 1187 24 31 0.298082
540 535 17 22 0.285263
408 536 40 48 0.278375
406 769 25 28 0.277937
982 1047 25 30 0.277736
280 315 29 33 0.268151
336 804 27 33 0.265754
961 675 26 32 0.262632
368 1459 17 20 0.256657
51 475 20 25 0.245187
566 1217 19 23 0.245123
567 691 30 36 0.244218
974 773 24 28 0.241816
321 851 22 27 0.229365
517 668 21 25 0.223175
531 561 19 23 0.222924
351 862 21 26 0.222539
273 708 21 27 0.217741
594 1207 23 26 0.215139
800 651 28 35 0.214711
541 1244 30 37 0.212509
737 574 26 32 0.211965
523 1198 18 23 0.199772
431 359 39 48 0.1962
365 893 19 24 0.181224
354 1156 22 27 0.178486
391 1380 23 27 0.172846
430 455 17 24 0.171405
787 806 19 22 0.170862
431 1321 36 45 0.164647
607 371 32 39 0.16462
432 463 17 24 0.16216
697 92 23 26 0.16213
968 355 24 29 0.160671
292 1003 24 29 0.160469
89 397 24 29 0.159973
394 669 23 29 0.156506
299 621 19 22 0.154995
435 1306 22 27 0.154297
948 354 28 33 0.153164
772 637 22 27 0.152935
349 1303 17 21 0.152094
287 876 19 24 0.150319
681 675 20 26 0.150218
858 372 23 30 0.147602
305 888 19 25 0.14474
423 407 18 26 0.143997
613 964 15 18 0.141948
60 519 25 33 0.141558
388 1355 23 28 0.141542
774 579 24 31 0.139404
628 1446 21 27 0.138885
701 813 18 24 0.137383
614 528 25 31 0.129842
326 959 20 28 0.128762
226 602 23 26 0.12833
762 625 15 19 0.127085
946 941 24 30 0.125496
569 1015 24 30 0.124356
309 651 27 34 0.123372
393 1198 19 25 0.121597
722 810 18 23 0.117531
330 984 19 28 0.11705
390 1260 22 26 0.114196
340 1172 22 29 0.113432
404 1282 18 22 0.112044
746 519 19 22 0.109822
970 1151 20 25 0.109691
551 1221 17 22 0.107199
549 125 19 25 0.10707
576 723 14 18 0.106352
940 54 15 19 0.105813
609 1270 18 24 0.101821
780 50 25 30 0.10178
619 316 23 25 0.100965
587 1041 95 119 0.100738
553 268 53 54 0.1
