snow/snow_00174
23
289 158 48 53 0.998838
462 470 28 33 0.594681
265 258 29 35 0.516487
311 320 29 36 0.304042
838 218 19 21 0.301115
264 500 24 32 0.223724
349 271 25 31 0.21387
234 406 18 24 0.210728
207 466 29 35 0.19027
28 25 41 61 0.189606
245 429 22 28 0.188756
215 417 17 24 0.179023
312 477 44 51 0.175713
831 214 21 23 0.160232
428 293 22 28 0.154259
294 181 44 54 0.14911
208 395 21 29 0.135232
341 186 23 27 0.133063
291 365 121 135 0.126143
7 130 24 28 0.124835
418 278 24 30 0.123709
15 131 28 31 0.109329
378 344 32 40 0.101703
