snow/snow_00436
54
254 264 19 25 0.999523
235 318 21 32 0.943871
57 554 22 25 0.566542
303 564 25 30 0.557161
24 435 29 38 0.498952
627 322 26 33 0.435532
846 116 31 35 0.418679
838 244 42 53 0.412717
764 265 97 116 0.410551
69 340 24 28 0.404333
563 430 20 24 0.39453
574 296 20 23 0.394497
481 363 21 27 0.370282
387 238 27 33 0.336611
680 362 17 20 0.330863
196 354 24 25 0.315591
104 304 103 131 0.314591
503 334 29 37 0.293744
847 491 19 20 0.281208
338 370 21 27 0.276673
886 364 17 26 0.268987
71 532 23 29 0.252956
780 102 14 16 0.251096
460 504 25 33 0.238807
705 340 55 74 0.222205
967 63 29 33 0.22001
527 437 39 50 0.205371
430 500 24 30 0.203254
765 410 17 21 0.193651
11 188 15 21 0.185057
875 294 19 21 0.177611
562 303 26 30 0.171567
196 625 35 48 0.170769
435 485 14 17 0.170706
77 427 36 44 0.169216
493 635 24 29 0.165943
572 456 19 26 0.152874
308 345 28 39 0.150531
476 368 22 27 0.150161
101 427 23 27 0.141698
842 296 32 39 0.139938
779 444 52 64 0.136795
328 381 31 45 0.13319
195 504 27 29 0.131083
53 470 27 39 0.128769
843 176 22 27 0.127896
858 472 19 25 0.125017
326 334 13 15 0.123371
20 622 23 28 0.122446
704 129 12 14 0.118889
2 403 22 30 0.113759
841 127 28 30 0.108061
836 121 19 26 0.106829
469 365 20 22 0.103275
