snow/snow_00192
76
830 147 33 36 0.995742
966 148 13 17 0.949859
254 161 38 39 0.868967
488 340 35 45 0.849254
373 113 24 29 0.796965
605 153 24 29 0.74772
506 153 32 37 0.718171
510 120 29 38 0.673559
376 557 30 36 0.656322
499 388 21 26 0.605413
820 149 33 38 0.605225
846 150 33 40 0.568521
792 212 38 47 0.56423
380 523 23 27 0.551037
48 15 27 33 0.484861
362 502 22 28 0.479822
849 196 28 34 0.463594
293 228 24 32 0.421939
960 183 39 44 0.409508
275 536 29 32 0.391515
716 315 43 55 0.375356
843 467 24 27 0.351358
112 384 30 39 0.345155
911 429 21 29 0.309313
464 220 25 33 0.297994
787 130 38 48 0.294304
400 271 25 32 0.292839
328 185 29 37 0.292323
498 121 27 35 0.27872
333 622 22 27 0.277223
305 145 34 49 0.266872
518 145 25 31 0.257641
883 161 32 40 0.248496
189 422 29 32 0.247683
636 185 19 25 0.240396
234 316 28 35 0.232786
193 583 29 34 0.221981
445 378 28 31 0.218937
905 448 38 48 0.216262
662 129 24 26 0.205073
383 25 69 90 0.199629
32 14 26 33 0.199269
337 231 23 30 0.197736
871 76 57 66 0.19335
685 124 33 40 0.192563
250 142 33 46 0.191811
300 602 31 35 0.183935
626 86 32 40 0.182793
163 154 39 45 0.179744
46 5 28 31 0.163199
705 287 24 29 0.162927
815 249 25 31 0.160859
915 135 24 35 0.15822
71 11 30 35 0.155959
582 237 26 33 0.150807
757 144 15 18 0.150304
810 86 51 56 0.147652
264 190 31 39 0.143436
328 589 30 36 0.143059
965 233 36 39 0.140021
226 311 23 29 0.138099
471 202 23 33 0.136164
751 151 29 36 0.132546
259 530 22 26 0.125181
480 283 45 52 0.124499
954 79 32 49 0.118711
594 268 26 36 0.118469
405 180 40 54 0.117167
242 249 23 27 0.114851
290 537 21 26 0.111582
490 261 39 46 0.110264
424 237 49 60 0.109229
120 272 25 30 0.10637
493 324 30 36 0.105524
687 74 26 30 0.103877
89 7 26 30 0.103597
