snow/snow_00446
148
199 219 69 84 0.999167
811 323 39 47 0.843631
660 595 22 29 0.836829
289 578 17 21 0.721998
360 318 21 29 0.656944
711 404 17 25 0.64377
66 218 34 38 0.626766
224 548 26 31 0.625997
197 539 39 50 0.587578
524 377 18 22 0.579657
523 298 21 29 0.551498
542 443 21 29 0.544611
518 282 21 28 0.528867
714 361 17 22 0.502578
983 55 36 49 0.468881
812 296 24 29 0.447485
693 464 20 23 0.444842
521 351 20 25 0.434339
570 489 23 33 0.425097
30 204 24 28 0.419174
949 180 24 30 0.410049
145 446 22 28 0.405558
406 453 18 26 0.398461
239 198 35 46 0.390475
453 505 26 28 0.365881
728 355 27 34 0.364809
702 607 24 32 0.35789
732 412 19 24 0.357657
107 384 37 48 0.355374
746 405 27 38 0.348298
217 624 38 51 0.347781
743 454 31 46 0.345485
195 494 20 27 0.342205
825 372 20 26 0.339689
319 326 24 36 0.33842
607 138 30 34 0.338363
749 202 19 23 0.330822
724 196 20 23 0.325253
683 271 49 61 0.31594
607 450 25 32 0.307277
703 519 23 30 0.305233
758 253 25 30 0.303589
552 307 20 25 0.301909
205 578 47 57 0.299925
348 417 19 23 0.298459
575 709 23 30 0.291231
393 369 18 25 0.289301
560 579 20 25 0.282183
727 553 23 31 0.276085
772 275 21 29 0.274084
180 299 24 30 0.271959
702 399 19 27 0.269268
248 357 23 30 0.267897
984 9 35 46 0.266007
744 614 30 42 0.265974
71 182 24 31 0.263407
579 630 18 23 0.262028
528 518 26 32 0.26097
4 239 38 43 0.260731
686 369 21 30 0.252642
199 520 20 26 0.243761
196 288 22 31 0.240554
220 462 19 26 0.239884
126 521 24 30 0.236419
751 526 54 72 0.236073
686 333 25 38 0.235907
618 528 16 22 0.234441
311 674 26 34 0.232509
665 557 31 40 0.22763
779 301 20 27 0.226542
171 311 34 45 0.224926
874 136 18 25 0.223287
268 543 24 29 0.221591
851 358 24 31 0.221249
369 405 14 18 0.219954
519 332 21 29 0.214864
686 446 26 31 0.212952
779 6 24 33 0.212792
639 279 22 28 0.212563
637 523 15 23 0.210856
511 371 16 22 0.210548
313 285 24 24 0.210173
134 350 21 25 0.209361
368 465 29 41 0.206583
104 168 17 24 0.204784
986 43 29 38 0.201402
498 481 20 25 0.200523
382 135 34 39 0.19962
410 152 23 24 0.199198
540 315 26 35 0.198821
346 130 37 40 0.19779
268 563 22 26 0.195893
748 307 34 35 0.192628
348 323 20 26 0.185146
757 709 24 29 0.181746
855 245 22 26 0.177762
134 501 17 23 0.174348
142 29 20 24 0.174194
313 407 21 29 0.167994
721 536 24 30 0.166018
176 459 20 27 0.164594
680 465 17 24 0.159969
691 472 47 61 0.157243
715 324 29 34 0.15425
480 498 24 31 0.153789
291 344 20 26 0.150289
303 479 24 30 0.148518
780 481 18 27 0.145963
634 673 22 27 0.14421
242 599 19 23 0.142998
283 292 19 26 0.142739
800 333 16 21 0.142555
535 326 23 30 0.142353
884 42 30 35 0.142238
675 395 20 28 0.1419
503 314 22 30 0.141625
680 696 21 26 0.14096
621 632 21 28 0.138317
475 36 27 32 0.13805
938 22 22 26 0.137648
722 640 27 40 0.135838
763 214 18 22 0.135311
580 31 26 31 0.135049
633 597 22 26 0.131704
596 31 24 27 0.128966
692 427 27 36 0.12156
461 698 23 29 0.120493
75 26 26 33 0.119098
776 283 23 28 0.11712
556 593 18 24 0.115166
737 270 28 42 0.115031
625 374 28 39 0.114809
332 302 27 31 0.114668
114 485 18 23 0.114154
531 459 17 24 0.114022
386 619 27 31 0.11388
800 398 21 27 0.112047
302 405 24 30 0.111022
481 353 14 18 0.110584
751 329 19 26 0.109291
543 423 26 32 0.108782
710 315 23 31 0.106036
262 538 24 30 0.105921
501 365 21 28 0.105889
981 489 28 34 0.105596
766 153 22 24 0.105005
177 406 21 28 0.102987
296 274 20 24 0.101258
