snow/snow_00179
33
567 280 29 37 0.722589
621 724 18 23 0.512071
628 722 21 28 0.510986
469 318 66 83 0.499903
471 234 32 39 0.430296
595 652 38 49 0.4201
550 120 53 60 0.404614
555 202 12 16 0.3694
623 237 28 34 0.368318
469 300 26 27 0.343631
689 352 16 26 0.343141
722 407 50 69 0.342019
678 328 15 18 0.331938
656 168 21 24 0.320785
606 374 15 19 0.293923
547 373 24 29 0.277937
672 558 77 102 0.269716
614 429 28 31 0.245207
712 266 22 29 0.226664
601 720 29 35 0.225491
588 361 20 24 0.216182
576 379 17 22 0.20264
714 427 16 21 0.185126
676 401 20 26 0.169128
420 290 41 53 0.159601
679 408 23 30 0.15534
561 398 20 24 0.150212
460 264 23 27 0.138795
650 464 12 18 0.138422
715 372 36 46 0.132397
597 313 25 32 0.132219
657 176 21 25 0.114258
658 541 59 72 0.112937
