snow/snow_00176
74
861 901 33 39 0.784426
624 903 42 51 0.777539
821 831 28 36 0.767749
508 882 32 40 0.761534
870 951 38 48 0.661773
577 967 45 52 0.43587
729 824 29 32 0.427913
982 944 37 44 0.426381
491 853 32 37 0.407376
945 973 24 28 0.4027
301 742 60 74 0.38216
403 347 25 29 0.381784
781 946 41 43 0.349527
859 821 25 29 0.347629
516 958 32 37 0.343446
262 723 19 24 0.331713
408 470 30 43 0.330013
761 764 24 27 0.329592
695 1233 59 61 0.328409
636 948 34 39 0.320129
347 441 45 52 0.317223
676 1069 74 77 0.302607
875 1133 64 72 0.27939
588 1037 48 59 0.279001
975 1243 26 29 0.259943
121 1161 35 45 0.258012
711 964 50 55 0.246969
329 487 20 24 0.246858
307 530 20 23 0.245768
808 882 50 61 0.229221
606 1001 53 61 0.228032
348 579 25 35 0.213914
85 922 22 31 0.206381
541 1137 28 33 0.198667
623 1102 41 46 0.195661
870 1246 24 27 0.194104
579 945 24 29 0.193006
840 1176 25 31 0.1926
559 1223 31 34 0.192592
765 782 20 24 0.192167
308 864 29 36 0.19213
314 333 100 116 0.178525
352 499 52 64 0.169205
785 801 39 48 0.168779
234 783 57 73 0.162028
956 964 37 43 0.157009
805 946 28 31 0.153754
182 563 24 28 0.150873
845 1241 25 29 0.146462
447 840 19 24 0.14572
93 800 19 26 0.145393
577 866 48 53 0.14447
330 916 17 25 0.144307
519 731 47 58 0.140222
211 508 20 23 0.135995
554 915 22 27 0.135155
639 1025 50 56 0.134429
529 878 36 44 0.132159
305 1123 130 165 0.130364
609 1215 42 47 0.125874
593 1160 24 29 0.124254
699 1187 40 47 0.121587
636 1082 78 87 0.121074
833 799 40 46 0.118822
457 760 54 70 0.118747
138 605 21 25 0.111995
264 1174 48 58 0.109965
746 1217 24 27 0.109396
92 1190 83 99 0.106108
396 342 26 31 0.103963
441 362 21 27 0.103856
843 760 29 34 0.101357
715 1011 30 32 0.100787
571 938 26 30 0.100573
