snow/snow_00190
56
474 386 75 89 0.999997
448 170 65 77 0.999629
620 382 36 45 0.924165
649 168 23 25 0.792747
872 695 17 20 0.703022
563 442 25 32 0.522344
502 124 56 65 0.502062
903 49 31 36 0.462464
680 632 71 87 0.440477
8 555 110 136 0.435208
877 54 31 36 0.433532
865 579 30 35 0.431689
759 324 24 30 0.419517
559 372 16 21 0.3799
640 551 22 26 0.376999
427 313 21 26 0.364858
382 521 37 46 0.34859
945 168 20 26 0.331669
490 317 25 30 0.320005
397 396 32 41 0.314561
666 527 24 29 0.313664
678 438 179 203 0.295471
546 347 20 24 0.294412
250 266 33 46 0.258322
552 487 27 36 0.250045
35 681 71 89 0.250003
423 391 21 27 0.241747
948 417 24 28 0.234189
21 716 25 31 0.229936
641 303 19 23 0.227591
606 168 27 26 0.219675
419 366 17 22 0.201312
607 176 31 33 0.199294
895 407 21 27 0.185614
453 525 21 29 0.17668
556 345 18 22 0.169919
483 312 24 27 0.16912
768 356 22 29 0.167456
567 303 36 48 0.164457
591 468 20 24 0.160409
537 503 30 39 0.149926
431 452 27 34 0.145118
566 491 25 33 0.139788
241 397 24 25 0.136978
972 166 37 47 0.136293
588 609 22 28 0.129893
867 56 27 30 0.129094
809 627 24 28 0.125105
659 516 24 31 0.123878
852 459 29 33 0.11831
524 564 37 45 0.117623
527 278 21 27 0.114847
403 451 22 28 0.111024
221 405 24 27 0.107346
601 525 18 22 0.107123
363 677 24 31 0.103524
