snow/snow_00424
28
97 221 26 32 0.996525
651 326 22 26 0.97271
171 578 27 34 0.74201
183 406 39 47 0.52491
254 566 33 35 0.49517
646 353 28 35 0.422022
61 310 36 44 0.371499
144 305 19 23 0.350829
96 255 26 32 0.350727
510 347 32 43 0.313529
163 438 29 32 0.311021
681 401 18 23 0.294736
95 390 24 31 0.248762
76 477 64 67 0.244128
62 395 24 29 0.237154
934 70 27 34 0.195033
123 246 17 23 0.180853
277 539 29 33 0.179698
616 513 17 20 0.17878
53 365 22 27 0.157915
902 415 20 25 0.147439
37 276 19 23 0.136597
222 575 24 27 0.132003
604 422 23 28 0.128534
106 198 23 26 0.119332
118 345 22 25 0.111212
620 327 19 24 0.106517
604 408 17 22 0.102072
