snow/snow_00195
191
456 234 131 159 0.999905
245 959 26 34 0.9577
101 660 24 30 0.890903
845 732 25 36 0.866514
318 288 36 46 0.847948
255 553 19 28 0.809991
815 493 101 126 0.788348
758 309 44 54 0.778154
164 628 36 45 0.744481
249 504 34 38 0.713355
812 802 52 54 0.663259
553 65 21 26 0.662193
115 28 25 34 0.614505
747 293 43 53 0.603107
843 666 21 26 0.581098
120 835 55 70 0.573904
756 1096 53 60 0.573672
745 45 24 31 0.539538
369 443 23 28 0.531617
855 264 89 100 0.526957
65 788 27 40 0.526744
72 524 33 42 0.525235
92 515 36 48 0.521416
646 22 28 35 0.510628
928 269 25 33 0.487389
706 766 23 28 0.468515
819 452 25 35 0.461894
850 650 21 26 0.461001
38 682 23 28 0.457756
310 330 41 49 0.456944
217 832 62 107 0.447264
850 696 46 63 0.444049
874 820 46 53 0.441499
539 68 21 26 0.439449
26 35 27 34 0.432452
824 277 46 52 0.424375
303 60 21 25 0.421958
246 818 29 41 0.416555
224 645 43 62 0.411145
966 100 19 24 0.400694
207 538 21 28 0.399618
231 910 40 61 0.395163
138 686 23 32 0.391925
717 145 26 33 0.38933
34 507 45 53 0.387122
859 20 20 27 0.385851
211 960 39 57 0.380368
751 94 39 52 0.376278
167 657 30 36 0.372805
234 150 35 45 0.368668
667 43 27 35 0.36835
217 3 73 86 0.367159
698 345 45 55 0.363929
65 693 32 42 0.359551
873 509 80 101 0.358898
700 66 38 54 0.350909
474 406 23 32 0.349695
218 758 44 72 0.348559
645 985 32 40 0.343868
990 14 20 25 0.335156
924 732 28 36 0.334393
984 524 28 34 0.331403
658 310 44 50 0.329311
401 528 31 36 0.328548
16 318 22 27 0.328065
785 681 26 30 0.326614
64 901 24 35 0.324627
62 919 32 41 0.320677
359 1053 51 62 0.318108
141 1012 26 31 0.318065
412 341 46 62 0.315826
76 622 27 36 0.312147
330 1215 51 64 0.309948
335 1 35 41 0.307706
172 541 29 40 0.306851
325 958 22 27 0.30304
664 1 24 30 0.297026
387 905 32 40 0.293155
81 1024 35 40 0.28179
484 884 21 26 0.278027
822 849 24 30 0.274738
998 0 19 26 0.272584
83 328 34 43 0.265705
72 329 22 27 0.26555
241 988 26 35 0.259558
63 766 30 37 0.256322
734 437 21 29 0.255629
586 136 26 31 0.253447
575 86 20 25 0.252292
139 505 27 33 0.250067
96 464 25 33 0.248379
543 436 23 29 0.247601
219 82 42 54 0.242305
105 134 22 28 0.241274
131 24 20 26 0.241122
682 686 27 33 0.239981
772 326 45 64 0.238293
60 847 34 47 0.235602
73 577 31 38 0.235286
104 185 20 25 0.233009
895 809 29 34 0.229323
147 1217 20 23 0.227132
554 153 18 21 0.226635
342 194 21 27 0.221469
709 9 37 49 0.221136
67 673 25 35 0.220162
408 399 24 28 0.220066
945 79 21 28 0.217186
110 349 27 37 0.215439
669 553 27 31 0.215409
753 135 36 47 0.210846
814 344 37 59 0.208527
1 715 20 23 0.202752
112 726 32 37 0.198131
287 2 55 66 0.191819
934 149 23 29 0.191557
266 150 20 25 0.186699
665 161 92 108 0.186224
259 746 20 24 0.185716
165 702 24 32 0.179725
59 156 20 27 0.175667
163 7 76 96 0.175598
241 88 43 53 0.17008
893 712 20 29 0.168007
304 294 41 48 0.1675
256 416 54 75 0.166728
240 807 28 42 0.165989
20 1070 38 47 0.165733
279 695 69 82 0.165252
254 491 36 40 0.164806
982 708 20 26 0.164585
197 603 33 48 0.164282
906 939 22 33 0.160778
554 109 17 23 0.159318
772 402 35 51 0.158714
382 378 20 24 0.158651
489 118 20 25 0.158336
117 338 23 29 0.158186
685 481 22 30 0.158086
147 584 22 32 0.156271
277 169 22 30 0.154046
307 101 21 27 0.152542
261 1021 25 28 0.152508
141 555 29 39 0.152481
172 1224 33 43 0.151048
40 602 22 30 0.147234
430 375 34 46 0.142866
46 374 35 42 0.141008
130 996 34 38 0.139517
444 496 20 25 0.13894
892 87 26 36 0.137474
340 423 24 30 0.136086
383 158 36 45 0.135753
844 675 23 31 0.135726
782 746 20 27 0.135144
850 45 32 42 0.13401
48 304 21 24 0.133068
651 697 44 53 0.13232
252 541 19 27 0.131797
101 694 28 34 0.129583
796 622 26 32 0.129342
86 1078 18 24 0.128578
290 766 37 42 0.128213
108 833 40 45 0.127569
618 260 21 28 0.125896
572 182 30 37 0.125057
79 562 23 31 0.124191
93 396 34 47 0.123214
752 60 22 32 0.123151
799 84 37 46 0.122209
107 499 46 58 0.122122
205 517 26 29 0.119783
478 87 22 29 0.118852
902 968 22 32 0.1184
27 762 27 33 0.117899
800 375 50 83 0.116571
265 297 42 51 0.113365
793 990 23 31 0.113112
266 933 34 41 0.112468
582 17 27 34 0.111525
191 704 25 34 0.110831
108 85 22 29 0.110562
53 762 23 30 0.10781
421 153 35 43 0.107693
34 307 18 22 0.107428
343 173 27 34 0.106447
341 1116 40 52 0.106231
669 735 28 34 0.105834
401 670 42 52 0.103632
641 163 23 28 0.102007
587 1163 25 32 0.100841
