snow/snow_00432
88
281 217 70 97 0.999983
532 60 54 60 0.858821
843 115 35 41 0.784519
363 265 13 19 0.708143
699 328 110 128 0.683794
239 61 32 39 0.635959
703 70 67 80 0.628626
252 175 32 38 0.615872
241 141 27 35 0.526377
586 90 50 67 0.523668
235 98 29 37 0.503194
886 152 23 30 0.5013
849 410 27 34 0.485132
809 593 30 34 0.466947
403 192 21 27 0.45268
980 266 37 41 0.423335
171 126 24 30 0.420149
129 288 24 31 0.41664
952 381 22 29 0.411463
843 171 43 50 0.409848
842 26 41 51 0.409789
163 194 18 21 0.401214
781 534 20 22 0.381061
931 -2 27 32 0.32941
455 438 31 41 0.328241
91 408 25 30 0.322339
865 110 48 52 0.315377
636 88 27 34 0.305934
680 321 17 21 0.305914
612 300 24 33 0.298212
371 392 24 26 0.292189
228 45 36 40 0.285665
126 321 21 26 0.271638
923 341 36 41 0.258994
482 219 28 32 0.251949
61 436 35 40 0.251716
910 145 21 24 0.236763
208 250 21 29 0.228673
984 284 29 36 0.225861
337 451 62 89 0.222507
629 169 19 23 0.212838
908 382 31 37 0.201055
929 88 24 38 0.19974
124 206 18 21 0.197485
930 148 24 36 0.197144
917 93 29 42 0.19634
133 266 21 25 0.193166
196 259 20 25 0.191956
974 416 41 43 0.190546
286 503 35 45 0.189701
915 36 28 36 0.189673
725 49 91 101 0.185535
820 355 30 34 0.18528
84 108 18 23 0.171479
344 179 25 29 0.168235
148 195 24 27 0.165965
876 442 17 19 0.164746
39 165 19 21 0.162853
980 330 18 26 0.160397
898 310 17 26 0.159589
690 407 19 23 0.159305
222 188 42 49 0.158861
391 233 25 31 0.158001
66 236 25 30 0.15572
703 447 35 42 0.154354
80 278 26 30 0.152838
931 77 19 28 0.150473
716 9 68 89 0.148131
873 228 19 22 0.147823
47 137 21 25 0.14243
376 127 22 30 0.139882
106 371 20 24 0.137983
79 308 33 41 0.131532
785 472 26 30 0.131191
687 446 24 28 0.130746
611 222 27 34 0.129581
839 59 35 59 0.129372
758 306 33 36 0.12817
868 388 23 28 0.127923
884 442 16 20 0.125861
219 1 45 57 0.120457
749 452 25 28 0.114476
947 431 22 26 0.112866
689 307 23 27 0.109191
590 351 33 48 0.108898
747 72 83 105 0.10508
392 271 26 31 0.104864
235 378 33 35 0.104842
