snow/snow_00474
23
352 162 31 39 0.999985
772 140 32 39 0.999889
543 207 9 11 0.855127
844 234 28 35 0.519517
982 55 27 32 0.499786
353 330 65 98 0.492187
699 209 38 52 0.435194
582 219 12 18 0.417015
414 257 21 25 0.395041
524 289 23 30 0.355724
735 238 25 32 0.333373
716 265 50 72 0.327386
735 446 35 48 0.250991
815 278 30 41 0.219178
734 397 32 37 0.215645
327 208 72 93 0.184356
776 206 27 32 0.179216
784 217 47 67 0.178153
641 218 25 33 0.154007
937 235 20 27 0.14117
538 299 20 29 0.13776
975 -3 21 26 0.130609
912 209 28 37 0.129969
