snow/snow_00499
90
885 204 45 57 1
44 203 33 41 0.999991
384 261 32 59 0.992756
464 433 23 26 0.966177
451 49 24 29 0.8937
519 432 28 31 0.67961
366 233 31 38 0.666473
424 92 15 19 0.590917
496 411 26 34 0.526932
855 454 57 70 0.526468
603 529 27 32 0.504489
862 511 22 31 0.493955
127 448 26 35 0.472927
659 445 34 38 0.463679
343 539 18 26 0.452042
965 299 12 13 0.440807
250 252 19 22 0.418022
546 436 27 30 0.417351
779 246 15 19 0.40863
0 446 20 28 0.382945
23 314 17 23 0.382419
456 232 21 21 0.34649
774 457 27 32 0.342125
615 443 25 27 0.341365
338 79 21 23 0.321401
916 382 24 30 0.316839
851 444 19 23 0.307015
604 481 17 23 0.295043
973 521 19 24 0.285996
485 113 20 23 0.284914
59 208 29 37 0.27921
394 253 27 39 0.277536
213 254 21 23 0.274598
20 563 22 33 0.269163
645 41 23 27 0.25961
798 514 29 38 0.247567
460 464 28 38 0.237505
497 439 20 22 0.230726
575 474 24 30 0.226106
959 537 21 26 0.223307
908 219 34 42 0.222777
130 560 27 32 0.222419
472 389 42 47 0.219326
12 281 22 26 0.207118
909 492 37 46 0.195475
510 393 26 31 0.193218
30 594 18 25 0.188842
972 347 24 29 0.188274
7 469 19 28 0.186253
55 447 18 22 0.182737
183 578 22 29 0.182264
271 173 18 21 0.177321
841 33 19 24 0.175065
511 429 29 31 0.17499
938 287 23 26 0.174442
251 58 31 35 0.17072
638 445 23 27 0.165241
251 489 23 29 0.162702
265 581 33 40 0.162425
546 509 45 48 0.160474
348 244 29 35 0.155375
892 181 22 26 0.153329
998 541 27 31 0.152602
687 450 35 38 0.150548
462 9 25 28 0.150354
536 440 20 25 0.145955
159 421 29 37 0.142485
819 459 21 28 0.141603
426 426 32 39 0.140177
466 112 16 18 0.138461
390 46 15 15 0.137625
306 119 23 27 0.135735
788 459 25 31 0.130492
139 385 38 42 0.129935
841 368 18 26 0.128209
105 400 16 21 0.126653
99 287 29 37 0.126555
95 249 19 22 0.123966
322 396 20 25 0.119774
28 325 23 32 0.11825
33 403 26 33 0.114507
835 517 17 23 0.113495
789 469 32 48 0.106248
947 382 20 26 0.10466
397 376 27 34 0.103921
250 146 21 26 0.102707
657 490 14 20 0.102612
346 234 27 33 0.102355
397 464 19 24 0.100783
62 302 19 26 0.100473
