snow/snow_00444
100
134 596 62 71 0.999998
966 583 56 82 0.999996
600 602 51 68 0.999993
824 617 64 78 0.999897
334 639 46 60 0.99986
646 656 74 95 0.999706
455 636 82 91 0.993254
760 340 23 26 0.961631
409 492 32 36 0.857238
543 1074 25 29 0.771334
203 207 29 33 0.716579
442 664 25 30 0.70585
678 490 35 40 0.689785
197 408 22 28 0.666985
119 770 36 47 0.645289
896 578 39 44 0.607631
550 335 22 25 0.533864
359 390 21 26 0.524583
943 432 26 30 0.519276
561 650 22 25 0.509011
288 996 32 39 0.508443
64 466 20 24 0.494971
95 148 26 29 0.450102
88 208 25 29 0.427398
318 586 58 62 0.40128
811 1280 51 63 0.399878
300 850 31 38 0.393445
193 364 25 31 0.388541
799 394 18 22 0.338434
379 583 35 36 0.336996
219 441 19 23 0.333793
934 581 24 29 0.33306
19 683 46 50 0.332485
847 390 17 18 0.327358
855 962 20 25 0.31866
16 668 38 41 0.315235
217 355 22 26 0.304402
179 600 34 52 0.294119
956 431 26 29 0.292016
740 627 36 52 0.287228
87 364 23 29 0.267282
882 907 38 49 0.263689
423 888 27 32 0.263137
717 577 40 46 0.260763
606 803 25 31 0.260386
56 581 34 41 0.256372
850 1 53 56 0.252152
1002 727 19 27 0.245434
658 1061 20 26 0.243186
584 921 22 29 0.24185
894 934 43 51 0.235555
784 274 28 32 0.22945
926 35 28 30 0.221274
937 397 14 16 0.219212
424 1162 26 34 0.217426
722 207 29 34 0.21426
532 1172 34 50 0.207297
249 361 28 33 0.206264
131 484 21 25 0.199765
830 1254 23 30 0.193024
802 218 26 33 0.191084
929 85 21 25 0.189677
326 808 24 36 0.179992
532 623 23 36 0.1767
722 428 26 31 0.17412
988 37 28 33 0.165091
178 403 13 16 0.162366
31 579 45 51 0.158667
560 659 23 25 0.155253
88 448 33 39 0.149638
511 655 40 48 0.149602
137 532 28 32 0.149467
506 1301 25 28 0.139471
897 994 23 28 0.137693
893 986 24 29 0.135981
218 403 23 29 0.13584
620 1019 23 30 0.134748
846 117 27 34 0.132623
842 24 26 30 0.131899
615 1146 27 35 0.131637
527 615 23 33 0.128052
991 739 30 41 0.126961
551 1079 26 32 0.119351
952 923 34 41 0.119017
756 442 33 40 0.11735
202 447 28 34 0.116995
786 580 26 30 0.116616
837 334 22 24 0.115144
980 395 20 23 0.114516
113 372 20 25 0.112992
556 783 27 37 0.112129
740 338 23 28 0.111634
649 331 24 28 0.111472
872 421 20 25 0.107947
291 665 18 24 0.105988
995 824 19 23 0.10426
847 1044 32 35 0.10298
903 830 24 29 0.102814
807 909 23 29 0.101293
156 529 29 33 0.100363
