snow/snow_00495
36
712 94 39 43 0.999881
356 155 22 24 0.998561
714 461 21 25 0.661384
791 232 30 35 0.599186
707 148 18 25 0.588103
751 347 21 26 0.573107
693 477 30 36 0.502264
364 380 24 24 0.398397
246 71 18 23 0.353817
698 506 30 35 0.349554
174 199 18 24 0.342242
733 389 18 20 0.340618
300 132 17 20 0.334526
42 366 16 19 0.215134
276 245 32 35 0.195953
359 359 18 22 0.183553
679 536 30 37 0.182969
684 509 19 23 0.179315
91 598 26 27 0.175479
322 347 30 34 0.175346
8 26 20 24 0.172826
145 394 30 33 0.15323
257 542 23 27 0.150934
199 302 20 24 0.14653
43 281 20 21 0.143742
575 417 119 135 0.141169
755 158 30 40 0.139382
740 283 35 43 0.138632
383 376 18 22 0.128702
317 484 21 29 0.121627
733 348 18 23 0.121337
225 211 15 21 0.117301
244 34 20 25 0.112955
74 164 22 27 0.106801
295 284 22 26 0.106063
536 17 26 32 0.100534
