snow/snow_00161
40
579 397 23 25 0.911241
671 401 25 27 0.743173
616 437 25 28 0.733986
218 251 15 19 0.635679
764 473 28 29 0.557545
597 441 25 29 0.553289
592 453 24 30 0.48247
880 403 23 26 0.469736
179 536 19 23 0.431639
739 478 34 35 0.426824
450 385 44 53 0.422333
498 434 25 28 0.371952
552 392 36 39 0.324478
731 441 38 41 0.311448
692 440 23 26 0.295429
329 418 27 29 0.269838
112 327 38 41 0.249665
791 479 29 31 0.227577
493 396 22 25 0.226751
583 392 25 25 0.214485
317 402 25 32 0.209514
879 470 22 28 0.187107
266 260 22 32 0.185635
588 118 21 24 0.181264
867 432 40 51 0.163089
790 444 29 31 0.160023
246 71 26 29 0.154717
520 395 23 25 0.153428
66 8 26 33 0.147534
131 -3 32 49 0.146033
418 199 20 24 0.143878
95 323 42 46 0.14118
544 460 21 23 0.125041
46 31 19 27 0.113901
589 444 23 28 0.112029
503 472 24 27 0.108429
163 293 44 43 0.107504
604 339 26 28 0.107053
295 386 22 25 0.104534
412 101 23 26 0.103059
