snow/snow_00425
119
449 207 73 85 0.998341
672 564 19 23 0.868527
24 640 27 36 0.836726
603 266 61 73 0.797692
177 22 22 27 0.768614
167 528 25 32 0.715484
624 152 38 46 0.707971
354 553 27 38 0.644926
578 204 61 84 0.644203
975 614 22 29 0.638891
659 589 29 33 0.627873
896 511 20 23 0.609411
918 298 22 27 0.568857
951 28 61 79 0.562748
175 79 28 34 0.561747
284 87 31 37 0.558115
662 367 48 57 0.551415
11 392 23 29 0.53877
880 651 27 31 0.530341
764 237 38 44 0.507585
792 102 50 60 0.505985
914 655 25 29 0.489169
958 414 31 38 0.482356
250 486 44 54 0.466772
398 625 23 28 0.455194
785 508 52 82 0.452283
838 498 39 65 0.448653
853 73 62 84 0.432688
790 47 25 32 0.425344
134 91 24 28 0.414169
5 539 22 27 0.389789
751 42 19 27 0.386109
642 606 21 23 0.378371
872 32 67 84 0.369774
256 88 22 27 0.362728
340 553 19 25 0.36142
960 519 42 66 0.355232
42 583 22 28 0.333498
595 637 27 34 0.32741
745 526 36 39 0.320931
131 568 28 34 0.318553
204 526 20 25 0.316217
215 562 28 36 0.31566
623 600 24 35 0.315013
13 523 19 24 0.307975
499 288 127 166 0.306427
801 462 51 76 0.300741
936 25 23 27 0.298039
762 126 44 52 0.291732
599 648 29 36 0.283888
250 608 24 28 0.277255
341 655 18 23 0.275649
269 559 18 21 0.266885
10 238 21 27 0.264868
998 613 20 25 0.262601
769 447 23 36 0.256739
22 606 25 35 0.255839
763 152 30 40 0.251142
254 554 21 27 0.248176
510 657 20 24 0.246411
99 323 63 77 0.240052
978 308 26 33 0.239688
317 554 19 24 0.238894
324 559 23 28 0.23654
43 617 87 99 0.231938
595 373 74 83 0.228123
674 44 24 30 0.225223
532 261 40 49 0.222936
209 422 30 38 0.21778
146 541 58 71 0.216289
820 54 22 28 0.210232
40 472 69 83 0.207218
927 498 34 43 0.205593
300 94 24 31 0.205444
774 21 30 35 0.202162
111 574 22 26 0.189475
43 532 27 35 0.176617
657 631 40 49 0.176607
89 397 22 27 0.172899
776 146 90 110 0.169297
227 10 24 27 0.165771
460 511 23 29 0.165464
841 617 20 24 0.158548
140 454 19 24 0.157141
86 433 24 29 0.156858
62 137 36 43 0.15638
327 565 30 37 0.154959
53 413 23 30 0.1531
130 33 22 27 0.152304
892 536 31 48 0.151522
916 418 29 36 0.148166
735 35 29 36 0.147427
145 601 40 47 0.147
596 148 39 50 0.145034
541 613 24 30 0.144449
690 163 24 32 0.142526
431 630 24 28 0.141491
30 146 27 34 0.13991
42 425 33 43 0.139045
882 67 61 79 0.13714
909 242 34 40 0.136797
135 539 20 23 0.135099
856 434 19 31 0.134487
436 389 17 26 0.130576
183 140 25 31 0.130334
361 579 30 39 0.129752
953 378 25 31 0.129307
153 226 24 29 0.121056
929 -1 19 25 0.120623
58 363 28 35 0.120266
935 601 21 25 0.118366
83 353 24 30 0.117779
12 283 20 23 0.117369
441 649 20 25 0.117363
164 209 29 29 0.11637
743 577 30 35 0.115457
631 63 21 26 0.107564
568 203 31 43 0.103015
30 543 15 19 0.10191
