snow/snow_00483
103
400 240 37 40 0.965816
52 299 35 39 0.930079
676 105 27 37 0.876707
195 145 123 144 0.839464
438 64 23 28 0.803811
581 123 29 44 0.762386
141 280 29 35 0.759718
527 69 37 43 0.737101
319 247 42 48 0.731996
808 171 19 22 0.625632
424 413 21 25 0.583203
286 107 38 49 0.579231
519 263 26 33 0.577791
616 209 25 28 0.575107
938 187 27 33 0.539723
696 280 57 71 0.529425
479 137 43 55 0.502829
920 251 64 74 0.472362
624 266 34 41 0.470766
871 391 30 33 0.461956
422 38 20 26 0.4342
702 152 67 81 0.4314
789 0 36 40 0.429356
851 145 33 39 0.418416
589 0 31 37 0.393248
855 391 26 29 0.387314
998 95 23 29 0.363623
411 145 29 32 0.362542
228 275 25 30 0.3564
95 102 30 40 0.346514
324 207 36 38 0.336975
740 314 65 76 0.334765
872 97 26 30 0.3341
704 197 49 55 0.32992
774 210 23 34 0.326486
402 115 24 29 0.325151
491 107 47 59 0.323206
338 341 73 87 0.3156
622 150 30 35 0.315376
685 105 30 39 0.315329
423 283 21 26 0.313448
971 354 25 31 0.310549
377 262 21 23 0.299301
541 285 31 34 0.288494
638 69 36 38 0.273654
710 128 28 31 0.270208
424 264 23 27 0.255217
497 52 24 28 0.244016
693 326 41 52 0.241688
964 212 41 49 0.232988
703 242 80 95 0.222085
500 41 23 27 0.221109
20 90 27 33 0.219072
495 189 33 41 0.218849
431 135 23 27 0.217677
602 84 45 48 0.216355
599 274 24 28 0.214977
335 44 27 33 0.213348
681 35 31 42 0.212448
586 188 20 30 0.210799
552 271 23 26 0.198326
829 91 26 32 0.191637
169 21 30 35 0.191584
488 214 37 45 0.185423
404 433 41 47 0.182366
574 58 29 40 0.175786
810 360 23 29 0.173552
49 94 28 33 0.168841
735 17 35 40 0.168696
409 279 28 32 0.168373
911 262 24 27 0.162826
785 235 27 35 0.162277
425 60 19 23 0.161524
243 269 56 65 0.160349
884 295 19 21 0.145573
757 211 28 38 0.14485
138 312 30 39 0.144756
847 393 26 29 0.143956
904 210 29 38 0.142455
658 238 32 40 0.142029
805 -2 31 35 0.139278
572 38 27 32 0.138432
364 90 35 42 0.137962
844 187 38 49 0.137557
706 223 52 59 0.133922
843 289 36 44 0.127195
33 369 50 56 0.12404
859 331 43 51 0.123125
890 353 27 30 0.123026
785 176 28 33 0.122724
867 270 28 30 0.122312
320 43 22 26 0.12049
479 37 21 24 0.118799
800 316 27 30 0.117866
951 309 29 33 0.108411
344 232 24 27 0.108126
460 48 41 45 0.107026
632 132 21 25 0.106252
911 304 32 37 0.105547
45 375 49 59 0.103934
113 -1 25 31 0.102694
900 90 72 86 0.102627
508 32 20 24 0.100989
