snow/snow_00472
35
250 230 22 32 0.82743
700 239 86 92 0.783521
324 324 48 64 0.498732
134 209 68 87 0.458984
454 177 20 26 0.420736
367 396 20 24 0.312587
676 47 34 41 0.29791
394 202 14 22 0.285337
500 53 18 21 0.273683
239 491 22 28 0.254408
275 202 26 32 0.230351
324 301 24 31 0.225997
285 327 59 79 0.225571
931 94 12 18 0.223488
840 225 93 108 0.220147
187 535 23 29 0.210345
333 211 20 23 0.203428
986 240 19 20 0.200016
271 235 17 21 0.192759
149 601 19 23 0.186194
117 335 20 26 0.17275
537 265 39 49 0.172243
166 442 22 26 0.15653
581 150 15 18 0.15576
962 188 12 15 0.152449
751 170 23 27 0.138249
673 324 15 22 0.129947
383 299 55 70 0.126545
500 113 20 23 0.125756
131 372 20 24 0.124143
156 457 22 25 0.121042
502 318 40 52 0.113995
278 292 59 78 0.109012
929 208 21 27 0.107305
662 258 21 24 0.100362
