snow/snow_00183
149
839 689 20 25 0.854684
264 417 49 62 0.797323
118 108 33 37 0.797302
132 536 190 243 0.727158
443 660 298 384 0.699166
173 369 56 73 0.679709
211 1166 21 25 0.663919
902 504 19 23 0.650943
241 390 39 47 0.630997
263 389 35 44 0.612138
797 578 21 26 0.593301
361 1305 37 45 0.59314
716 31 33 40 0.558218
222 1114 26 30 0.555754
231 1355 18 22 0.503635
966 153 23 32 0.503171
746 383 35 46 0.491881
45 965 23 25 0.486035
314 755 25 33 0.478167
496 543 21 27 0.472855
924 268 24 29 0.456473
224 389 23 31 0.428174
987 461 20 25 0.424994
989 1328 28 31 0.412618
938 433 40 50 0.403461
111 826 29 42 0.396926
463 1339 26 32 0.3869
786 176 28 37 0.38184
238 455 21 27 0.374756
77 39 39 45 0.371824
907 400 39 47 0.370335
406 150 19 22 0.367898
14 1116 30 35 0.363427
501 575 35 45 0.361751
489 1455 26 31 0.361378
462 1505 28 34 0.349439
268 1464 33 39 0.339883
71 309 37 41 0.334813
56 394 19 26 0.331867
78 -3 21 25 0.330892
372 740 21 23 0.329696
575 1259 20 25 0.329417
143 251 21 25 0.326667
721 79 23 30 0.32437
952 409 31 41 0.311828
723 180 32 38 0.309191
895 134 26 28 0.308815
851 -1 20 26 0.294739
164 429 34 47 0.287626
130 377 23 30 0.284732
97 419 20 26 0.277891
241 444 20 23 0.273177
405 722 20 24 0.267376
292 1288 43 53 0.259711
59 684 21 23 0.259047
525 19 20 23 0.252636
821 97 22 25 0.25256
416 90 25 30 0.248317
372 717 18 20 0.247909
399 872 45 51 0.238779
40 203 51 56 0.233127
222 74 24 28 0.231279
54 766 19 24 0.230796
49 1198 52 71 0.227297
427 181 17 24 0.222962
242 376 19 24 0.220368
213 1438 57 70 0.21771
154 409 24 31 0.210114
57 1386 24 27 0.209804
449 512 52 62 0.204826
352 53 23 26 0.201238
385 1070 19 23 0.2005
615 1185 21 26 0.19793
552 333 40 57 0.194249
687 623 18 24 0.190863
943 378 39 49 0.184886
170 772 28 33 0.183741
292 1176 46 52 0.18326
348 1290 21 25 0.182866
859 659 24 29 0.182715
542 1366 50 55 0.182714
325 636 31 41 0.180648
612 335 20 27 0.178574
44 473 25 29 0.177285
16 144 52 60 0.170961
332 510 35 42 0.167376
269 807 17 22 0.166597
167 289 18 25 0.16625
37 336 17 22 0.166085
973 260 17 21 0.163525
305 403 22 24 0.159754
964 188 32 43 0.157964
800 95 24 28 0.157136
46 976 24 27 0.154583
77 787 27 35 0.152328
24 1405 37 46 0.150613
153 267 23 28 0.150519
8 468 29 37 0.150138
870 307 18 22 0.147789
44 691 27 30 0.146687
736 685 18 23 0.144343
509 1243 47 54 0.142739
53 594 19 22 0.141937
117 399 18 21 0.141331
303 104 17 22 0.141289
246 1295 42 49 0.141119
339 673 25 30 0.140993
948 156 22 29 0.140793
153 1451 20 22 0.140228
520 1130 15 19 0.139685
786 631 20 23 0.139612
696 631 51 66 0.139473
523 541 31 42 0.139279
3 735 22 29 0.138877
321 787 25 31 0.138046
429 1449 29 35 0.137239
424 464 21 24 0.135756
55 38 29 36 0.135715
36 412 40 54 0.134162
576 1410 46 55 0.131586
725 158 31 37 0.129709
125 755 32 37 0.128651
222 1321 36 39 0.126898
64 200 35 41 0.124431
859 567 27 31 0.124093
120 838 29 38 0.123873
294 666 42 48 0.121504
461 425 18 22 0.117525
523 520 32 42 0.116638
17 515 23 30 0.115808
743 560 15 18 0.115357
84 728 22 24 0.115075
759 65 33 46 0.113594
266 302 23 26 0.113485
486 484 35 44 0.113123
191 1415 43 46 0.1125
701 328 55 78 0.111992
311 630 30 35 0.111418
116 1395 14 17 0.111175
180 311 34 41 0.108677
589 28 23 31 0.108043
734 701 21 31 0.107069
408 1304 49 62 0.105489
969 90 29 35 0.104423
534 232 26 36 0.10347
-1 15 29 39 0.103465
969 432 18 26 0.102001
830 28 23 24 0.100991
927 33 30 36 0.100105
