snow/snow_00419
57
436 177 138 177 0.999122
469 327 49 59 0.93228
247 669 93 115 0.923243
460 150 56 73 0.738326
380 512 23 28 0.717848
299 447 21 26 0.659778
639 381 26 31 0.632299
396 560 24 30 0.605866
433 555 27 32 0.479337
315 657 24 29 0.452516
678 592 23 29 0.450135
326 653 25 29 0.426778
288 461 28 39 0.388624
342 534 18 25 0.360947
631 394 22 25 0.353676
359 445 22 30 0.350823
323 614 17 21 0.341698
384 715 59 77 0.332032
677 726 83 101 0.314892
455 119 33 39 0.311113
291 632 32 42 0.293453
364 648 25 27 0.290911
421 171 36 43 0.278784
293 544 35 49 0.278405
340 410 16 20 0.22786
516 152 50 64 0.221018
385 506 21 28 0.218966
570 278 20 24 0.216023
694 526 40 52 0.214174
680 667 30 36 0.211067
392 393 25 29 0.206884
604 394 23 28 0.200122
428 516 42 51 0.186113
447 366 21 26 0.185871
560 245 28 41 0.181219
357 460 24 31 0.178721
477 441 23 27 0.17713
339 548 18 26 0.177097
545 165 37 52 0.172759
327 391 19 22 0.168314
370 561 37 45 0.163907
493 486 19 24 0.163614
484 326 57 68 0.160914
588 422 40 54 0.159036
409 366 20 25 0.155349
548 751 70 82 0.147658
537 353 22 32 0.139884
383 651 17 21 0.13554
645 409 31 39 0.122964
582 348 22 28 0.121593
571 210 33 41 0.119625
661 648 32 40 0.116535
307 489 31 40 0.114369
707 618 24 28 0.111141
408 462 44 55 0.110904
425 264 27 33 0.106481
386 623 25 34 0.100185
