snow/snow_00443
79
471 148 16 19 0.981256
581 570 18 21 0.774537
11 385 25 30 0.758055
473 182 20 25 0.755949
44 175 82 92 0.515929
798 456 22 27 0.497549
843 563 102 124 0.488479
511 589 27 32 0.482786
155 282 23 28 0.478664
148 252 19 27 0.459402
203 416 42 50 0.457015
46 458 25 26 0.452897
162 543 25 28 0.44813
600 188 18 23 0.441711
783 514 33 41 0.379682
41 635 25 30 0.359948
720 298 24 32 0.354394
991 75 28 33 0.332553
140 157 21 24 0.317302
548 617 40 51 0.31122
192 157 28 34 0.298496
812 317 21 27 0.297654
221 158 15 18 0.287695
167 253 25 30 0.28476
88 418 23 27 0.272055
762 613 36 50 0.271708
582 548 29 32 0.26571
681 76 18 22 0.245411
757 46 23 28 0.236888
770 536 60 74 0.232346
61 496 20 21 0.225127
698 608 37 47 0.22222
644 277 16 21 0.212979
553 567 22 28 0.210229
834 547 25 30 0.207525
986 110 25 29 0.207327
475 223 17 20 0.206834
884 240 22 29 0.200894
180 636 29 35 0.200679
811 80 26 34 0.197793
797 64 26 32 0.190904
411 253 20 23 0.18702
813 152 38 44 0.185058
823 403 38 46 0.182761
713 490 26 31 0.182697
804 321 24 29 0.175851
613 188 18 25 0.172028
893 69 34 44 0.171638
620 486 22 25 0.171592
112 639 27 35 0.17071
755 119 18 21 0.166874
899 42 46 57 0.166371
108 259 16 20 0.159731
501 655 29 32 0.158537
978 517 26 29 0.155694
93 109 28 38 0.154496
989 491 24 29 0.154366
811 262 30 37 0.150405
520 653 26 29 0.148996
976 144 25 35 0.147579
159 256 24 30 0.146989
721 307 26 34 0.146594
109 280 16 20 0.144873
4 393 24 30 0.14335
171 161 21 25 0.132446
479 79 40 46 0.129369
827 343 20 26 0.127531
628 629 29 34 0.123422
761 431 23 29 0.120676
600 58 29 35 0.119443
73 151 13 14 0.119014
847 346 26 33 0.114422
599 624 28 35 0.113987
171 268 24 33 0.113482
912 500 22 30 0.110069
398 415 33 39 0.109416
90 619 24 29 0.108508
747 638 30 37 0.107831
82 627 26 33 0.106158
