snow/snow_00466
114
510 142 59 80 0.999973
660 202 65 71 0.999645
895 196 40 52 0.987812
212 476 46 63 0.960879
599 536 16 23 0.845504
9 596 31 31 0.837126
926 271 26 32 0.835155
749 240 42 49 0.815655
380 705 27 30 0.814352
914 517 25 28 0.81386
918 479 42 44 0.811896
855 660 64 80 0.793468
455 183 25 29 0.787746
872 732 22 29 0.782209
850 498 43 50 0.755644
243 513 44 51 0.72448
159 439 33 46 0.691877
384 720 32 37 0.64719
977 661 23 26 0.615285
697 182 68 83 0.555914
434 227 34 42 0.542261
795 600 22 25 0.501741
106 314 46 66 0.468857
167 472 26 37 0.467183
552 104 46 56 0.442344
443 71 27 33 0.436783
502 492 46 51 0.412187
25 707 40 45 0.407159
890 733 18 23 0.390124
894 284 77 114 0.384384
7 451 42 50 0.373083
518 486 41 47 0.352495
692 296 23 28 0.343245
697 345 20 25 0.342958
580 248 24 29 0.341399
93 694 36 44 0.339361
834 65 21 26 0.337263
595 159 24 30 0.316799
797 675 25 30 0.305448
989 691 28 32 0.301418
859 66 23 30 0.298848
124 583 49 58 0.29866
127 397 34 47 0.296883
922 522 28 29 0.295319
580 528 20 22 0.292241
714 655 83 106 0.274946
500 534 31 37 0.27241
486 505 40 44 0.271579
51 151 28 33 0.2695
699 287 26 33 0.257709
32 16 27 32 0.257368
532 519 39 46 0.257143
607 189 40 46 0.249041
915 591 17 26 0.243483
8 56 21 30 0.238473
731 403 34 38 0.235445
602 164 22 29 0.213507
164 322 24 34 0.209411
679 329 23 28 0.20941
167 158 28 35 0.208903
991 727 23 31 0.206723
790 581 26 35 0.204
163 544 38 47 0.200466
433 72 25 28 0.196659
17 105 18 22 0.19507
510 428 53 64 0.195024
535 213 51 61 0.189362
248 355 15 20 0.188661
984 674 31 35 0.188251
16 625 24 32 0.185123
154 429 32 44 0.184608
853 93 60 74 0.172753
483 21 63 88 0.167816
456 526 21 23 0.167647
849 608 66 78 0.166647
634 84 23 30 0.163197
669 588 31 36 0.150955
476 -3 55 68 0.149721
425 30 40 49 0.148732
991 533 28 35 0.148082
604 48 29 35 0.147136
280 10 40 49 0.145522
408 273 36 45 0.142121
586 407 25 32 0.142012
797 649 30 40 0.141003
84 299 26 33 0.140251
161 499 33 55 0.13918
466 229 35 45 0.137384
419 137 31 37 0.135158
747 599 20 24 0.134939
661 687 79 81 0.134932
223 660 25 35 0.13298
275 362 34 41 0.126578
126 377 22 29 0.126139
167 682 21 27 0.123891
19 285 25 36 0.121977
611 454 16 20 0.121598
261 462 26 30 0.119236
510 518 44 49 0.118332
313 13 39 52 0.114537
571 328 31 35 0.114154
640 266 24 29 0.112423
0 560 21 28 0.10897
22 220 27 39 0.107904
311 301 25 33 0.107883
830 487 27 32 0.107256
454 270 27 32 0.10658
822 429 48 56 0.103857
785 314 24 34 0.103558
25 255 22 29 0.103421
555 455 22 27 0.102856
18 273 20 33 0.102472
216 643 23 26 0.101643
866 742 26 32 0.100911
