snow/snow_00462
36
126 381 21 26 0.927315
600 97 39 44 0.890436
634 356 19 21 0.750813
577 428 21 29 0.690262
582 434 26 34 0.517525
222 394 16 19 0.486442
540 202 18 23 0.422649
66 398 27 34 0.368649
622 268 82 92 0.359902
277 16 20 31 0.356123
210 396 24 30 0.348136
70 414 19 27 0.316715
528 248 51 61 0.314434
625 71 21 26 0.278907
491 393 23 27 0.254433
670 115 28 34 0.250788
146 380 29 33 0.241523
111 626 26 29 0.229732
606 265 20 28 0.201935
197 398 23 29 0.188138
591 269 24 32 0.184949
593 452 21 25 0.183235
532 421 46 57 0.176395
206 424 16 18 0.174243
1 457 21 22 0.166986
196 434 35 43 0.138507
627 411 16 20 0.137929
562 234 24 34 0.131306
609 413 23 27 0.127543
628 366 20 22 0.126342
575 49 18 20 0.120753
712 117 26 34 0.12064
711 340 31 34 0.1191
657 123 24 30 0.105557
589 481 117 140 0.102038
504 305 22 26 0.100419
