snow/snow_00198
446
320 240 25 32 0.920487
616 467 33 38 0.91175
314 1029 23 28 0.900436
241 674 45 52 0.85735
8 10 39 49 0.825491
330 548 18 22 0.814667
388 285 22 29 0.808738
991 926 22 26 0.806037
184 1023 24 29 0.795808
293 154 20 23 0.793911
179 694 27 31 0.785493
22 440 21 27 0.763897
987 477 19 22 0.761836
767 944 16 23 0.755398
586 285 33 42 0.745116
795 495 24 28 0.733944
147 279 18 25 0.729208
820 624 54 60 0.720189
734 176 43 53 0.715355
118 657 28 34 0.703842
88 256 25 29 0.698367
97 71 33 40 0.693664
763 272 27 32 0.689436
55 417 34 40 0.662155
281 1 17 22 0.66061
111 543 23 27 0.628688
545 493 21 25 0.619634
774 175 64 72 0.617991
152 45 25 32 0.612772
363 351 24 30 0.599195
379 497 23 28 0.595932
42 645 19 23 0.59588
272 354 17 22 0.584881
536 536 25 34 0.580039
578 354 20 26 0.579617
122 228 29 39 0.576431
460 262 48 55 0.568607
252 336 20 23 0.562318
6 217 30 38 0.560989
518 517 29 34 0.559635
258 629 25 30 0.554768
807 726 31 38 0.554196
297 75 28 32 0.554009
858 273 40 48 0.548071
786 634 23 33 0.543923
706 399 26 33 0.540816
842 453 34 40 0.540059
744 796 50 56 0.534654
778 864 20 24 0.531594
181 857 20 22 0.530113
28 381 24 31 0.529227
255 817 18 25 0.527844
280 596 27 36 0.525281
66 654 21 23 0.525057
766 440 25 30 0.512748
124 242 30 41 0.511844
497 593 21 27 0.511763
50 318 23 28 0.510276
284 118 35 40 0.506758
421 582 28 35 0.5031
303 364 28 34 0.500959
47 436 20 25 0.49437
602 287 48 64 0.487968
186 579 19 25 0.487309
784 595 17 26 0.487295
409 418 47 53 0.483872
69 24 24 28 0.482581
460 565 19 26 0.481896
894 480 27 30 0.480057
764 319 17 21 0.47853
289 581 32 43 0.478211
101 711 33 40 0.476374
354 449 28 34 0.475349
331 436 34 38 0.468953
408 317 24 33 0.468787
456 381 19 23 0.467514
68 512 27 32 0.465238
18 337 23 27 0.461418
833 372 25 30 0.456815
981 875 16 21 0.455367
225 427 25 26 0.451097
242 807 23 29 0.443835
282 448 19 24 0.441971
193 226 19 26 0.439884
66 241 30 36 0.43562
829 707 65 76 0.431276
83 202 23 29 0.430817
420 238 19 24 0.426522
146 566 24 29 0.423606
140 722 34 41 0.417852
278 114 22 28 0.415669
772 905 19 25 0.414919
108 761 23 29 0.414581
380 465 12 14 0.411433
353 228 19 24 0.410801
148 737 29 35 0.406871
377 28 40 47 0.404298
333 1046 16 21 0.402052
514 361 21 26 0.400792
126 742 23 28 0.396327
158 457 26 29 0.390837
744 883 23 28 0.386737
174 517 16 20 0.385081
889 414 39 45 0.383265
763 779 61 82 0.377377
215 587 22 27 0.377235
538 430 18 24 0.376382
463 432 22 26 0.375849
359 489 19 21 0.366566
794 477 20 22 0.365081
235 659 13 18 0.363668
422 68 23 30 0.354217
556 546 23 27 0.354198
55 191 28 34 0.353148
592 1035 23 28 0.352596
149 543 32 42 0.351907
609 1099 20 22 0.342046
273 120 19 23 0.341803
190 655 33 42 0.336918
701 352 18 21 0.336081
503 555 21 24 0.334507
169 908 17 26 0.334276
269 460 19 23 0.334165
776 421 42 50 0.333954
185 46 23 28 0.3338
399 596 17 21 0.331264
105 550 24 30 0.329669
311 398 18 20 0.328217
630 330 30 39 0.32684
44 466 23 29 0.326829
640 479 21 27 0.324747
538 490 21 27 0.323498
41 667 16 19 0.321896
285 556 16 20 0.32044
352 467 21 26 0.318567
356 157 39 48 0.317612
231 506 31 40 0.317104
942 863 17 20 0.315491
794 635 29 32 0.313825
276 875 20 23 0.313729
356 534 34 39 0.310526
568 987 23 28 0.309184
30 140 22 26 0.306593
671 488 23 29 0.301064
67 572 16 21 0.299297
562 38 65 81 0.297762
295 612 24 28 0.297723
196 391 20 25 0.297682
7 189 23 26 0.297314
79 185 28 33 0.294428
188 724 25 31 0.293791
111 217 12 15 0.292712
740 913 19 24 0.291798
917 140 44 51 0.291753
492 448 26 30 0.289045
681 205 21 25 0.287263
711 77 55 60 0.286365
538 961 22 28 0.279548
71 137 20 26 0.276492
59 173 25 30 0.275827
253 229 18 22 0.273093
775 270 28 36 0.272903
87 697 35 42 0.272402
264 830 19 20 0.271906
799 324 24 27 0.26918
581 506 25 31 0.268763
719 808 29 43 0.268507
958 684 35 43 0.268421
9 643 23 28 0.267219
80 15 22 29 0.263396
811 694 19 24 0.262776
103 385 19 23 0.261495
560 441 21 26 0.26134
323 925 17 22 0.259561
499 338 27 32 0.258193
210 268 24 26 0.257203
88 240 24 30 0.256234
558 1033 17 22 0.255852
167 167 26 34 0.255654
339 76 36 43 0.255434
607 374 34 41 0.255325
881 820 17 23 0.255321
349 362 29 34 0.254702
413 330 22 27 0.254601
450 464 21 27 0.253536
727 494 29 38 0.252038
200 681 20 26 0.249966
486 20 18 24 0.249571
165 687 21 26 0.249388
674 382 24 27 0.248923
119 19 30 36 0.248193
142 148 21 25 0.248176
286 459 30 38 0.247288
157 222 17 23 0.245828
155 338 23 28 0.243635
654 116 54 57 0.243368
0 284 28 37 0.243317
172 299 16 21 0.242312
167 472 23 29 0.242256
604 468 34 41 0.241551
197 362 23 27 0.24112
780 622 25 36 0.239778
588 397 18 23 0.238132
109 460 41 48 0.236776
56 727 19 26 0.236415
758 365 49 58 0.236208
122 552 23 30 0.235267
51 503 28 33 0.234928
420 34 27 35 0.23241
312 441 27 34 0.231978
718 346 25 29 0.230839
831 681 21 27 0.230585
136 642 21 27 0.228144
880 406 30 38 0.227526
899 399 33 39 0.227147
264 1069 21 27 0.227096
93 145 30 35 0.226944
42 712 19 27 0.226231
137 505 29 35 0.225997
434 2 22 30 0.225196
63 496 23 28 0.224708
10 770 14 18 0.223727
556 468 24 28 0.22282
327 339 39 43 0.221826
63 724 17 24 0.221119
196 305 24 34 0.220862
426 565 29 37 0.220364
66 686 17 22 0.220173
764 351 23 27 0.219944
149 496 17 21 0.219256
97 417 22 26 0.218613
0 255 29 38 0.218386
585 445 23 27 0.218283
1000 799 22 28 0.216703
143 58 17 22 0.21654
227 862 21 21 0.214295
80 102 21 27 0.214185
323 1038 18 21 0.21347
53 291 23 28 0.213294
707 360 25 31 0.21292
308 594 28 35 0.211218
404 505 21 28 0.210388
791 673 16 21 0.209817
505 428 19 23 0.209488
951 898 24 30 0.208505
455 237 22 29 0.208293
225 344 20 25 0.208234
547 929 22 28 0.207539
223 891 16 19 0.207093
165 310 30 36 0.206158
93 232 22 26 0.204061
734 1313 26 31 0.203646
255 596 23 25 0.203193
430 124 22 31 0.202151
344 400 37 43 0.201411
433 375 23 29 0.20027
861 462 24 29 0.198188
377 356 21 26 0.198086
139 283 20 23 0.197981
19 471 25 31 0.197285
751 245 20 25 0.196158
41 541 22 27 0.192603
856 497 21 26 0.19133
200 348 17 24 0.191084
429 1077 25 28 0.190424
434 550 24 34 0.189818
747 861 23 26 0.189652
165 746 28 33 0.188109
162 350 17 22 0.187594
313 516 33 39 0.186245
65 276 23 32 0.186097
414 570 20 24 0.185795
72 34 39 49 0.185056
343 372 20 26 0.185046
704 435 31 37 0.184527
11 720 18 22 0.183731
183 134 26 34 0.18357
403 527 29 39 0.18274
130 92 18 20 0.182627
228 396 24 27 0.18245
700 949 15 19 0.181523
144 92 25 30 0.18099
88 11 23 29 0.179495
541 325 18 22 0.179028
746 710 37 43 0.177751
511 393 26 33 0.177044
771 1 30 37 0.175258
229 46 29 37 0.175096
395 1028 20 24 0.174874
264 197 21 26 0.173256
97 473 25 30 0.172139
232 376 23 29 0.171212
372 908 19 25 0.170456
636 1086 24 27 0.17018
946 905 21 28 0.17013
103 311 17 21 0.16959
401 256 27 33 0.168905
889 455 25 30 0.168531
310 562 16 19 0.168518
257 0 22 29 0.168166
208 962 51 64 0.167517
16 639 25 29 0.166918
21 102 18 22 0.166806
672 518 22 29 0.166165
125 304 43 51 0.165912
77 80 21 24 0.16564
536 471 21 26 0.164487
206 18 45 57 0.163559
8 92 24 27 0.163265
855 481 23 29 0.163248
216 579 20 23 0.162196
588 321 23 28 0.161563
458 532 16 21 0.160973
106 501 14 18 0.16071
956 322 19 23 0.157762
818 474 21 25 0.157245
-1 594 26 30 0.155831
638 467 23 30 0.155593
85 734 38 44 0.155421
286 1030 28 33 0.154124
769 1067 18 22 0.153798
321 451 23 31 0.153431
180 585 21 26 0.153189
332 287 23 29 0.153128
678 482 25 31 0.151242
101 441 25 32 0.150411
208 937 21 28 0.149905
399 97 20 25 0.148562
201 736 32 35 0.148021
792 588 28 37 0.147617
54 700 32 33 0.147465
649 274 45 52 0.14741
458 309 23 29 0.147199
402 464 19 26 0.147101
701 814 24 35 0.14679
671 413 23 28 0.146516
975 288 23 28 0.145483
674 961 14 18 0.145226
78 329 21 24 0.145025
523 591 101 119 0.144692
26 542 22 25 0.1432
568 337 18 22 0.143079
766 623 26 33 0.142909
7 407 20 23 0.14268
267 422 23 25 0.142334
288 178 23 29 0.141801
136 147 16 22 0.141526
566 359 23 29 0.140701
347 190 20 27 0.139935
180 83 34 42 0.139536
131 719 21 27 0.139405
377 394 31 35 0.139219
433 997 19 22 0.139009
192 296 17 23 0.138468
63 587 23 29 0.137506
720 932 25 31 0.137501
111 394 23 33 0.136628
778 1032 16 22 0.135966
450 6 25 30 0.135831
164 672 16 17 0.135767
850 887 13 17 0.135669
474 507 21 26 0.134691
232 824 15 21 0.13422
357 51 39 46 0.134215
480 804 20 27 0.133712
44 706 23 26 0.133666
531 957 20 26 0.132875
418 358 16 21 0.13272
599 16 26 33 0.131638
16 61 25 29 0.131628
528 400 19 23 0.130159
343 535 37 47 0.129664
274 1075 20 24 0.129524
206 291 22 25 0.129521
225 177 22 26 0.129305
707 297 26 31 0.12809
208 529 19 23 0.127026
541 248 44 54 0.126896
307 236 23 31 0.12688
496 35 29 34 0.126727
222 809 21 34 0.126513
826 844 15 18 0.12638
303 20 39 48 0.126376
79 398 19 22 0.124793
191 802 42 46 0.124746
398 406 39 45 0.123878
760 986 19 23 0.123608
843 941 11 15 0.123375
945 299 23 28 0.123288
380 909 21 26 0.121173
125 221 17 21 0.121085
149 56 26 31 0.120593
436 519 19 23 0.120477
224 442 16 23 0.119527
775 258 27 32 0.1186
860 406 32 40 0.118506
792 459 18 23 0.117228
181 669 18 24 0.117219
571 543 22 27 0.116749
13 374 13 16 0.116684
217 427 18 22 0.116313
917 733 19 24 0.11586
979 322 18 23 0.115162
584 522 20 26 0.114863
804 379 26 32 0.114376
27 718 23 27 0.114312
600 1076 18 21 0.113374
35 407 26 29 0.113241
816 930 14 20 0.112707
215 329 20 25 0.112631
480 422 22 26 0.112447
310 295 21 25 0.112345
326 405 45 54 0.112263
552 474 12 14 0.112116
148 195 18 22 0.111922
178 886 16 21 0.111466
188 167 18 25 0.111167
200 407 20 25 0.111152
405 354 19 23 0.111018
230 119 33 42 0.110641
97 9 23 27 0.109833
369 495 25 29 0.109726
170 409 18 22 0.109555
288 315 18 23 0.109239
368 166 41 51 0.10912
269 609 20 24 0.108656
121 598 28 33 0.108368
197 515 17 21 0.108158
716 801 23 32 0.107774
95 669 34 41 0.107536
686 483 39 45 0.107367
510 310 18 23 0.107308
50 184 15 20 0.106905
239 245 15 18 0.106736
178 213 15 18 0.10625
411 513 21 27 0.105735
419 212 19 24 0.105687
45 205 20 24 0.105651
858 385 25 31 0.105246
190 645 18 22 0.105195
683 1017 26 31 0.105177
499 155 32 39 0.104708
497 523 23 29 0.103974
995 269 22 25 0.103765
304 208 17 20 0.101115
762 1015 27 35 0.100754
