snow/snow_00473
66
296 144 32 45 0.996034
802 111 33 53 0.99126
44 108 19 22 0.808873
45 91 18 19 0.800895
812 333 83 99 0.797882
933 292 21 24 0.715754
363 443 31 36 0.701698
992 326 21 25 0.695951
888 92 25 27 0.576188
914 325 16 23 0.561556
981 91 23 26 0.542785
64 98 21 28 0.493877
931 347 21 24 0.463748
812 302 31 38 0.45544
326 232 45 51 0.439786
960 343 17 21 0.426467
844 101 24 28 0.374067
299 403 30 37 0.365729
952 205 11 13 0.355436
305 228 22 26 0.35138
654 246 17 22 0.31526
861 200 41 51 0.279745
947 318 26 33 0.269758
376 279 19 23 0.268814
825 219 22 28 0.26613
354 365 42 57 0.259322
332 102 26 30 0.258005
977 302 16 24 0.252379
48 116 48 54 0.249995
269 209 24 35 0.239639
780 117 31 37 0.232254
813 112 46 57 0.227527
813 446 53 67 0.215245
830 277 23 28 0.215201
76 92 20 23 0.207843
866 584 22 26 0.201158
961 278 14 22 0.198722
107 206 20 24 0.196018
924 318 15 23 0.190805
908 47 19 22 0.190529
953 96 23 26 0.181435
346 367 23 28 0.173715
926 215 30 36 0.168207
649 3 24 28 0.168076
569 107 21 25 0.162994
828 425 23 30 0.161595
635 41 18 23 0.155169
867 339 45 52 0.15489
908 285 24 29 0.151284
855 281 32 39 0.150978
339 215 21 24 0.150865
798 608 17 21 0.150805
403 320 22 29 0.150421
816 96 20 26 0.145623
70 101 23 28 0.142115
908 335 21 28 0.138379
451 107 27 29 0.134309
953 311 14 16 0.130552
780 197 33 39 0.125383
840 278 19 25 0.121781
745 126 21 25 0.119209
627 31 22 26 0.115118
858 257 26 32 0.114138
754 226 25 30 0.108075
788 308 20 27 0.101944
998 58 22 30 0.101906
