snow/snow_00193
176
217 84 61 68 0.999963
260 462 52 66 0.847859
792 344 38 50 0.747518
283 130 35 44 0.742128
849 14 33 38 0.684953
653 163 21 25 0.677779
721 224 26 32 0.634158
599 112 21 24 0.611231
188 287 97 112 0.605549
580 124 27 35 0.604422
191 484 26 30 0.588787
733 112 25 33 0.584092
100 120 24 28 0.574602
726 264 30 38 0.571293
450 131 25 31 0.546491
873 305 17 20 0.535722
874 245 41 47 0.534209
305 361 28 32 0.524974
613 96 16 20 0.509719
367 147 30 41 0.499292
436 207 18 21 0.488979
752 261 18 22 0.464181
297 94 21 27 0.455766
728 144 17 22 0.453506
71 268 31 34 0.448833
695 250 25 29 0.446173
278 435 25 33 0.443308
787 152 24 27 0.441842
941 309 29 31 0.441175
879 190 21 26 0.439909
849 301 28 31 0.428893
670 58 67 84 0.425814
545 308 20 25 0.423617
651 290 23 30 0.406479
704 327 19 26 0.394206
869 232 29 32 0.385922
918 206 23 29 0.384653
937 233 19 25 0.367459
254 477 50 69 0.366521
850 326 19 23 0.363441
688 188 25 31 0.362918
640 224 19 21 0.360971
771 228 23 29 0.358507
326 122 20 28 0.354849
752 108 21 25 0.35471
629 121 34 47 0.333908
507 137 19 25 0.333232
805 304 22 28 0.332362
563 89 27 39 0.327703
373 72 19 25 0.322152
592 179 26 31 0.320152
805 143 22 28 0.32003
695 214 26 33 0.318581
700 304 22 25 0.318314
938 254 22 24 0.317152
941 328 30 35 0.305412
733 168 44 56 0.300462
892 312 24 32 0.300431
596 326 18 20 0.289272
766 319 35 42 0.278679
777 203 22 23 0.276082
979 248 24 28 0.272223
266 404 32 42 0.270671
579 260 25 33 0.270015
879 55 45 60 0.268266
905 96 40 51 0.267192
808 205 27 32 0.263772
983 327 24 29 0.261135
677 371 19 22 0.259366
468 282 28 33 0.25719
550 223 29 36 0.254035
972 228 24 30 0.252544
684 147 23 31 0.245669
392 217 19 24 0.242848
623 241 21 26 0.239132
588 260 26 33 0.238944
745 323 37 43 0.238902
817 126 25 30 0.237968
272 82 22 21 0.236292
651 54 24 35 0.23578
748 95 21 27 0.234285
620 69 21 28 0.226101
509 221 25 30 0.223892
998 207 20 29 0.222589
980 342 19 27 0.222016
562 227 27 34 0.220432
275 374 20 27 0.22003
983 32 24 27 0.219745
402 261 26 29 0.218176
524 308 22 26 0.213178
658 140 22 29 0.210801
896 120 20 24 0.209293
845 78 26 34 0.208658
515 107 23 27 0.205044
221 491 24 31 0.201942
657 249 27 34 0.200025
667 134 27 35 0.197322
808 90 31 37 0.194936
727 359 17 20 0.193956
494 272 29 34 0.191501
935 138 25 34 0.189366
461 172 23 28 0.188675
272 364 22 29 0.187296
897 181 25 28 0.184573
435 158 16 21 0.183888
637 258 20 28 0.183845
227 264 23 27 0.181019
953 277 13 18 0.180933
462 85 25 29 0.179481
745 264 20 24 0.178018
600 124 19 24 0.17418
420 129 22 25 0.174158
411 65 25 33 0.172349
897 216 18 21 0.172094
624 329 40 48 0.170833
759 87 37 46 0.166204
223 470 18 21 0.165734
664 239 27 35 0.164807
383 235 17 22 0.164794
401 58 27 33 0.164685
515 153 26 29 0.162801
511 180 27 32 0.159324
569 293 21 24 0.158093
364 136 21 28 0.157149
984 267 22 30 0.155789
784 129 25 28 0.155542
283 80 23 27 0.154939
966 362 23 31 0.154925
686 363 24 31 0.153174
337 94 26 32 0.149373
401 191 24 29 0.147833
851 363 15 18 0.147704
263 518 43 53 0.146961
710 163 35 48 0.142349
687 320 19 25 0.141425
662 47 21 25 0.141123
372 125 29 35 0.1405
952 227 23 26 0.138777
741 127 25 33 0.137879
413 288 14 19 0.13534
57 521 24 28 0.132991
812 80 14 17 0.131785
699 257 29 34 0.128598
190 375 53 64 0.128505
631 61 21 29 0.126774
836 90 36 42 0.126324
271 451 25 31 0.123785
626 173 17 22 0.12371
480 256 28 33 0.121967
917 218 20 24 0.120778
424 97 30 37 0.119515
740 316 25 27 0.11906
632 215 19 26 0.116552
489 292 18 21 0.116536
824 294 22 26 0.115339
713 366 13 15 0.115231
445 263 23 30 0.115207
1000 274 22 24 0.114517
438 52 18 22 0.11436
622 62 21 27 0.112952
751 154 19 24 0.111389
903 306 41 47 0.111332
851 278 29 36 0.110166
830 128 27 35 0.109563
773 166 29 36 0.108533
631 291 28 34 0.10778
945 6 39 52 0.10754
571 212 29 33 0.106554
824 86 26 37 0.106426
668 230 20 27 0.104802
649 226 18 21 0.104459
924 59 51 66 0.103504
572 98 24 33 0.102788
577 274 26 32 0.102687
805 195 25 27 0.101664
788 92 21 28 0.101481
