snow/snow_00448
44
385 542 22 29 0.736594
651 333 26 29 0.714508
132 270 26 29 0.676779
275 481 25 31 0.662557
645 299 39 50 0.599396
721 353 24 27 0.479987
328 400 19 22 0.424934
235 260 53 62 0.419137
270 263 40 49 0.412858
296 582 26 34 0.400026
322 279 34 45 0.398008
414 608 29 35 0.391799
372 259 25 29 0.378244
396 323 24 27 0.3676
350 416 20 24 0.364435
95 372 46 61 0.352689
157 362 21 28 0.271931
224 419 19 24 0.242283
413 363 25 32 0.217638
197 354 18 24 0.208851
346 503 19 25 0.19838
360 321 34 40 0.190875
749 327 23 26 0.189827
988 90 25 26 0.18015
399 580 27 34 0.17836
310 445 23 29 0.173827
307 286 34 40 0.17324
227 340 19 23 0.160047
151 301 23 26 0.138508
396 351 24 33 0.130586
229 282 19 22 0.130553
428 618 24 31 0.126083
367 230 40 45 0.123808
103 308 20 25 0.114061
871 348 27 30 0.113742
661 385 25 29 0.11322
383 508 20 24 0.111721
849 366 26 28 0.110752
313 534 21 26 0.110216
227 318 21 26 0.109848
457 634 34 38 0.109382
229 296 32 39 0.106517
664 188 26 32 0.101914
299 593 25 31 0.101502
