snow/snow_00434
125
-3 1296 27 34 0.89869
193 1312 21 26 0.897215
-4 1268 26 33 0.84915
1 1320 22 27 0.839756
780 1012 23 33 0.815747
356 1233 20 26 0.794899
854 1436 23 27 0.715044
562 1298 34 39 0.681512
701 1329 24 29 0.650269
249 1295 18 22 0.560187
757 990 35 46 0.535777
706 969 22 26 0.525921
720 1104 23 28 0.521674
753 1004 31 44 0.511646
244 1215 29 34 0.502812
83 879 22 26 0.494263
20 1200 48 63 0.464653
285 1218 44 56 0.462221
710 908 46 69 0.460445
642 935 18 22 0.440103
869 1198 38 51 0.431955
706 1190 41 55 0.427928
572 1208 42 60 0.421129
740 782 27 34 0.41371
729 1001 28 34 0.401333
961 1339 46 53 0.397687
362 1070 24 32 0.39491
511 1474 30 35 0.385196
677 948 35 49 0.384478
777 987 30 36 0.367105
776 897 17 23 0.335257
656 827 25 33 0.325864
656 1065 27 27 0.314139
260 1071 26 36 0.307187
0 1359 25 31 0.30457
338 1368 23 29 0.303251
558 1155 24 32 0.300148
650 910 48 74 0.296882
390 404 21 24 0.296164
916 1474 22 27 0.291818
812 940 20 27 0.291386
639 994 28 36 0.287916
232 1256 45 53 0.281724
266 468 19 24 0.273569
847 1128 25 30 0.273502
870 1110 37 44 0.270762
124 1080 21 26 0.267625
654 994 23 29 0.264417
652 1070 26 28 0.264001
317 1135 24 29 0.254273
194 1179 27 31 0.251949
434 1242 43 57 0.241928
277 1161 20 26 0.240539
579 1130 31 36 0.23613
424 1093 38 47 0.235524
50 1194 24 34 0.224096
15 1252 22 27 0.215646
876 1026 22 28 0.21333
785 1052 22 27 0.2101
647 1198 20 25 0.209738
120 191 26 33 0.209563
654 867 37 50 0.208413
635 1007 34 43 0.20769
77 950 20 25 0.207656
790 497 26 32 0.196903
846 1255 22 27 0.196413
691 910 23 31 0.195738
279 1132 28 34 0.192497
802 1211 29 34 0.190395
676 1058 29 35 0.185513
578 1165 27 38 0.182849
799 923 25 30 0.182479
694 1489 18 21 0.18235
164 1066 19 28 0.182032
508 398 23 28 0.181694
300 1125 23 28 0.181024
928 367 31 38 0.179603
91 1043 30 36 0.178365
940 355 26 31 0.1782
392 1402 35 37 0.175982
960 744 21 28 0.172824
668 863 35 46 0.17094
696 1312 24 28 0.169711
685 918 25 34 0.168829
156 704 24 29 0.165042
667 1092 20 26 0.163104
252 2 27 36 0.162812
788 599 34 43 0.16113
-3 939 28 34 0.159941
512 1219 40 46 0.157081
477 1175 19 21 0.155813
319 607 26 32 0.154759
954 473 24 29 0.152215
460 413 17 21 0.150656
421 1245 39 53 0.150031
360 1204 22 25 0.149696
325 1124 28 32 0.149624
196 1166 26 33 0.144871
691 804 23 30 0.143848
234 1066 26 31 0.141417
518 1251 31 34 0.139591
96 977 33 41 0.138391
618 1023 37 47 0.134532
378 1120 22 28 0.133134
411 1082 38 46 0.132871
493 1160 27 34 0.130686
855 1228 50 64 0.130136
235 1078 23 28 0.13011
660 399 25 31 0.128904
182 551 35 45 0.127477
357 1332 20 25 0.123161
901 499 27 35 0.117876
880 1158 23 30 0.117157
224 1152 22 30 0.116784
777 948 24 31 0.115589
497 1405 38 43 0.113837
780 1022 25 35 0.113646
36 1159 24 30 0.112401
688 928 25 32 0.111925
217 1225 40 50 0.108745
571 1039 53 67 0.105896
167 1003 25 36 0.103216
175 146 25 31 0.102985
46 1135 22 28 0.100728
366 1403 28 31 0.100106
