snow/snow_00445
70
491 269 38 43 0.682621
697 158 20 27 0.629344
739 287 28 32 0.615468
756 227 22 25 0.611145
241 601 18 20 0.60636
789 249 22 26 0.540756
160 376 26 38 0.525346
444 289 24 31 0.509836
988 418 23 28 0.426812
818 274 26 29 0.400607
717 157 16 22 0.382238
911 377 64 84 0.333397
173 435 23 31 0.325779
824 285 25 29 0.294433
772 245 19 22 0.286146
856 370 19 22 0.27957
379 122 26 30 0.279077
940 337 17 21 0.278016
848 382 17 26 0.272779
733 212 23 26 0.271033
756 236 25 29 0.26596
245 505 18 24 0.264688
24 561 20 23 0.262453
808 29 20 28 0.261847
762 283 34 44 0.259552
735 182 32 41 0.25802
227 527 27 31 0.255976
35 475 22 26 0.248877
122 224 34 40 0.239006
48 456 20 24 0.230122
615 450 53 70 0.230045
854 379 22 26 0.225549
354 116 36 41 0.223502
725 491 21 31 0.215559
906 343 19 22 0.202496
902 278 21 29 0.196429
629 260 43 45 0.193576
905 631 17 20 0.188978
543 530 26 30 0.187223
211 522 22 27 0.186951
890 328 27 30 0.172708
319 475 21 25 0.17183
472 451 42 48 0.167111
745 217 21 23 0.163281
575 613 33 38 0.161155
24 582 16 19 0.160796
165 437 18 23 0.15075
111 547 34 45 0.148623
103 217 25 33 0.141352
739 191 36 41 0.140465
876 636 20 23 0.138381
445 389 23 31 0.137753
337 589 22 24 0.137011
336 500 23 27 0.132603
50 528 17 20 0.131734
773 258 32 35 0.12962
429 529 24 31 0.128956
801 277 33 39 0.127064
672 324 22 26 0.126579
258 490 35 45 0.12442
201 541 39 48 0.123231
136 281 35 40 0.120717
-1 487 61 71 0.119535
359 279 42 51 0.117922
579 468 24 30 0.115799
524 131 45 55 0.115113
152 376 25 32 0.114089
285 101 27 32 0.110463
966 360 20 25 0.107183
232 545 27 34 0.102733
