snow/snow_00433
32
919 423 26 29 0.832951
330 205 23 32 0.817117
589 671 18 22 0.801402
563 201 24 31 0.732508
616 244 22 28 0.52914
823 335 21 26 0.487959
317 202 27 34 0.475862
930 190 26 31 0.472469
295 382 20 27 0.466885
895 184 28 34 0.464974
223 512 24 30 0.388182
549 287 22 30 0.326002
557 182 22 28 0.324239
332 191 21 31 0.316175
754 474 29 34 0.291994
634 718 16 20 0.253635
438 371 26 32 0.234481
203 162 25 32 0.226626
274 533 18 23 0.213445
623 364 25 30 0.204976
725 444 37 44 0.182263
617 501 23 28 0.169234
557 203 18 23 0.168681
856 476 34 40 0.16263
587 330 23 30 0.140412
291 451 19 27 0.13724
576 197 23 33 0.127815
246 500 20 27 0.124158
636 523 22 28 0.117615
285 193 32 44 0.113482
873 318 25 28 0.101666
317 534 27 32 0.100549
