snow/snow_00173
126
287 321 26 31 0.835968
239 469 22 25 0.689192
315 356 28 31 0.674674
238 272 46 60 0.632353
478 201 29 36 0.628211
546 521 23 28 0.60063
206 516 21 25 0.57883
483 142 40 54 0.571945
550 543 21 26 0.525289
400 193 29 36 0.504246
571 301 17 23 0.467027
732 5 30 37 0.455942
184 505 17 21 0.448574
186 95 43 53 0.448031
220 100 33 39 0.436655
547 569 22 28 0.435443
250 35 24 30 0.43198
681 390 20 24 0.406435
318 195 25 33 0.398956
515 456 21 27 0.3908
289 350 25 32 0.371656
973 191 25 29 0.362639
429 270 23 28 0.361573
722 336 20 24 0.348765
836 41 24 30 0.322235
728 352 19 24 0.317042
606 380 53 76 0.308428
270 272 25 31 0.305865
320 211 26 32 0.303381
367 83 59 66 0.293205
257 483 25 31 0.290286
351 327 21 25 0.282779
186 515 18 24 0.282693
471 608 19 24 0.275709
342 346 28 32 0.273131
407 276 21 25 0.264278
589 35 18 23 0.258496
111 271 20 29 0.257374
63 0 57 64 0.253709
523 45 26 34 0.253429
773 273 36 47 0.251765
476 242 30 29 0.251735
869 173 26 32 0.247708
716 51 66 86 0.244172
533 297 29 35 0.244155
410 331 22 28 0.243967
55 648 24 29 0.242336
239 403 21 26 0.241731
342 385 30 35 0.240513
408 384 29 37 0.233384
493 372 27 34 0.233243
493 23 25 35 0.232519
523 372 51 64 0.231379
405 176 23 27 0.231331
10 650 20 27 0.213254
397 352 19 24 0.21062
569 395 30 40 0.208049
452 387 24 29 0.206751
209 266 24 32 0.197026
439 279 19 22 0.194478
483 78 24 29 0.191704
595 376 17 23 0.190948
714 349 22 29 0.189178
523 331 30 39 0.186869
493 301 30 37 0.185834
226 565 16 21 0.180221
169 413 16 19 0.174891
314 37 60 75 0.172111
458 238 33 38 0.171838
151 428 38 46 0.167371
685 393 22 27 0.166126
284 464 21 25 0.164278
255 247 16 21 0.164023
154 282 19 22 0.162365
191 446 27 34 0.161004
160 23 19 26 0.159885
360 -3 34 42 0.157954
239 185 20 24 0.155785
503 422 29 36 0.154864
472 142 20 24 0.15162
540 106 90 111 0.150489
285 306 13 16 0.150422
884 141 81 108 0.150118
373 175 19 24 0.14713
476 398 21 25 0.144435
456 464 14 19 0.143239
558 459 23 29 0.143077
140 239 19 24 0.14274
443 435 24 31 0.141043
302 324 23 27 0.140143
320 236 19 25 0.139452
20 106 73 90 0.137739
363 27 24 31 0.137574
186 478 24 31 0.132947
326 473 31 40 0.132869
520 467 33 41 0.132056
29 338 47 59 0.129333
175 291 17 22 0.129111
27 599 37 49 0.127699
389 185 31 37 0.127558
326 351 36 42 0.127199
735 332 26 29 0.125129
10 579 22 29 0.123666
509 345 24 27 0.123075
244 394 18 25 0.121459
3 -1 54 58 0.120839
609 247 97 136 0.120825
450 267 48 57 0.115255
450 304 25 31 0.114965
313 283 24 29 0.114326
513 395 23 29 0.113768
304 447 21 26 0.11185
11 82 47 56 0.111644
260 140 17 21 0.110963
0 632 16 20 0.110959
478 509 22 27 0.110416
530 61 23 32 0.110077
448 206 38 46 0.108633
272 361 21 29 0.108378
466 547 24 30 0.106279
133 377 19 24 0.106122
506 435 31 37 0.103818
175 346 16 20 0.103653
165 458 26 38 0.103328
230 364 26 34 0.101231
340 251 24 31 0.100906
