snow/snow_00449
138
237 306 67 82 0.999909
440 1154 22 29 0.919082
252 764 22 27 0.864941
393 1053 19 20 0.818293
424 1224 49 57 0.757366
200 1178 25 34 0.732986
457 1214 26 31 0.712807
347 463 28 33 0.70436
870 442 63 74 0.686392
296 852 33 36 0.655234
445 1212 29 38 0.648119
225 1143 24 30 0.614912
794 874 40 50 0.604558
779 701 39 43 0.598989
843 790 27 33 0.577946
801 567 26 33 0.574602
2 508 24 30 0.525859
388 822 32 37 0.515516
892 1302 48 60 0.491183
272 783 28 34 0.489277
778 1289 37 44 0.48221
437 1180 23 26 0.479446
384 1149 22 27 0.467022
297 317 28 33 0.462138
394 1174 22 29 0.462134
865 800 23 29 0.456299
306 915 35 43 0.454164
30 474 27 34 0.435894
837 802 23 27 0.430248
228 1009 34 44 0.427601
277 897 24 27 0.426873
777 623 33 38 0.426258
233 881 31 37 0.403675
452 1094 23 31 0.378131
862 671 21 26 0.374828
931 986 35 43 0.372453
751 772 22 31 0.370528
253 1134 17 20 0.365966
799 773 47 57 0.357023
413 1149 18 23 0.343448
231 704 21 27 0.338789
362 893 26 29 0.32847
263 789 25 33 0.328363
731 709 53 69 0.325374
77 496 23 29 0.313045
806 704 28 34 0.312578
59 456 46 51 0.311846
933 788 37 43 0.307159
960 1077 23 29 0.302977
424 800 18 22 0.29722
299 811 27 32 0.295624
256 460 25 32 0.294242
721 1013 24 31 0.292583
232 1173 41 53 0.292322
427 1057 21 27 0.285522
677 746 29 34 0.284385
274 877 19 21 0.281672
389 1009 21 27 0.275606
257 799 25 30 0.274261
424 1182 23 27 0.266851
412 1471 52 56 0.259263
259 1099 25 32 0.254096
175 796 22 28 0.25329
441 832 23 31 0.244427
315 1043 20 27 0.239439
641 834 22 33 0.237994
447 1124 25 32 0.232508
412 631 22 27 0.229794
2 496 23 28 0.227593
382 840 27 36 0.223216
217 619 21 27 0.221658
756 310 25 32 0.221235
666 503 26 29 0.219294
904 792 34 39 0.21536
870 790 29 34 0.213551
982 1163 38 52 0.21302
777 275 22 34 0.209927
225 872 30 34 0.206444
431 931 22 30 0.205994
272 846 23 28 0.203828
225 530 32 41 0.201866
407 899 36 44 0.199968
246 1149 20 26 0.197063
746 9 52 66 0.194601
399 579 21 26 0.192364
257 741 27 33 0.187986
782 930 47 63 0.185277
634 302 25 34 0.182454
401 1201 25 34 0.178827
404 874 29 39 0.1745
166 500 27 37 0.173636
364 923 40 48 0.172254
986 917 24 31 0.16825
228 598 29 33 0.168097
189 838 25 32 0.167906
926 923 23 33 0.163401
278 817 27 31 0.160757
982 684 40 48 0.158792
489 1219 26 31 0.157179
251 988 22 26 0.15589
633 830 23 37 0.154004
447 1012 37 47 0.146492
995 227 24 30 0.142195
294 998 17 20 0.141138
243 742 25 30 0.140281
320 946 26 29 0.139232
252 1094 15 20 0.137487
0 804 25 29 0.137457
780 1128 26 33 0.134765
698 738 24 30 0.133071
284 859 32 38 0.132051
878 710 26 31 0.130055
412 713 45 58 0.129887
233 1140 25 31 0.128854
921 531 36 38 0.12873
281 723 21 25 0.128705
917 1095 33 46 0.12736
612 832 19 24 0.126335
323 901 25 32 0.125916
457 444 24 30 0.124405
324 520 39 48 0.122557
929 1161 34 42 0.120957
262 939 19 23 0.119621
173 1232 36 40 0.118465
6 335 23 30 0.115975
589 52 35 47 0.113853
683 792 41 52 0.112731
300 992 24 28 0.110006
243 939 24 27 0.109571
965 653 19 23 0.108821
265 497 21 29 0.108216
248 556 25 32 0.107814
942 896 25 32 0.107494
879 9 23 28 0.103868
11 353 30 40 0.103296
384 916 29 36 0.102926
793 484 33 39 0.102631
410 1119 24 29 0.10262
