snow/snow_00486
26
167 191 29 32 0.990894
516 430 41 49 0.961237
832 457 27 32 0.739923
798 466 22 27 0.375636
979 512 27 32 0.344863
485 247 30 38 0.337428
770 449 34 45 0.298962
479 216 38 44 0.249214
373 325 21 27 0.234242
802 429 32 38 0.19194
274 102 61 84 0.189652
430 468 41 58 0.187474
909 464 19 25 0.161375
275 231 23 29 0.161011
649 244 49 56 0.157029
536 487 20 26 0.153409
478 412 28 35 0.151028
800 260 22 25 0.14331
922 467 24 29 0.139093
442 310 20 25 0.137873
619 250 26 29 0.125462
87 198 31 36 0.120693
819 468 21 26 0.119271
915 441 24 27 0.114899
240 220 17 23 0.110642
502 309 21 25 0.110157
