snow/snow_00164
49
273 148 24 28 0.681688
881 217 16 20 0.581091
87 558 20 23 0.569206
123 720 33 45 0.548327
72 1098 18 22 0.458574
63 533 19 23 0.425913
722 19 24 29 0.361336
108 564 35 42 0.342139
277 62 21 24 0.287977
552 518 145 184 0.267285
4 459 20 22 0.261782
135 757 22 31 0.255349
109 76 16 20 0.254483
23 370 20 24 0.243332
810 236 23 30 0.23651
906 101 18 20 0.219065
130 780 36 53 0.205774
753 128 54 67 0.204376
201 532 28 34 0.203519
104 1068 19 24 0.19808
206 707 15 20 0.195421
800 49 20 22 0.181423
67 233 19 24 0.180052
946 222 20 24 0.178286
912 236 17 20 0.176723
799 314 19 26 0.168104
66 544 17 20 0.164009
178 537 23 27 0.153467
790 212 19 23 0.15332
496 611 43 58 0.152909
684 162 19 24 0.143893
801 574 87 111 0.140305
734 57 22 29 0.140196
987 144 21 25 0.134311
895 140 18 20 0.13288
501 315 32 40 0.132526
753 242 19 23 0.131656
152 486 20 24 0.12928
123 463 16 19 0.127859
85 591 22 27 0.124612
201 250 23 26 0.122781
907 649 17 22 0.113451
36 1076 35 40 0.108643
798 125 16 21 0.107726
907 274 16 19 0.103931
106 483 19 23 0.103822
139 537 30 36 0.103766
832 290 19 24 0.101964
496 488 17 22 0.101548
