snow/snow_00492
110
204 513 82 106 0.999526
733 517 75 89 0.999006
765 854 26 31 0.699489
692 1127 36 43 0.68614
81 1145 41 45 0.585733
867 1109 23 38 0.567064
961 724 21 29 0.553434
645 792 34 41 0.528011
776 1170 20 25 0.492895
79 1246 24 31 0.482839
809 713 24 34 0.447124
564 854 29 33 0.443185
370 1266 23 30 0.441772
346 1333 40 46 0.400154
806 792 31 40 0.399118
693 1142 33 41 0.38722
682 1191 27 34 0.375083
694 1318 46 53 0.364485
901 1114 26 33 0.363952
19 607 43 51 0.363442
66 1027 19 27 0.35966
844 425 59 78 0.358277
822 907 19 25 0.351673
830 844 41 51 0.350477
425 868 71 91 0.343467
402 514 26 34 0.3347
90 1059 42 48 0.333378
340 1099 26 35 0.328304
686 1273 26 34 0.316406
948 1150 39 50 0.315927
886 1212 25 36 0.313593
742 1198 50 61 0.309277
424 465 54 66 0.309058
984 634 19 23 0.309001
968 402 29 39 0.307375
777 852 24 29 0.304334
331 110 25 31 0.302614
991 1321 29 41 0.29166
148 814 37 49 0.290301
949 755 41 59 0.270818
711 756 28 33 0.266753
774 1145 29 35 0.259944
368 220 34 41 0.255769
40 840 15 20 0.253687
938 603 29 36 0.251984
992 1239 24 35 0.249802
652 855 26 31 0.245204
923 415 25 41 0.24212
693 831 23 29 0.230681
200 440 31 36 0.228728
841 701 24 31 0.227011
849 614 39 49 0.225774
127 1167 33 41 0.22366
902 778 20 30 0.221786
915 778 19 27 0.220266
341 1158 23 28 0.21652
238 720 26 34 0.216112
987 761 31 40 0.208756
982 554 38 50 0.207495
85 555 23 33 0.204674
757 508 23 28 0.197706
764 603 34 49 0.192639
777 756 20 26 0.187287
699 550 26 35 0.183796
888 140 20 26 0.18234
779 1193 23 32 0.18121
679 1174 28 35 0.180319
605 875 43 46 0.17916
341 1198 29 36 0.178624
226 1151 25 33 0.177582
900 1310 30 40 0.176807
962 557 25 39 0.176632
810 559 27 36 0.175322
266 1211 37 43 0.172777
483 980 25 29 0.167877
905 821 19 28 0.161912
715 1186 23 28 0.158952
951 1106 21 27 0.157753
902 1076 29 39 0.155687
57 307 19 26 0.153808
184 911 26 30 0.149543
843 1175 20 28 0.149347
883 964 21 31 0.147868
366 1233 24 31 0.144748
329 1068 35 48 0.136358
533 140 38 45 0.134938
52 642 23 29 0.13125
45 573 24 28 0.129511
251 1120 22 29 0.128963
986 586 31 38 0.126898
821 885 20 26 0.125256
632 770 23 27 0.123015
715 1306 42 48 0.121763
829 338 27 29 0.11813
846 1235 23 33 0.117985
114 1148 22 27 0.116806
768 829 23 29 0.11671
694 1272 27 33 0.116475
34 718 38 42 0.116446
510 916 96 118 0.114372
35 784 19 24 0.11274
35 412 47 67 0.110539
893 1121 28 38 0.108332
420 224 25 32 0.106964
348 917 20 25 0.106895
646 999 23 30 0.105843
206 1084 23 30 0.104469
853 114 34 45 0.103729
835 1186 19 27 0.103448
182 1334 22 30 0.101412
