snow/snow_00467
33
695 146 62 59 0.898279
711 550 54 66 0.854839
821 243 18 21 0.687214
526 365 29 36 0.542037
719 351 23 24 0.501228
650 358 40 42 0.499335
879 347 51 64 0.373653
916 227 21 26 0.313574
762 598 45 55 0.297924
948 298 22 29 0.267342
743 342 21 26 0.264392
535 395 23 28 0.250122
751 82 24 27 0.243244
972 357 17 22 0.23718
971 278 25 33 0.193844
841 266 22 27 0.192903
683 353 32 33 0.188342
558 545 54 62 0.165861
779 417 35 42 0.163063
876 230 29 36 0.150799
824 123 45 54 0.148464
978 322 18 24 0.142599
871 155 22 27 0.141834
742 260 24 30 0.138875
835 350 22 26 0.121725
552 404 31 35 0.121427
141 169 22 27 0.118418
201 49 20 22 0.117303
849 367 29 39 0.112823
817 613 23 28 0.111404
237 342 18 24 0.108203
323 96 27 30 0.104235
723 359 27 29 0.100592
