snow/snow_00452
117
274 195 63 81 0.999989
183 211 39 67 0.999972
656 162 70 81 0.999821
973 306 31 35 0.998241
355 249 45 52 0.998022
132 538 37 44 0.874986
599 245 33 38 0.847424
596 438 29 32 0.721428
634 437 38 45 0.72032
301 398 19 24 0.689907
350 264 47 52 0.589046
160 515 28 34 0.577893
855 356 16 21 0.555018
495 581 27 30 0.536491
853 467 22 27 0.487553
580 417 22 28 0.479654
911 348 38 54 0.471194
304 459 28 35 0.470778
158 309 25 29 0.469317
227 299 26 34 0.463635
827 492 34 42 0.444952
289 516 32 42 0.443767
325 303 17 22 0.436417
635 473 33 42 0.392314
88 466 18 23 0.391019
184 580 34 42 0.370091
779 584 20 25 0.352104
709 525 33 41 0.348709
445 568 14 16 0.330273
206 487 21 24 0.326065
425 385 20 23 0.322062
266 407 29 40 0.319223
176 430 16 19 0.316329
123 367 21 28 0.316283
563 367 32 43 0.313872
969 402 21 26 0.31022
653 299 45 57 0.297521
353 362 29 36 0.295987
861 440 22 29 0.295506
875 401 23 29 0.272197
853 488 29 34 0.264369
737 663 25 32 0.260497
573 425 28 35 0.260078
957 362 22 28 0.258728
675 266 34 43 0.257977
929 555 38 50 0.254438
939 524 38 49 0.253685
190 534 20 24 0.249016
607 296 27 35 0.246087
917 249 34 38 0.2338
139 480 28 34 0.233009
311 332 33 43 0.232447
388 410 29 38 0.224649
392 370 32 41 0.223384
265 312 24 32 0.22231
166 554 38 46 0.221648
37 647 31 37 0.210417
224 318 25 31 0.203534
943 510 25 29 0.198201
58 509 19 26 0.196875
147 204 26 33 0.194709
259 374 24 33 0.192865
157 574 24 28 0.191897
815 260 26 35 0.18578
206 352 32 41 0.184463
161 427 22 25 0.177219
91 301 28 35 0.174813
94 525 29 37 0.174701
603 547 27 35 0.170665
202 619 27 34 0.168389
769 256 21 25 0.165246
829 514 26 32 0.163299
881 307 33 45 0.162998
758 595 29 34 0.162345
948 364 23 31 0.161496
826 571 21 27 0.159206
216 348 29 36 0.152927
789 524 27 32 0.152565
254 609 24 30 0.151357
348 567 24 28 0.150689
202 547 23 29 0.150118
386 579 25 34 0.148482
384 387 35 46 0.148387
249 304 20 27 0.148173
410 510 20 29 0.146869
737 259 34 39 0.143755
139 498 19 26 0.142375
329 648 25 32 0.142287
649 493 26 30 0.140786
885 255 29 34 0.139071
142 311 27 35 0.137254
194 555 22 30 0.137172
592 464 28 33 0.13251
214 509 34 41 0.131714
98 668 23 27 0.131675
604 275 30 38 0.129476
3 328 28 33 0.125582
632 595 25 29 0.124616
358 422 20 27 0.122899
33 522 23 29 0.122214
713 309 19 24 0.119138
308 578 26 30 0.119003
312 313 25 30 0.118319
359 583 23 28 0.112698
935 316 24 32 0.109437
836 475 17 20 0.108421
926 629 34 44 0.108246
49 629 23 29 0.108014
945 598 21 27 0.107646
293 444 26 32 0.107405
821 336 20 25 0.107161
81 309 24 30 0.106976
83 447 25 34 0.106093
529 319 27 31 0.103089
686 514 27 34 0.102902
132 299 25 32 0.102755
741 441 32 40 0.100647
