snow/snow_00403
78
370 488 203 242 0.999695
928 267 45 59 0.871747
498 1206 120 160 0.70605
190 791 49 60 0.697247
193 1249 50 62 0.697002
812 746 84 106 0.674842
423 949 20 24 0.63025
202 1315 35 46 0.522345
858 65 73 88 0.506629
969 394 42 53 0.488443
147 1398 41 54 0.481407
746 1418 26 33 0.466778
887 9 57 73 0.466426
916 1208 59 63 0.462681
197 1357 21 28 0.45879
343 621 39 47 0.447081
5 1306 62 71 0.388792
798 1177 21 25 0.382215
52 783 60 74 0.380015
140 1134 28 36 0.357138
908 210 75 90 0.33314
325 576 49 67 0.322334
75 784 65 74 0.322218
604 1413 57 77 0.314367
712 866 23 26 0.29587
401 1325 74 85 0.292532
565 406 39 48 0.286845
607 1147 39 50 0.283249
184 903 51 60 0.279422
213 768 89 101 0.27085
598 992 54 62 0.268489
963 352 48 66 0.266431
779 788 119 154 0.265079
173 1154 23 30 0.259109
563 1456 40 49 0.257031
129 1357 21 31 0.256603
797 1071 75 92 0.253115
193 1101 76 95 0.252186
626 1159 34 42 0.251193
864 108 72 91 0.244053
615 1207 28 36 0.233121
598 887 27 34 0.22413
365 708 26 31 0.221232
23 600 39 54 0.215617
150 840 37 48 0.203543
564 461 25 31 0.203215
411 1061 180 211 0.202558
399 725 50 61 0.200417
701 1159 101 116 0.183778
537 760 25 29 0.179613
471 1371 42 53 0.172491
625 653 35 39 0.162503
701 1474 32 43 0.155221
617 877 29 37 0.15194
791 1196 26 29 0.150323
344 641 35 40 0.149224
629 1379 38 46 0.148696
608 1473 33 48 0.137242
630 1175 48 68 0.136866
731 1419 19 25 0.134347
181 777 42 46 0.132904
129 930 42 54 0.132608
671 352 121 143 0.132468
799 1185 30 38 0.132398
582 894 21 25 0.130031
576 1127 34 41 0.129154
48 723 72 74 0.123564
190 1289 43 55 0.117768
690 1347 31 40 0.114718
684 1402 58 72 0.113922
26 935 36 51 0.112586
843 316 38 50 0.111653
786 358 29 41 0.109489
619 1299 30 37 0.109402
254 1332 45 56 0.108179
248 1063 22 28 0.107846
211 1066 27 36 0.107395
766 1314 32 40 0.101723
