snow/snow_00406
87
747 262 20 27 0.994154
510 421 16 19 0.949745
836 197 23 35 0.774786
262 405 25 34 0.719099
131 365 21 31 0.606775
62 369 68 86 0.58703
363 173 33 40 0.53967
605 391 42 45 0.509621
988 459 19 25 0.496867
436 444 50 62 0.484299
509 324 19 24 0.477526
535 429 26 31 0.458642
697 409 22 31 0.437144
380 296 19 27 0.426805
317 405 18 25 0.391542
717 277 37 52 0.387034
35 270 24 29 0.367176
962 132 25 35 0.345415
269 109 36 46 0.342812
41 291 82 106 0.336041
271 323 32 38 0.316374
147 325 42 53 0.313779
694 361 46 57 0.287307
313 314 26 35 0.281164
273 79 34 51 0.272682
411 317 32 39 0.267972
333 459 28 34 0.265245
319 459 23 31 0.264829
218 398 40 51 0.262247
838 408 30 41 0.261062
639 306 38 46 0.25835
955 63 26 35 0.25454
971 315 27 30 0.248571
643 435 34 36 0.244149
287 511 22 26 0.240488
380 415 16 24 0.232682
301 -1 20 28 0.225037
437 317 29 37 0.221498
991 121 23 32 0.221027
331 474 28 38 0.220494
803 296 25 32 0.216235
233 514 27 32 0.215922
368 138 21 26 0.215124
266 126 65 84 0.209077
362 365 20 28 0.198472
318 304 21 26 0.193483
380 481 31 37 0.192556
665 149 22 30 0.191673
436 355 84 108 0.181626
536 391 16 19 0.178759
588 377 25 30 0.177765
57 526 26 31 0.176264
486 319 25 31 0.175796
449 343 25 31 0.17431
125 440 23 33 0.173917
680 35 21 24 0.172576
375 324 17 21 0.171588
648 352 42 52 0.169351
353 316 19 25 0.169345
618 431 21 27 0.165875
494 144 43 57 0.158673
290 316 23 32 0.154505
679 -1 22 26 0.14985
360 648 25 31 0.144433
347 105 25 32 0.142137
646 476 24 29 0.140643
382 322 16 23 0.1405
377 291 20 24 0.140393
115 579 21 23 0.140214
377 460 16 23 0.13828
521 435 28 36 0.137748
201 428 19 29 0.135903
942 142 25 36 0.135566
310 460 23 33 0.127824
762 283 35 54 0.124676
767 498 31 36 0.123104
144 343 47 57 0.120044
756 415 27 34 0.118279
262 418 24 35 0.117334
749 409 26 39 0.115559
540 239 25 31 0.114847
620 423 17 22 0.112571
738 259 23 29 0.111243
681 412 13 19 0.109623
273 384 23 30 0.107573
288 402 23 34 0.1058
357 494 14 16 0.101974
