snow/snow_00493
68
399 462 75 88 0.814142
483 56 73 83 0.534754
561 878 28 32 0.468698
61 52 44 52 0.409132
463 809 31 39 0.404732
79 196 20 23 0.401041
160 91 37 46 0.386596
493 846 30 37 0.386081
324 152 30 35 0.371495
617 927 35 41 0.371016
634 893 26 29 0.367709
506 909 32 37 0.308595
506 236 40 46 0.302301
257 477 44 52 0.300851
325 770 26 31 0.294609
602 1147 23 26 0.284672
638 1242 38 41 0.282901
389 138 30 35 0.249826
420 16 22 24 0.241749
362 225 47 56 0.241386
405 218 26 31 0.232821
324 409 29 34 0.231602
677 991 25 31 0.222977
328 652 57 64 0.220007
165 177 35 43 0.20474
626 952 59 73 0.195607
353 537 50 58 0.193336
274 89 23 27 0.192437
290 261 23 26 0.192006
395 876 34 40 0.191314
516 908 35 42 0.185984
195 18 30 37 0.180686
220 214 77 85 0.180331
90 90 78 93 0.179417
277 1244 26 30 0.178093
188 151 56 68 0.177894
194 66 53 63 0.17704
170 528 64 73 0.177003
55 91 34 37 0.173663
360 417 25 29 0.167333
676 1165 41 49 0.163514
204 3 30 36 0.163496
171 210 26 31 0.161298
108 60 26 29 0.158432
372 300 26 29 0.155693
625 842 40 50 0.153594
277 1080 25 30 0.147175
151 373 25 28 0.142796
356 1175 28 33 0.141975
315 295 36 42 0.135633
239 284 28 30 0.134511
712 1108 31 37 0.133319
487 1220 24 28 0.13036
648 1092 21 25 0.127889
508 1108 37 44 0.126244
676 1047 23 28 0.124265
317 246 29 37 0.121133
311 980 32 39 0.119693
493 1064 22 27 0.110997
521 1034 22 27 0.110808
323 1225 25 29 0.110607
115 282 21 24 0.110116
335 997 25 30 0.107883
20 277 25 28 0.105866
635 974 57 71 0.105614
60 245 25 29 0.10363
522 1233 23 28 0.101787
144 259 27 31 0.100925
