snow/snow_00480
32
357 374 64 76 0.999983
491 318 58 64 0.999537
590 550 22 28 0.505687
112 731 27 36 0.42512
630 518 21 27 0.39267
415 556 19 24 0.389033
311 707 43 55 0.386844
418 391 28 37 0.363706
539 514 20 25 0.286401
909 718 18 21 0.264289
496 368 28 35 0.257832
352 454 18 22 0.23012
596 585 20 27 0.213067
152 427 26 32 0.206182
107 535 25 31 0.196769
507 666 25 35 0.16808
497 690 29 39 0.166703
632 534 22 30 0.162764
458 612 24 31 0.162631
939 436 23 28 0.155973
413 697 24 34 0.145645
671 456 33 38 0.13967
345 529 16 19 0.127535
383 550 27 31 0.124339
5 497 25 31 0.123701
597 611 22 29 0.122087
248 675 29 33 0.119406
339 624 21 28 0.110757
654 506 40 49 0.104261
355 506 18 21 0.103662
347 542 22 29 0.102691
383 484 22 26 0.100033
