snow/snow_00414
126
215 196 117 135 0.963222
737 256 35 40 0.910216
191 155 31 36 0.887109
184 458 35 47 0.82529
567 1368 47 57 0.823911
554 584 32 35 0.62061
628 380 23 28 0.620358
23 465 24 31 0.619063
333 1298 55 65 0.614956
732 366 35 40 0.609984
199 655 30 39 0.592667
200 368 24 30 0.532986
318 958 26 34 0.519507
860 1181 60 68 0.51905
359 745 27 30 0.518953
471 1456 45 54 0.516
339 675 30 37 0.515613
215 747 40 50 0.514989
177 1087 34 39 0.50866
14 1246 52 59 0.483783
969 1155 30 36 0.478419
404 626 27 30 0.472592
888 1045 29 37 0.462393
340 764 24 30 0.442805
489 684 32 40 0.431003
556 934 35 39 0.429783
263 775 25 30 0.414809
181 429 32 41 0.409791
735 201 37 43 0.393351
567 1236 51 63 0.384976
288 697 39 47 0.383053
824 251 21 25 0.379395
739 1056 30 34 0.375401
330 975 48 58 0.372581
507 1051 26 31 0.372262
640 168 25 32 0.37181
598 146 27 32 0.358666
463 577 73 95 0.352951
594 1223 70 83 0.352387
265 513 61 72 0.339925
288 758 37 45 0.334872
521 624 27 39 0.334816
174 120 40 48 0.32697
489 816 34 42 0.320408
716 479 30 34 0.317051
852 1015 42 54 0.316058
350 955 26 28 0.304307
35 333 26 33 0.301321
48 131 24 29 0.300485
368 947 40 43 0.296138
296 964 31 36 0.295469
380 978 26 29 0.294298
511 1001 35 48 0.287253
666 246 39 50 0.281529
952 1304 28 32 0.278119
402 645 31 36 0.273729
381 1055 28 30 0.273115
191 212 30 39 0.270557
988 1155 30 35 0.268508
214 1095 148 175 0.258312
588 955 48 56 0.249857
236 731 28 38 0.248638
500 1104 25 31 0.246367
312 687 29 34 0.242964
211 150 39 43 0.24161
651 986 28 36 0.241143
553 1002 50 57 0.23967
448 1140 27 30 0.233746
481 690 33 42 0.233318
548 1301 70 85 0.23328
570 35 26 33 0.231177
567 936 36 40 0.229532
199 964 35 43 0.227355
253 1007 41 47 0.223433
413 599 27 30 0.222195
485 1054 25 33 0.216061
750 590 29 34 0.209065
499 493 44 59 0.208556
871 1375 33 38 0.206269
354 1122 40 47 0.198934
740 393 25 29 0.197267
326 410 147 187 0.195189
16 478 33 41 0.190681
399 826 34 37 0.182649
270 703 32 41 0.182286
827 1014 25 30 0.181814
765 1137 33 39 0.178268
764 169 34 40 0.177219
451 953 26 30 0.175534
565 231 36 42 0.174048
312 1012 53 64 0.170733
506 1117 31 36 0.169255
482 505 21 27 0.166471
639 836 32 36 0.162904
920 1113 40 50 0.159814
896 178 24 27 0.155598
806 1105 51 61 0.152002
893 1127 33 41 0.151979
948 1089 44 54 0.149462
228 682 34 43 0.148952
460 543 47 55 0.147327
180 510 26 31 0.147283
378 643 24 31 0.147255
826 151 23 27 0.144819
337 704 26 31 0.144274
427 722 61 68 0.139671
547 629 25 27 0.13953
164 185 38 56 0.13882
691 1005 38 43 0.13769
434 796 28 35 0.135382
807 111 22 26 0.133208
730 543 33 41 0.133191
792 221 25 29 0.132825
491 903 28 33 0.131667
547 448 32 38 0.130012
777 1004 34 46 0.123438
575 320 32 36 0.121043
899 392 33 36 0.118431
720 1007 28 33 0.116617
637 359 37 49 0.110244
559 327 41 51 0.104557
564 1094 41 46 0.102715
913 1153 29 37 0.102449
884 577 40 48 0.100995
256 101 50 62 0.10069
750 1223 28 32 0.100375
