snow/snow_00196
36
841 193 29 33 0.965613
578 186 19 24 0.930135
35 136 25 39 0.786432
808 218 31 39 0.530343
168 177 27 31 0.49632
302 78 68 95 0.492695
575 332 23 29 0.46764
235 164 42 59 0.408047
811 183 27 33 0.397765
702 337 21 28 0.392633
701 305 21 27 0.389097
376 190 21 31 0.353594
499 192 13 16 0.289575
828 363 25 32 0.285157
198 209 25 33 0.280999
653 205 11 14 0.25415
2 201 33 33 0.24337
853 286 33 40 0.215915
325 165 30 37 0.200629
667 379 16 22 0.192143
91 198 23 23 0.185549
468 193 27 31 0.183802
217 177 31 38 0.181212
535 233 24 28 0.180441
243 148 32 44 0.17861
360 235 22 24 0.172488
212 88 29 39 0.163941
623 296 24 27 0.150168
255 228 31 38 0.129694
236 228 30 38 0.115044
148 173 37 43 0.113463
335 202 30 37 0.112044
109 172 27 36 0.109796
394 180 21 25 0.109598
664 343 16 22 0.107124
854 313 32 39 0.103738
