snow/snow_00181
116
426 219 98 138 0.999981
263 -8 36 47 0.953026
248 417 27 30 0.951191
814 190 44 50 0.859278
909 349 40 48 0.832165
920 267 27 35 0.799965
591 531 48 56 0.789813
889 23 29 36 0.77839
342 489 27 31 0.762978
807 366 19 25 0.711408
124 12 52 58 0.671886
283 591 87 92 0.634063
462 439 40 53 0.586674
523 362 15 21 0.571409
251 154 36 45 0.571117
360 440 30 47 0.537093
593 466 46 59 0.528221
391 351 21 26 0.527187
774 279 28 35 0.501663
783 82 23 26 0.482774
892 447 27 28 0.481313
440 559 52 65 0.481046
837 118 43 56 0.462675
347 495 33 37 0.458055
31 8 25 36 0.446183
786 339 25 33 0.423189
620 251 36 43 0.422456
16 309 30 35 0.420902
302 544 58 64 0.418616
897 17 32 37 0.407094
253 47 20 25 0.393195
908 423 20 24 0.392908
334 255 26 35 0.385336
84 236 46 55 0.375421
0 248 46 51 0.37106
931 55 24 27 0.370933
416 504 26 30 0.354797
773 336 23 29 0.34254
544 565 20 25 0.340163
532 520 38 52 0.335318
131 554 74 89 0.332111
407 325 38 51 0.331781
815 315 19 27 0.320501
324 455 42 49 0.313255
919 303 22 27 0.309424
37 182 36 43 0.308193
514 411 23 28 0.303607
596 434 23 30 0.298054
19 278 28 38 0.290178
192 502 25 27 0.286858
329 38 25 30 0.285428
416 379 27 35 0.275238
41 631 26 30 0.257648
47 146 23 30 0.25662
444 403 33 39 0.248023
922 434 19 25 0.245347
330 362 18 23 0.241561
237 417 26 28 0.236866
551 496 30 38 0.234455
5 4 31 38 0.231025
869 452 40 44 0.228152
21 78 19 23 0.227707
53 292 22 31 0.22279
15 224 31 46 0.220462
796 201 18 22 0.208927
952 323 25 31 0.207133
292 342 36 50 0.201489
735 226 18 24 0.201274
739 295 27 31 0.200995
290 519 31 40 0.198467
24 120 24 30 0.197757
939 76 21 28 0.197735
698 275 25 29 0.197164
799 284 29 38 0.190638
380 120 53 63 0.184504
903 6 26 33 0.184267
324 185 47 57 0.183679
528 448 16 24 0.18177
381 655 22 23 0.180266
814 259 26 33 0.171825
51 77 24 30 0.170192
804 341 21 26 0.169795
524 231 22 31 0.158413
527 271 18 25 0.157434
236 432 37 43 0.156206
246 350 29 33 0.155403
918 395 30 41 0.153828
205 227 31 35 0.153579
593 573 20 21 0.151355
174 133 43 49 0.149926
840 331 25 30 0.147455
234 80 56 70 0.145895
32 165 26 32 0.141577
978 391 34 39 0.139682
315 413 33 40 0.134661
895 263 19 26 0.133874
312 168 35 44 0.132849
292 202 20 26 0.131225
374 174 35 51 0.130582
347 301 28 37 0.126343
339 383 27 35 0.126223
112 541 43 49 0.124321
582 648 21 27 0.124081
801 80 26 32 0.120322
51 256 21 28 0.119302
394 205 18 23 0.119029
597 592 37 49 0.117873
517 334 21 28 0.11766
912 263 26 34 0.116261
283 340 19 26 0.111445
822 262 27 32 0.110291
743 167 21 29 0.105014
456 505 56 73 0.103072
327 617 62 71 0.101877
329 118 20 27 0.100451
656 342 25 29 0.100273
