snow/snow_00172
100
644 111 61 75 0.999918
788 101 50 75 0.999899
166 112 46 69 0.9702
146 562 26 29 0.891388
484 462 19 25 0.783973
325 231 48 54 0.744814
831 357 31 36 0.706348
500 341 22 28 0.580435
64 607 29 35 0.5426
483 71 28 45 0.475971
492 375 24 30 0.460214
744 255 18 22 0.437062
120 628 31 36 0.420323
630 190 22 26 0.368278
452 92 45 61 0.367513
800 254 16 21 0.363809
601 263 34 41 0.358832
563 275 21 25 0.338905
774 362 30 35 0.337374
135 384 21 25 0.336943
69 594 20 24 0.335897
394 542 19 24 0.330613
736 307 24 28 0.326382
156 432 18 22 0.324619
140 202 20 24 0.319621
546 222 27 31 0.309652
10 372 21 25 0.307733
368 376 25 30 0.29848
316 627 20 25 0.292272
617 357 29 34 0.263717
757 384 34 39 0.249449
725 198 20 24 0.248284
517 263 21 25 0.247958
472 82 29 43 0.240967
519 290 22 27 0.234291
413 291 21 25 0.233065
795 85 38 48 0.231308
674 250 16 22 0.2269
520 335 28 35 0.221736
544 289 23 29 0.22134
82 539 24 31 0.220155
481 335 18 24 0.219331
378 143 19 24 0.216765
300 362 28 37 0.21392
602 522 20 25 0.21017
679 260 15 18 0.20824
41 296 23 29 0.203934
492 346 22 28 0.201523
552 209 30 35 0.198748
797 455 25 30 0.197702
630 595 18 23 0.196473
55 339 21 27 0.193639
792 254 18 22 0.191411
570 247 19 22 0.190966
732 159 21 26 0.188509
479 370 27 35 0.18815
421 215 21 25 0.185785
192 363 37 42 0.185288
528 305 27 33 0.184171
429 346 19 21 0.1841
709 592 56 67 0.177992
36 383 23 28 0.168361
737 348 21 25 0.159461
143 119 17 21 0.158664
112 255 18 23 0.15792
727 344 18 22 0.154444
309 451 21 26 0.149177
741 150 27 33 0.14527
815 535 28 34 0.145143
754 309 22 26 0.142926
193 510 18 22 0.142373
411 427 17 22 0.13987
797 542 19 24 0.138521
109 146 23 25 0.137815
354 380 21 27 0.137337
484 409 18 21 0.137198
743 350 23 26 0.136576
813 257 22 25 0.134906
698 599 23 28 0.133299
634 269 17 20 0.132185
89 561 28 33 0.131341
786 318 26 31 0.129009
692 187 30 39 0.123374
42 359 21 26 0.121798
642 211 20 24 0.118498
202 569 27 34 0.117787
481 652 31 33 0.117548
680 348 19 23 0.114542
681 490 18 22 0.11371
578 201 25 32 0.110559
601 609 49 62 0.110382
650 315 16 20 0.109978
831 377 29 40 0.108114
143 296 26 32 0.107053
764 233 30 36 0.106906
583 438 28 35 0.10556
177 180 19 25 0.104476
66 275 28 35 0.102793
104 304 18 22 0.100592
139 361 17 21 0.100309
