snow/snow_00458
27
423 768 25 32 0.807745
524 1089 35 40 0.757977
228 458 39 45 0.706085
203 667 29 34 0.61009
511 576 27 36 0.553315
533 946 32 44 0.440549
502 560 26 33 0.423418
856 698 27 34 0.379082
29 1246 27 31 0.352756
44 1245 40 48 0.325771
472 734 26 33 0.296833
189 703 37 41 0.290325
391 622 64 77 0.274716
14 448 33 40 0.25553
217 533 25 30 0.198974
99 750 33 39 0.19531
167 659 37 44 0.19092
496 694 22 27 0.160288
45 392 27 32 0.156508
581 508 21 26 0.155227
454 519 16 21 0.124219
313 1241 56 66 0.120887
284 1263 31 37 0.118902
132 401 38 43 0.115149
280 617 38 44 0.105187
174 470 39 45 0.10418
105 707 22 26 0.101314
