snow/snow_00166
124
509 221 193 246 0.999904
361 269 114 167 0.867277
745 512 198 226 0.838019
73 220 30 36 0.785259
725 32 49 64 0.721336
669 537 25 28 0.714979
897 469 24 29 0.592014
971 285 23 28 0.58594
313 516 22 36 0.582257
272 505 32 48 0.573226
747 182 25 34 0.558619
127 371 22 23 0.503113
996 612 23 29 0.445567
916 400 26 33 0.443461
93 295 27 29 0.439983
701 140 36 46 0.435371
67 239 31 36 0.430855
342 493 21 28 0.428164
398 12 20 22 0.420145
293 488 27 40 0.403479
791 201 38 44 0.402676
768 283 19 22 0.388535
815 256 29 33 0.388235
524 107 32 36 0.385233
235 387 27 33 0.381809
855 159 41 55 0.366776
432 227 46 55 0.35088
978 116 23 28 0.338578
127 31 22 25 0.336455
833 85 29 34 0.334454
319 237 27 29 0.331743
384 7 27 33 0.320322
311 80 52 60 0.308736
87 53 72 83 0.306499
483 277 28 35 0.301611
165 292 21 23 0.297035
125 416 22 24 0.290509
444 652 28 32 0.281006
804 313 82 112 0.279656
281 263 23 27 0.276912
113 369 28 29 0.273371
109 329 17 22 0.269501
941 256 29 31 0.267792
309 193 25 28 0.258664
755 365 30 37 0.256547
371 555 29 35 0.253798
322 293 21 26 0.245554
848 219 18 22 0.239253
305 523 26 37 0.239226
770 131 17 21 0.237506
405 18 20 22 0.229832
992 473 23 28 0.227939
23 3 61 64 0.227497
191 238 22 25 0.227429
345 249 54 68 0.219901
717 306 28 33 0.216363
680 582 20 24 0.21565
767 201 22 31 0.213643
938 35 41 49 0.21355
701 271 20 23 0.209973
251 465 21 26 0.209379
218 258 22 33 0.200751
467 155 27 39 0.199558
186 317 19 24 0.196964
993 177 30 39 0.195168
613 580 22 27 0.190203
956 428 32 37 0.184077
872 453 19 23 0.182545
218 447 19 28 0.182331
423 28 41 46 0.181581
28 169 50 60 0.179457
736 348 26 27 0.177343
224 307 32 44 0.177096
939 131 30 36 0.176736
392 488 28 33 0.173325
118 384 26 30 0.173109
141 316 18 21 0.166646
197 424 20 27 0.165684
779 49 29 38 0.165496
873 90 13 17 0.164738
708 380 16 23 0.163394
114 230 33 39 0.162526
734 395 27 34 0.156211
844 476 31 35 0.154954
736 184 20 26 0.154085
195 462 18 24 0.153406
118 166 25 27 0.153239
635 457 23 27 0.144489
282 485 19 23 0.139653
19 71 30 39 0.135499
733 384 22 29 0.134287
272 403 20 22 0.134264
705 366 20 26 0.13414
112 346 24 28 0.131717
481 453 18 23 0.130284
361 64 20 22 0.129522
435 558 18 20 0.129022
48 292 20 26 0.121814
370 403 86 105 0.121271
330 474 23 28 0.121147
282 436 21 27 0.120681
48 97 21 25 0.119552
120 278 36 41 0.117893
566 585 19 22 0.117775
933 54 34 42 0.117255
945 460 38 44 0.117019
806 4 19 24 0.115038
481 48 26 31 0.114151
267 253 23 30 0.111363
232 436 21 30 0.10988
991 626 30 42 0.109855
292 413 21 26 0.109112
262 223 30 35 0.10884
726 274 19 23 0.108448
457 584 23 29 0.108036
686 380 30 46 0.106009
611 100 26 30 0.105809
287 377 26 31 0.104912
796 152 16 22 0.103904
348 535 17 24 0.103897
641 509 28 32 0.103213
207 200 33 37 0.103024
141 59 45 51 0.102856
208 464 15 20 0.101301
