snow/snow_00187
153
641 326 57 66 0.918403
721 32 20 24 0.898195
355 136 34 42 0.868202
170 170 24 29 0.769959
604 40 16 22 0.678955
848 268 29 34 0.667521
462 261 25 32 0.662405
269 248 51 59 0.639354
923 349 25 29 0.63051
625 174 27 34 0.613767
824 169 25 30 0.592259
851 301 25 31 0.584304
779 411 28 35 0.564034
869 409 25 32 0.563858
751 110 32 37 0.546925
877 277 38 44 0.542979
276 326 32 40 0.514659
327 393 28 44 0.514184
565 136 20 25 0.510878
825 458 36 43 0.493917
171 230 30 35 0.491896
751 418 26 33 0.467349
149 502 34 44 0.455457
684 416 33 41 0.450503
58 230 36 42 0.449407
704 335 31 35 0.431322
365 295 62 72 0.422001
427 57 31 36 0.420054
937 167 27 34 0.410447
337 206 34 44 0.377073
510 373 23 30 0.376485
168 203 35 41 0.358331
135 147 27 31 0.35448
643 268 25 32 0.351563
717 56 32 42 0.334766
186 354 22 28 0.334082
813 407 39 51 0.331981
622 46 19 25 0.32695
468 227 22 27 0.32099
549 48 29 35 0.319971
642 424 35 43 0.310987
283 217 35 43 0.307024
856 41 25 31 0.306952
308 335 25 31 0.306889
934 367 22 25 0.305
533 607 23 29 0.303988
613 145 25 33 0.294714
737 116 23 26 0.293785
901 451 26 32 0.292966
555 102 26 33 0.292765
886 245 46 50 0.288849
890 300 27 33 0.287005
550 135 18 23 0.280328
812 109 28 36 0.278567
953 317 23 30 0.273958
713 421 34 40 0.271359
757 391 26 31 0.271072
955 113 24 30 0.270711
122 359 23 28 0.268407
330 288 26 30 0.265194
625 216 23 31 0.263307
959 192 31 37 0.261619
930 150 17 22 0.260642
839 268 26 32 0.254592
886 156 26 34 0.248415
855 322 26 36 0.248088
578 173 48 56 0.24623
444 153 27 35 0.242805
960 103 14 19 0.24049
647 197 26 34 0.238152
925 145 14 17 0.23426
887 404 25 32 0.232116
722 78 30 40 0.220027
845 150 23 30 0.219826
802 461 37 50 0.214048
415 125 30 36 0.211198
707 385 42 49 0.207557
26 236 30 37 0.206642
612 569 20 27 0.205234
864 392 21 26 0.202956
930 532 40 49 0.20062
356 201 24 33 0.200608
226 349 28 36 0.198277
114 336 27 31 0.197243
642 477 39 49 0.196867
469 286 19 23 0.19285
980 341 41 53 0.189462
536 629 23 29 0.187118
895 361 33 39 0.183601
333 330 32 38 0.183463
621 75 20 26 0.180226
477 304 21 24 0.179431
972 270 24 29 0.176545
834 170 54 58 0.176045
590 147 21 27 0.17515
910 386 25 31 0.174848
397 86 26 30 0.174447
624 285 24 33 0.173343
957 363 27 32 0.172193
211 202 26 31 0.168936
963 137 20 30 0.167269
45 283 34 40 0.163867
539 18 42 52 0.163413
431 446 26 33 0.160947
94 337 28 33 0.160609
805 269 45 46 0.158093
907 335 24 31 0.154908
993 109 27 34 0.154312
780 395 26 30 0.153926
853 347 45 54 0.153513
546 85 25 31 0.148117
477 646 23 29 0.148016
938 39 28 34 0.145958
671 130 21 27 0.145239
833 122 30 39 0.145176
275 181 41 48 0.145005
605 537 18 23 0.144922
659 0 26 35 0.144698
37 344 33 36 0.144175
435 422 21 29 0.144082
398 351 19 25 0.142232
644 237 28 39 0.134322
840 411 27 34 0.133277
327 325 26 32 0.13199
367 127 28 33 0.130786
468 429 24 30 0.130355
449 399 20 25 0.130036
675 260 22 27 0.128207
404 396 35 37 0.127057
57 63 22 28 0.125833
353 119 31 39 0.125372
152 51 24 29 0.124584
974 235 29 33 0.121506
828 153 20 25 0.120379
318 119 28 37 0.120068
917 85 17 23 0.119912
801 83 20 27 0.119312
280 118 35 39 0.117175
576 536 19 23 0.114222
950 113 16 23 0.114203
245 30 27 36 0.114174
350 308 58 66 0.113433
633 208 34 46 0.111516
885 306 23 30 0.111468
482 474 27 34 0.111179
802 91 30 39 0.109922
484 514 26 33 0.109762
457 38 33 40 0.109516
243 171 18 24 0.10917
249 218 28 37 0.107955
339 248 22 28 0.107755
728 410 39 48 0.101812
610 320 33 40 0.10177
