snow/snow_00440
25
432 313 24 31 0.935648
118 175 40 48 0.779415
738 530 32 37 0.557054
817 550 35 39 0.529995
364 566 57 61 0.529844
401 545 31 37 0.447177
152 89 58 65 0.442627
434 265 27 33 0.411833
411 510 20 24 0.382995
59 300 35 42 0.257699
434 569 37 43 0.23527
2 26 47 54 0.202646
343 196 35 36 0.172808
332 597 27 31 0.165426
193 45 46 56 0.160984
388 200 30 34 0.148561
506 52 33 38 0.136245
25 606 37 41 0.132878
95 284 31 37 0.125707
85 627 32 37 0.125415
150 127 53 66 0.119534
359 408 27 34 0.11538
337 472 35 41 0.11479
230 206 46 56 0.107835
264 316 67 76 0.100704
