snow/snow_00417
307
531 661 43 50 0.991396
894 1032 26 34 0.835181
812 1036 27 33 0.765909
199 14 25 30 0.76132
524 654 21 26 0.751598
714 190 31 39 0.744164
460 775 23 28 0.704003
529 519 20 26 0.676112
605 1021 44 51 0.654913
489 724 22 28 0.651011
162 182 18 22 0.644878
486 1051 24 30 0.608413
111 31 65 78 0.588032
629 1008 24 31 0.58468
366 424 23 26 0.582779
869 1030 42 55 0.571222
143 170 20 24 0.541366
633 724 37 47 0.531064
152 61 36 41 0.517981
736 1050 37 47 0.513426
453 413 22 27 0.507625
245 349 23 27 0.499443
971 538 20 25 0.494566
193 395 23 27 0.493179
504 530 18 23 0.485168
338 459 17 21 0.473827
607 379 18 21 0.468065
318 575 28 34 0.459861
613 1217 43 48 0.457036
298 521 22 26 0.453693
600 1160 24 31 0.443569
276 775 26 32 0.436186
683 359 19 24 0.435431
524 764 23 33 0.433444
93 811 23 30 0.430386
586 432 18 24 0.428682
590 33 22 25 0.420939
260 131 23 29 0.419331
182 160 21 25 0.412839
886 1074 29 37 0.405868
751 1037 30 36 0.404942
303 38 23 29 0.401641
384 565 21 23 0.396215
482 89 21 28 0.390096
494 417 20 27 0.390051
448 68 29 36 0.386651
368 480 23 29 0.368725
357 205 23 28 0.366843
774 268 24 28 0.35839
506 609 21 25 0.352069
366 1058 32 38 0.351813
355 657 27 35 0.34874
146 486 22 26 0.348016
582 116 20 28 0.341566
376 58 23 29 0.341558
307 51 23 29 0.340944
469 742 24 31 0.334956
539 56 22 28 0.332034
355 800 63 81 0.332014
480 746 19 27 0.327917
836 1033 29 34 0.32454
474 392 16 20 0.323678
770 280 19 25 0.319326
365 516 27 36 0.318616
632 358 22 30 0.316801
449 774 22 28 0.313543
708 1050 35 44 0.310634
106 168 27 29 0.310162
354 11 23 26 0.30886
358 783 29 35 0.307117
462 690 25 33 0.306242
582 423 20 24 0.304783
602 1007 31 36 0.304335
109 127 23 27 0.303402
70 31 38 43 0.302391
448 462 18 23 0.3022
177 299 19 24 0.298116
229 787 22 27 0.297691
214 1110 40 43 0.293183
530 465 32 42 0.291974
83 17 36 42 0.291624
739 359 15 19 0.290973
279 500 18 22 0.290337
668 1063 28 33 0.287954
553 65 27 35 0.287245
466 299 19 24 0.285864
605 1145 22 26 0.283855
496 748 23 27 0.283716
326 594 28 37 0.281428
605 144 29 35 0.280836
50 24 27 35 0.279307
156 698 20 25 0.278753
313 301 21 26 0.278676
815 773 17 23 0.27428
445 438 20 25 0.269517
57 387 18 23 0.264086
600 1194 31 34 0.263096
21 1196 24 28 0.261766
153 403 24 28 0.259816
504 674 30 38 0.259389
493 1145 29 33 0.25872
616 276 21 25 0.257424
103 494 23 26 0.257184
669 247 19 24 0.252915
158 411 21 25 0.252894
189 472 23 28 0.249237
467 1052 25 31 0.248717
422 509 22 28 0.246041
772 832 19 26 0.245022
458 501 19 24 0.243655
108 116 22 26 0.243321
456 237 19 24 0.237252
654 1131 27 32 0.234154
198 1108 38 45 0.233834
359 703 24 30 0.229005
462 111 18 23 0.228643
335 709 23 29 0.226747
359 506 25 32 0.225546
981 699 24 33 0.225345
318 37 24 31 0.223124
172 56 28 33 0.222628
616 143 29 37 0.221446
666 1104 27 31 0.220297
243 292 23 27 0.217326
405 895 27 33 0.217312
259 179 28 36 0.216383
285 460 27 33 0.215949
256 522 20 26 0.214178
315 1189 115 138 0.213659
358 593 24 30 0.211731
286 392 20 23 0.211117
501 441 22 28 0.206782
318 96 17 22 0.205517
422 742 24 29 0.205093
552 244 17 22 0.203376
307 923 23 29 0.201763
421 6 25 33 0.201261
537 440 29 34 0.199261
596 -4 29 33 0.199197
522 594 25 31 0.198494
675 695 32 42 0.197144
714 233 22 28 0.195484
423 109 18 22 0.194827
461 555 29 38 0.19477
337 277 20 25 0.193798
808 329 25 32 0.191794
447 841 27 32 0.189963
161 144 16 20 0.189221
45 65 26 33 0.188004
542 865 32 42 0.187394
201 171 20 23 0.187272
305 683 26 32 0.186545
205 682 26 33 0.186296
667 579 34 40 0.18617
574 915 28 34 0.184573
687 1108 24 27 0.184571
49 1107 58 68 0.179645
428 468 21 26 0.179321
607 779 22 24 0.17664
752 796 22 27 0.176
598 460 19 27 0.175518
636 705 32 39 0.174724
433 349 16 21 0.168943
567 387 19 25 0.168682
484 176 27 32 0.168647
757 207 25 28 0.168584
734 310 21 25 0.168007
315 966 26 33 0.166746
389 310 21 27 0.165929
547 1160 33 45 0.164399
473 407 32 40 0.164311
228 587 20 27 0.163706
435 696 24 32 0.161788
415 450 17 20 0.161549
148 590 26 34 0.16125
577 649 25 29 0.161195
260 -4 33 39 0.159417
165 91 31 39 0.159293
195 285 22 25 0.159161
512 469 21 26 0.158477
145 1202 39 48 0.158438
478 837 20 23 0.158338
646 125 20 25 0.1581
200 422 22 29 0.158046
309 434 16 22 0.157602
610 651 23 28 0.156811
640 566 26 32 0.156779
953 1081 37 43 0.156342
805 912 22 28 0.155492
644 230 23 29 0.155473
580 684 19 25 0.154888
264 456 20 27 0.154093
903 1029 35 42 0.15359
582 370 24 30 0.153398
286 713 24 32 0.151879
669 438 23 30 0.15101
352 508 17 22 0.150367
951 473 23 29 0.150202
423 540 19 23 0.149033
134 186 17 21 0.14887
504 875 23 28 0.148455
208 766 22 29 0.147507
536 376 18 21 0.146427
110 383 17 22 0.146114
630 850 20 24 0.146029
908 975 21 26 0.145637
567 820 20 26 0.145468
163 871 19 25 0.145123
585 657 21 27 0.141786
369 503 19 25 0.141356
168 453 18 23 0.140096
544 499 16 22 0.139775
360 67 20 23 0.139767
487 590 29 36 0.138641
596 679 28 34 0.138229
492 1047 26 32 0.138002
615 575 20 25 0.137785
467 918 26 32 0.137723
186 0 26 33 0.137047
629 1066 24 31 0.136876
418 160 22 28 0.136676
625 335 19 24 0.13629
716 408 25 33 0.136189
496 369 26 30 0.135986
786 1052 24 31 0.135619
378 448 21 26 0.13463
708 1093 25 29 0.134099
265 846 24 33 0.134005
800 845 24 30 0.131738
458 288 23 28 0.131459
414 740 22 26 0.130878
679 442 21 28 0.13045
784 937 28 36 0.13026
346 774 23 26 0.130121
510 202 19 25 0.129559
444 125 16 21 0.12936
410 156 22 29 0.129189
75 86 26 32 0.128839
591 45 23 29 0.128545
542 406 23 31 0.128415
775 139 23 29 0.128305
383 712 26 33 0.12692
183 555 22 26 0.126649
494 283 23 28 0.125297
588 702 18 24 0.125274
491 450 22 28 0.124323
229 282 21 25 0.122601
496 260 20 24 0.121425
124 174 17 20 0.121235
492 344 20 25 0.121109
692 1034 25 33 0.120535
493 88 27 33 0.120011
900 814 25 34 0.119816
482 303 18 20 0.11898
942 442 21 25 0.118403
128 361 16 20 0.118123
622 328 20 24 0.117996
284 177 23 26 0.117211
450 124 16 19 0.11683
213 1168 20 22 0.116577
479 571 17 24 0.11651
367 716 24 31 0.116243
548 280 26 31 0.114724
408 525 19 23 0.114394
322 21 28 33 0.114065
416 66 25 31 0.113746
721 694 21 26 0.112627
662 416 22 29 0.112468
57 514 18 24 0.112338
744 910 22 28 0.112298
578 800 26 32 0.110401
697 429 16 21 0.110031
159 531 19 23 0.109658
451 749 25 31 0.109596
83 695 18 24 0.109312
406 744 20 27 0.109145
95 841 23 29 0.109131
714 356 16 21 0.108077
643 557 25 32 0.107911
336 5 24 28 0.107298
114 1055 29 34 0.107055
501 509 17 22 0.107043
68 0 27 33 0.106954
820 453 30 40 0.106923
416 748 22 28 0.106694
930 1034 22 26 0.105953
215 669 20 27 0.105947
521 385 16 21 0.105727
710 106 43 53 0.105128
497 385 17 22 0.104853
635 640 23 29 0.104544
479 536 23 28 0.104363
585 767 24 32 0.104359
213 459 19 23 0.104333
622 227 35 47 0.10397
644 43 24 30 0.103563
521 122 16 20 0.103191
146 271 19 23 0.10318
378 546 24 32 0.102618
635 959 24 31 0.102569
232 264 18 21 0.102425
470 643 18 25 0.102031
640 533 21 25 0.101872
112 353 19 26 0.101833
177 145 20 25 0.10036
511 300 27 34 0.100307
296 186 20 25 0.100086
