snow/snow_00171
119
410 713 213 319 0.999964
469 399 25 30 0.765458
634 759 31 39 0.730085
778 1454 21 29 0.668215
570 1437 23 28 0.66711
827 1087 31 45 0.650493
242 1073 35 46 0.542854
759 1050 29 32 0.531845
906 1300 23 29 0.514274
802 1316 24 29 0.505762
249 1163 35 44 0.501275
635 1438 32 39 0.482423
229 1139 22 28 0.473717
35 468 35 41 0.428413
359 123 41 51 0.422356
273 1254 33 44 0.418666
861 1156 34 45 0.402128
925 518 38 46 0.389803
737 1283 23 36 0.377306
922 905 23 29 0.362063
174 1476 22 27 0.361992
650 1085 139 186 0.345517
388 1257 24 34 0.339807
735 1405 31 41 0.335668
235 1109 27 39 0.333318
211 181 32 40 0.332858
770 583 33 40 0.319105
750 1257 23 28 0.317252
794 1345 28 31 0.315718
363 1406 78 107 0.311342
371 1199 25 34 0.295481
137 142 28 34 0.294958
656 1481 33 37 0.291769
324 1471 23 30 0.285287
274 537 31 36 0.279161
185 1339 30 38 0.269573
695 1475 29 34 0.26383
444 1193 24 32 0.263455
279 1377 39 41 0.262511
526 1262 26 31 0.260722
238 1177 29 37 0.260664
322 1365 30 43 0.26032
658 973 98 132 0.258937
5 1382 123 170 0.255828
849 1137 22 28 0.252919
731 1041 47 48 0.246833
85 826 30 35 0.246615
441 1292 34 53 0.242192
919 628 23 30 0.241103
572 592 73 87 0.23837
645 1465 26 32 0.237379
839 259 28 36 0.237032
615 726 41 53 0.236873
380 1025 21 30 0.227742
220 1141 21 28 0.216913
799 1484 26 33 0.216676
550 1048 34 42 0.215903
226 265 77 87 0.21506
58 -2 37 49 0.21377
444 1328 23 32 0.213499
843 1122 22 30 0.210156
799 1194 80 97 0.207945
913 351 34 41 0.203976
608 1388 27 37 0.202673
648 1401 24 32 0.20194
940 469 69 79 0.201867
124 1468 23 29 0.201375
67 574 34 45 0.20012
238 1360 20 27 0.197688
897 1266 24 31 0.196073
820 1075 31 47 0.193527
610 1443 27 37 0.189425
928 378 44 51 0.184481
226 1112 27 37 0.183087
751 1395 32 39 0.178307
771 270 26 32 0.177703
114 446 23 29 0.173083
315 1373 27 39 0.172671
450 1345 23 32 0.169689
237 135 29 36 0.169303
616 1338 26 34 0.168474
598 1277 41 55 0.167521
217 1082 29 37 0.162349
843 771 34 43 0.160583
943 456 27 32 0.160373
464 1125 31 38 0.158872
851 1148 27 39 0.157655
890 394 49 61 0.15725
967 452 25 30 0.156928
630 1337 26 37 0.149063
229 1296 32 44 0.143979
974 547 26 31 0.142742
818 1450 20 25 0.137512
851 710 25 30 0.135241
336 1030 23 32 0.134833
162 226 48 61 0.130009
271 1185 29 38 0.128905
596 328 36 47 0.127251
890 1222 24 29 0.125783
297 1336 37 46 0.123422
826 242 32 41 0.122232
426 1182 27 38 0.119797
447 692 27 31 0.119494
238 1083 35 50 0.11692
372 1357 39 59 0.116115
565 1184 29 35 0.114962
664 923 41 66 0.114907
295 1113 24 30 0.114425
808 1061 36 47 0.112616
541 1393 22 27 0.11179
790 1456 17 23 0.111488
114 66 23 29 0.10858
606 702 43 55 0.106708
281 1045 26 33 0.106041
422 1415 29 44 0.103929
404 1019 25 33 0.101904
431 1191 27 38 0.101465
429 1286 37 50 0.101243
534 1116 24 30 0.100955
