snow/snow_00447
56
593 111 57 69 0.988156
668 308 31 39 0.937784
326 135 72 74 0.809359
489 314 40 45 0.641641
662 13 24 32 0.536571
837 143 24 30 0.465305
418 605 23 28 0.460878
568 315 21 28 0.454644
763 240 34 42 0.437328
490 304 20 26 0.374991
666 194 24 29 0.374389
784 154 24 28 0.320659
281 427 142 175 0.312939
235 362 22 33 0.303098
776 242 31 41 0.293665
620 643 19 23 0.283893
584 194 25 29 0.281384
973 157 21 24 0.252997
268 168 35 39 0.24857
604 494 20 24 0.240148
566 238 20 23 0.221731
645 591 28 34 0.21956
595 547 40 47 0.215767
766 346 41 51 0.198656
557 582 22 26 0.192087
880 129 22 26 0.189291
805 160 32 38 0.188238
244 277 23 28 0.186176
808 340 26 32 0.181322
265 244 24 28 0.176266
939 467 22 28 0.173942
688 478 24 27 0.172237
568 520 19 24 0.170379
940 410 31 41 0.17024
882 92 21 26 0.169251
995 371 24 33 0.160727
589 93 24 32 0.153846
521 168 23 28 0.149913
681 419 28 32 0.149821
416 165 34 43 0.146731
701 268 19 24 0.146542
331 231 20 26 0.14173
703 603 21 27 0.141519
597 530 25 30 0.133987
619 200 51 58 0.133694
620 379 23 27 0.133131
611 431 42 49 0.125152
774 369 38 46 0.124454
743 165 31 40 0.120445
802 140 20 23 0.120265
660 231 19 24 0.117288
782 394 29 34 0.116965
741 312 30 36 0.111189
554 270 29 38 0.104171
909 84 23 29 0.102162
274 301 23 28 0.100448
