snow/snow_00429
92
532 361 79 99 0.981139
405 53 32 38 0.844843
778 221 22 27 0.827324
720 130 35 44 0.73968
527 551 22 25 0.706166
864 170 21 29 0.670552
481 40 29 33 0.66574
962 489 55 73 0.657387
453 993 20 22 0.616728
944 533 43 49 0.615705
185 141 43 53 0.609691
821 824 24 30 0.558188
701 477 75 91 0.545862
355 246 28 34 0.496071
644 174 24 28 0.490883
796 483 28 36 0.48859
682 1387 29 38 0.463108
447 96 28 31 0.44267
500 1242 39 48 0.430522
535 559 21 24 0.412857
659 103 26 31 0.388116
254 133 66 76 0.385192
801 217 20 25 0.361725
310 170 29 36 0.353345
446 757 25 30 0.3436
282 282 65 77 0.317497
948 43 23 29 0.315879
708 42 55 62 0.302557
699 1442 32 38 0.296566
548 720 35 41 0.290646
684 608 100 123 0.288402
874 568 30 39 0.267087
641 201 25 28 0.26406
805 137 32 39 0.249533
172 63 84 106 0.246858
273 240 29 36 0.2358
587 593 22 26 0.228297
587 78 22 26 0.226975
341 0 28 32 0.224987
616 238 29 35 0.220275
313 232 41 51 0.217094
645 13 26 31 0.213723
742 14 24 28 0.212265
483 133 40 45 0.212035
425 137 58 67 0.20417
847 800 22 29 0.202202
143 127 33 41 0.202045
401 165 28 35 0.201571
948 480 21 24 0.200674
667 1286 27 31 0.198905
688 118 20 23 0.196794
545 210 24 29 0.187643
717 68 61 69 0.184647
765 32 35 43 0.168926
888 124 23 32 0.168902
290 102 26 29 0.165932
376 78 23 29 0.165559
329 0 31 37 0.161861
274 61 35 40 0.156378
653 203 33 38 0.155343
373 281 29 36 0.154146
490 268 26 34 0.153368
850 832 29 39 0.153192
982 149 33 42 0.150318
496 231 21 25 0.149823
393 262 22 26 0.148006
622 164 26 29 0.146217
666 27 30 37 0.145035
528 1255 24 29 0.140259
434 199 29 33 0.140177
151 209 27 33 0.138962
876 878 25 34 0.138052
59 43 50 59 0.131394
914 442 34 43 0.129347
568 118 35 41 0.128324
440 835 60 84 0.123992
173 269 22 27 0.121408
393 174 29 37 0.117632
593 193 21 26 0.116595
221 308 26 30 0.116567
341 253 22 27 0.115509
957 137 42 49 0.113622
766 175 25 29 0.110434
607 74 22 29 0.110105
651 116 26 31 0.107057
566 1280 37 45 0.10535
538 136 21 25 0.104818
589 633 17 22 0.104571
586 174 25 30 0.104293
858 676 20 27 0.103758
597 73 19 23 0.102307
593 233 34 39 0.100848
