snow/snow_00413
86
294 178 257 310 0.999959
236 595 20 26 0.767415
331 555 19 24 0.724116
394 80 42 50 0.704153
772 423 55 63 0.689657
496 59 21 25 0.656534
190 608 51 59 0.627845
221 128 25 30 0.624003
707 421 76 85 0.621379
388 6 28 33 0.611598
170 461 24 28 0.570838
317 168 28 32 0.562092
287 4 35 42 0.549987
156 241 19 25 0.540459
593 525 24 36 0.524244
470 2 36 40 0.524051
631 57 70 85 0.521294
212 564 31 39 0.510599
612 479 71 92 0.509056
127 351 21 31 0.504925
207 156 24 30 0.494944
639 3 39 49 0.494476
595 503 24 36 0.488513
448 58 52 58 0.482067
583 548 61 91 0.478179
565 89 38 42 0.460675
285 103 22 23 0.434119
450 26 49 55 0.427422
199 167 21 30 0.42495
453 130 25 28 0.423205
860 541 28 32 0.404217
318 149 28 32 0.404137
582 153 25 33 0.401015
413 631 21 29 0.40046
585 81 76 87 0.387711
904 407 103 115 0.378167
249 123 25 29 0.367894
949 515 35 40 0.360922
542 599 24 28 0.344225
125 309 18 27 0.334581
585 42 29 34 0.296203
142 389 26 33 0.289003
214 544 22 27 0.28807
145 274 23 29 0.28285
276 586 18 24 0.271613
581 181 16 23 0.260677
579 417 67 81 0.250796
87 256 31 39 0.246986
566 222 24 31 0.243201
159 227 20 27 0.215157
69 361 70 95 0.214487
169 181 20 27 0.208294
107 464 27 32 0.200132
373 119 45 49 0.199615
364 617 18 22 0.199019
244 164 25 31 0.197927
340 104 30 33 0.194749
475 47 36 39 0.193175
572 252 39 53 0.191861
73 484 50 60 0.189779
576 138 23 30 0.186508
191 493 24 29 0.183789
91 120 30 36 0.173331
270 190 38 46 0.168526
283 591 21 27 0.166846
232 126 28 35 0.165819
264 202 17 21 0.164196
310 65 23 27 0.158216
346 126 33 34 0.15647
311 548 23 26 0.151908
266 173 30 36 0.14739
994 453 24 29 0.137524
474 137 19 25 0.135704
377 49 16 19 0.135614
268 609 40 53 0.134652
173 179 21 25 0.133646
329 160 26 30 0.127172
139 236 26 40 0.127012
173 530 29 34 0.126302
183 441 20 25 0.121996
404 593 20 27 0.116372
194 220 20 25 0.116292
433 625 17 22 0.114894
589 172 108 139 0.11248
348 605 24 31 0.108882
201 222 22 29 0.107438
