snow/snow_00469
30
176 131 102 119 0.998879
321 37 23 30 0.517032
101 196 25 30 0.411849
349 374 34 43 0.402071
330 410 22 29 0.347574
440 246 23 28 0.337185
411 23 29 32 0.327057
136 15 27 32 0.322973
128 149 17 22 0.317552
355 92 18 22 0.314297
400 344 23 28 0.295195
62 2 24 31 0.281708
450 176 19 23 0.23692
30 361 23 27 0.219077
346 270 19 25 0.218554
296 100 21 25 0.205271
40 202 21 25 0.179997
328 599 22 28 0.158458
463 169 31 40 0.155509
124 396 30 37 0.148894
185 38 17 19 0.145698
292 553 22 30 0.144624
14 524 24 30 0.137048
296 222 19 25 0.132003
333 443 30 40 0.124391
339 64 25 33 0.120001
356 351 36 43 0.113269
309 460 17 24 0.107103
359 643 33 39 0.10522
101 616 24 30 0.103106
