snow/snow_00189
59
253 1200 96 91 0.934279
143 1400 34 41 0.823136
619 885 30 37 0.631044
163 1218 47 55 0.612148
645 1065 39 50 0.566385
470 1398 57 71 0.540304
132 304 43 48 0.523296
576 485 40 47 0.492016
19 1254 84 109 0.445417
353 939 65 75 0.443916
593 1399 60 70 0.443035
372 1287 33 41 0.442229
122 1400 37 45 0.421321
505 1365 27 34 0.418837
104 1406 35 42 0.410028
602 530 29 36 0.402317
631 403 41 46 0.387824
671 1018 76 89 0.376961
845 1145 27 31 0.371192
269 1362 76 91 0.311778
333 1358 78 99 0.300725
743 1320 28 35 0.235101
677 167 43 51 0.233824
667 949 38 41 0.225138
794 548 65 74 0.217446
102 1301 45 55 0.212734
260 1296 71 90 0.208974
589 527 33 38 0.208294
504 4 26 32 0.195137
332 897 39 47 0.193779
716 627 39 46 0.187981
798 624 30 37 0.186853
729 793 38 46 0.1859
115 1345 39 48 0.185515
936 319 28 33 0.176702
683 355 39 44 0.175895
704 258 41 46 0.162634
738 437 51 62 0.153465
218 1143 58 72 0.144905
665 486 50 57 0.138135
643 908 41 52 0.137165
439 707 49 56 0.132238
409 885 44 51 0.126711
210 1424 56 70 0.126285
940 1210 35 41 0.125219
698 443 33 40 0.124493
650 817 33 39 0.123213
579 357 31 36 0.118687
901 795 56 63 0.116271
546 883 52 62 0.111968
118 1285 34 42 0.109868
143 1378 30 35 0.109367
964 774 38 43 0.109215
127 1279 34 44 0.108328
585 288 30 34 0.108214
10 480 39 42 0.107112
928 595 29 36 0.103231
801 1050 60 68 0.101974
116 1437 64 70 0.100786
