snow/snow_00497
29
620 137 42 48 0.999657
453 205 25 25 0.868125
511 232 135 177 0.756196
647 536 24 28 0.419831
499 318 22 28 0.400666
361 275 31 38 0.357568
790 185 38 42 0.34116
648 347 29 42 0.336242
720 253 38 63 0.320589
516 169 26 31 0.30934
541 419 22 26 0.274625
633 279 19 23 0.266729
881 201 39 43 0.252592
463 390 31 33 0.18869
552 197 24 30 0.182297
738 345 24 28 0.160774
943 198 20 23 0.157399
778 517 31 36 0.149942
337 324 20 22 0.149239
668 571 21 28 0.149135
301 454 245 265 0.146824
858 226 45 49 0.145361
922 504 22 26 0.135372
472 296 28 35 0.127702
316 262 17 19 0.12615
636 435 20 26 0.120496
755 250 62 88 0.117232
434 365 26 29 0.111516
339 167 28 31 0.100842
