snow/snow_00500
38
404 158 35 54 0.999847
544 173 36 52 0.998441
787 182 33 39 0.593186
190 54 37 46 0.56164
477 20 83 103 0.546893
438 391 24 29 0.477153
191 106 44 52 0.426864
372 194 26 37 0.377731
23 108 36 43 0.362919
823 160 28 33 0.334196
589 458 25 33 0.333789
106 137 47 57 0.298628
377 95 24 28 0.297472
638 198 45 55 0.293755
494 155 26 33 0.274915
658 138 31 37 0.247825
469 324 23 28 0.23548
387 383 30 38 0.225557
598 343 26 30 0.208611
700 170 41 53 0.20837
458 -1 29 37 0.184501
367 360 31 36 0.180426
433 410 25 32 0.170442
593 382 24 30 0.155982
90 41 49 57 0.152205
562 350 23 27 0.140457
947 171 27 30 0.139948
945 115 39 41 0.139612
570 53 41 54 0.138265
435 459 22 28 0.134807
839 103 22 26 0.134469
982 245 23 29 0.127782
836 5 26 29 0.110184
784 121 40 52 0.108992
328 398 17 21 0.105983
987 252 21 27 0.105911
790 164 24 31 0.103506
438 447 21 28 0.102538
