1004109301 0.999999 213 245 443 522
1004109301 0.869139 112 607 150 657
1004109301 0.822448 53 292 114 374
1004109301 0.541699 9 209 46 252
1004109301 0.520711 26 284 94 365
1004109301 0.519902 149 420 214 487
1004109301 0.413627 95 138 146 198
1004109301 0.380774 375 560 463 658
1004109301 0.379441 69 298 135 390
1004109301 0.355985 73 271 112 317
1004109301 0.291098 64 -1 204 150
1004109301 0.246721 70 151 108 194
1004109301 0.236886 353 500 465 626
1004109301 0.236569 92 472 145 541
1004109301 0.230736 337 164 492 367
1004109301 0.220167 -1 721 69 805
1004109301 0.207056 231 217 300 302
1004109301 0.200089 272 467 415 613
1004109301 0.187267 369 658 422 736
1004109301 0.180448 174 337 337 545
1004109301 0.174293 214 641 329 784
1004109301 0.160551 0 73 39 123
1004109301 0.143497 42 131 82 177
1004109301 0.131239 27 79 70 129
1004109301 0.125887 517 165 570 221
1004109301 0.121064 406 128 466 199
1004109301 0.0997466 1 305 44 360
1004109301 0.0965774 25 178 56 215
1004109301 0.0920244 112 202 187 285
1004109301 0.0917227 301 145 429 297
1004109301 0.0901423 503 152 556 212
1004109301 0.0889273 429 200 542 338
1004109301 0.0884427 134 127 170 172
1004109301 0.0882033 112 329 212 439
1004109301 0.073996 201 143 281 229
1004109301 0.0695652 41 193 70 228
1004109301 0.0692528 317 430 451 559
1004109301 0.0655713 63 429 112 495
1004109301 0.0625316 100 429 143 490
1004109301 0.0610716 2 117 36 157
1004109301 0.0568152 241 498 382 662
1004109301 0.0534987 86 178 140 236
1004109301 0.0521815 41 66 96 124
1004109301 0.0463629 26 112 55 148
1004109301 0.043654 63 178 100 221
1004109301 0.0426353 108 120 149 170
1004109301 0.0415302 1 227 53 283
1004109301 0.0406844 43 258 90 316
1004109301 0.0404221 100 168 148 220
1004109301 0.0391158 478 177 526 228
1004109301 0.0388188 87 313 153 400
1004109301 0.0332222 90 614 136 674
1004109301 0.0318719 95 274 144 335
1004109301 0.0301843 16 127 55 174
1004109301 0.0301503 275 184 417 354
1004109301 0.02829 2 537 70 630
1004109301 0.0277224 294 49 344 113
1004109301 0.0271463 142 487 193 552
1004109301 0.0261725 138 168 270 317
1004109301 0.025912 319 685 386 773
1004109301 0.0251966 50 198 90 239
1004109301 0.02502 21 354 67 411
1004109301 0.0233524 77 136 112 181
1004109301 0.0233197 96 248 151 316
1004109301 0.0214572 549 162 603 220
1004109301 0.0214415 284 576 380 716
1004109301 0.0211902 127 378 207 471
1004109301 0.0210977 496 174 550 231
1004109301 0.0205215 115 154 175 220
1004109301 0.017294 9 34 53 87
1004109301 0.0168384 412 37 517 155
1004109301 0.0167614 117 232 195 325
1004109301 0.0158105 19 219 70 277
1004109301 0.0153024 172 556 268 668
1004109301 0.0151876 344 45 394 103
1004109301 0.0133461 3 141 46 192
1004109301 0.0131489 100 634 173 718
1004109301 0.0129424 196 468 298 599
1004109301 0.0113742 447 128 509 202
1004109301 0.0102021 37 215 90 276
1004109301 0.0100359 88 375 126 426
111076519 0.999998 1115 702 1262 879
111076519 0.999743 1044 569 1199 755
111076519 0.890838 608 1373 660 1433
111076519 0.874619 1808 1135 1842 1173
111076519 0.829972 1733 1161 1767 1196
111076519 0.772837 552 1591 642 1698
111076519 0.718613 352 1709 398 1760
111076519 0.70241 251 1773 300 1823
111076519 0.698906 1229 1439 1267 1487
111076519 0.644329 189 1659 256 1736
111076519 0.63957 2142 1046 2188 1099
111076519 0.637554 1517 857 1572 925
111076519 0.634431 1933 1011 1972 1057
111076519 0.620997 1759 1090 1801 1138
111076519 0.616536 2338 1073 2378 1120
111076519 0.610918 1844 1201 1878 1241
111076519 0.590622 1451 1168 1507 1231
111076519 0.579648 700 1672 738 1717
111076519 0.559886 1924 1239 1961 1280
111076519 0.542325 1612 1008 1659 1064
111076519 0.537526 1834 1269 1857 1296
111076519 0.53532 466 1693 504 1741
111076519 0.528235 1022 608 1079 687
111076519 0.525071 1813 1097 1854 1145
111076519 0.51664 1895 1140 1937 1187
111076519 0.508902 2041 1158 2091 1216
111076519 0.508017 853 663 968 816
111076519 0.501662 1897 1106 1945 1161
111076519 0.488404 2168 1192 2231 1263
111076519 0.478895 1820 1170 1864 1219
111076519 0.468509 632 1641 683 1700
111076519 0.464385 1937 1225 1970 1265
111076519 0.459244 222 1513 278 1581
111076519 0.444676 1590 1289 1684 1415
111076519 0.439674 800 1413 865 1501
111076519 0.436161 727 1374 775 1426
111076519 0.434002 779 1356 816 1400
111076519 0.432083 1205 1706 1251 1768
111076519 0.431641 290 1786 324 1825
111076519 0.418282 1669 1301 1706 1342
111076519 0.41489 1195 1629 1250 1698
111076519 0.390669 403 1354 471 1434
111076519 0.386003 1957 1089 2003 1140
111076519 0.382919 1672 1052 1718 1108
111076519 0.377156 1765 1132 1809 1184
111076519 0.37045 2333 1109 2383 1167
111076519 0.357063 1777 1159 1822 1213
111076519 0.346304 2102 1061 2163 1125
111076519 0.346198 464 1669 507 1723
111076519 0.343947 1250 990 1337 1106
111076519 0.341568 1805 956 1858 1019
111076519 0.336237 2335 1127 2390 1185
111076519 0.332018 1896 1183 1933 1232
111076519 0.330686 589 1739 644 1809
111076519 0.324501 1223 1254 1256 1292
111076519 0.323483 667 1661 700 1704
111076519 0.321797 2224 986 2273 1040
111076519 0.319454 1555 904 1614 973
111076519 0.317564 1222 993 1303 1103
111076519 0.31732 345 1387 394 1450
111076519 0.313996 1710 1349 1749 1390
111076519 0.313471 403 1584 445 1632
111076519 0.311556 1988 1116 2030 1164
111076519 0.307113 1708 1398 1756 1457
111076519 0.305136 765 1322 807 1371
111076519 0.303732 1843 1108 1882 1155
111076519 0.298132 2021 1062 2060 1107
111076519 0.298127 2026 1259 2059 1298
111076519 0.29418 1933 1078 1977 1127
111076519 0.294084 1845 1138 1886 1181
111076519 0.294056 502 1585 548 1641
111076519 0.293644 2013 1100 2053 1147
111076519 0.287629 2258 1106 2302 1154
111076519 0.285884 1926 1093 1974 1147
111076519 0.276296 459 1586 505 1639
111076519 0.275025 2331 1006 2377 1061
111076519 0.273564 1421 1338 1477 1403
111076519 0.269145 731 1690 789 1767
111076519 0.268542 1725 1193 1766 1241
111076519 0.267808 620 1269 664 1321
111076519 0.267487 1192 1090 1257 1169
111076519 0.265212 1397 1446 1448 1508
111076519 0.263513 1420 462 1512 563
111076519 0.26262 873 1425 927 1502
111076519 0.259832 543 1694 578 1743
111076519 0.25597 2208 1125 2265 1184
111076519 0.250877 147 1530 219 1618
111076519 0.247768 1645 1055 1684 1102
111076519 0.24753 1864 1367 1923 1438
111076519 0.246999 658 1759 693 1804
111076519 0.242873 1958 1070 2006 1124
111076519 0.238741 1912 1057 1968 1121
111076519 0.237225 422 1743 461 1797
111076519 0.236331 1356 517 1419 586
111076519 0.235262 446 1690 478 1733
111076519 0.230081 1603 1232 1668 1316
111076519 0.225179 261 1580 310 1639
111076519 0.22517 1564 1002 1620 1071
111076519 0.221771 2023 1201 2057 1250
111076519 0.218173 585 1379 639 1442
111076519 0.217612 1706 1050 1745 1095
111076519 0.214304 1257 1200 1335 1302
111076519 0.212703 332 1607 385 1673
111076519 0.21212 2089 1046 2139 1102
111076519 0.21212 2005 973 2047 1019
111076519 0.210541 1382 1344 1444 1414
111076519 0.209978 1744 1260 1786 1308
111076519 0.209362 106 1563 146 1614
111076519 0.209179 1724 1375 1759 1414
111076519 0.206486 1845 1073 1896 1128
111076519 0.204871 381 1670 428 1730
111076519 0.203955 321 1729 369 1788
111076519 0.203692 2109 968 2156 1019
111076519 0.200042 423 1587 462 1632
111076519 0.199436 766 1687 810 1745
111076519 0.198458 1151 833 1241 947
111076519 0.196931 2132 1078 2200 1153
111076519 0.196782 524 1416 570 1467
111076519 0.196425 301 1486 364 1566
111076519 0.195725 1750 1084 1787 1126
111076519 0.195283 1802 1287 1845 1338
111076519 0.193254 1678 1141 1716 1186
111076519 0.190019 1783 1066 1826 1116
111076519 0.18601 557 1665 600 1720
111076519 0.185622 1775 1217 1810 1257
111076519 0.184711 482 1374 537 1445
111076519 0.180652 1007 675 1117 819
111076519 0.176203 191 1545 266 1641
111076519 0.175417 442 1639 493 1696
111076519 0.173922 2174 1138 2209 1177
111076519 0.173887 1704 1122 1737 1160
111076519 0.171573 596 1724 636 1767
111076519 0.168269 410 1435 441 1476
111076519 0.16759 1948 1201 2008 1271
111076519 0.165884 1415 1210 1464 1267
111076519 0.164185 2025 1279 2067 1327
111076519 0.16399 308 1769 348 1818
111076519 0.159662 610 1722 653 1770
111076519 0.154496 1879 1136 1914 1176
111076519 0.154033 2303 1115 2344 1160
111076519 0.153634 763 1622 799 1669
111076519 0.153201 2192 1136 2256 1207
111076519 0.152678 1919 1021 1959 1068
111076519 0.151625 1686 1353 1731 1407
111076519 0.150421 341 1480 394 1534
111076519 0.150379 1582 1458 1643 1537
111076519 0.149516 2056 1166 2117 1242
111076519 0.147446 1755 1048 1795 1099
111076519 0.146797 370 1628 427 1699
111076519 0.145601 448 1419 486 1463
111076519 0.144681 1952 518 2020 598
111076519 0.144465 1994 161 2257 438
111076519 0.144265 2230 1189 2270 1239
111076519 0.14408 516 1374 565 1432
111076519 0.143166 412 1464 462 1520
111076519 0.142794 1605 1380 1664 1455
111076519 0.14122 1296 808 1364 883
111076519 0.141184 1776 1230 1824 1285
111076519 0.140864 327 1646 364 1692
111076519 0.140455 2267 1119 2309 1164
111076519 0.140452 1949 1121 2004 1182
111076519 0.137996 783 741 996 1073
111076519 0.137695 2140 1009 2184 1060
111076519 0.136481 1983 1142 2025 1190
111076519 0.135312 2287 1147 2329 1195
111076519 0.134323 449 1617 498 1675
111076519 0.13324 317 1588 372 1656
111076519 0.130003 1976 1301 2019 1359
111076519 0.128894 530 1683 559 1723
111076519 0.128567 214 1733 256 1779
111076519 0.127571 550 1367 602 1431
111076519 0.126791 1752 903 1792 951
111076519 0.126748 1657 1284 1700 1336
111076519 0.125856 1655 995 1719 1066
111076519 0.124885 1744 1022 1780 1063
111076519 0.124081 1402 1478 1449 1537
111076519 0.123998 1709 1024 1751 1073
111076519 0.123862 408 1563 455 1618
111076519 0.12154 2298 1070 2339 1118
111076519 0.121298 1717 1212 1758 1261
111076519 0.120308 1960 1285 2003 1334
111076519 0.120211 1991 1295 2041 1364
111076519 0.119745 1672 1038 1711 1081
111076519 0.119526 1193 665 1252 738
111076519 0.119271 329 1694 369 1738
111076519 0.118164 1659 1323 1711 1379
111076519 0.118026 1841 1031 1893 1092
111076519 0.117942 772 1350 808 1389
111076519 0.117494 2034 1107 2081 1158
111076519 0.117308 1201 1197 1248 1254
111076519 0.116872 634 1743 680 1802
111076519 0.116814 777 1522 819 1573
111076519 0.116541 1737 1114 1780 1165
111076519 0.116508 2128 1118 2184 1180
111076519 0.11582 2269 1135 2309 1181
111076519 0.115509 1890 974 1944 1032
111076519 0.115424 1221 1298 1275 1368
111076519 0.11477 2088 938 2141 997
111076519 0.112805 670 1271 738 1355
111076519 0.112725 1868 1323 1923 1386
111076519 0.112154 530 1703 564 1745
111076519 0.11208 1820 1325 1860 1366
111076519 0.111866 1456 469 1547 566
111076519 0.111297 1282 815 1327 869
111076519 0.110707 738 1639 777 1684
111076519 0.110368 2104 1024 2165 1095
111076519 0.110044 754 1529 793 1574
111076519 0.109771 2069 1241 2119 1297
111076519 0.109243 2105 1275 2168 1352
111076519 0.10883 1217 1489 1261 1542
111076519 0.108582 1505 478 1572 548
111076519 0.108371 1995 1001 2038 1050
111076519 0.108238 1367 800 1419 862
111076519 0.106204 1809 1059 1852 1108
111076519 0.105395 1139 1143 1188 1210
111076519 0.104926 2192 972 2241 1028
111076519 0.104737 697 1364 731 1401
111076519 0.104663 1621 1266 1677 1331
111076519 0.104257 477 1644 532 1706
111076519 0.103753 1687 1128 1725 1171
111076519 0.103096 1949 1298 1986 1347
111076519 0.103067 1400 1070 1467 1148
111076519 0.101395 132 1399 192 1466
111076519 0.100978 937 842 1172 1126
111076519 0.100628 775 1723 814 1776
111076519 0.100249 714 1679 768 1744
111076519 0.100246 1426 1137 1495 1214
111076519 0.0995448 2020 877 2069 935
111076519 0.0984217 1789 1080 1837 1135
111076519 0.0983413 1301 1536 1362 1635
111076519 0.098234 384 1393 422 1442
111076519 0.098183 1978 1158 2022 1207
111076519 0.0981303 1606 1146 1653 1208
111076519 0.0977215 1522 1308 1568 1366
111076519 0.0971531 1679 1249 1725 1296
111076519 0.0967763 1806 1389 1875 1469
111076519 0.0962823 1208 515 1299 638
111076519 0.0952191 218 1756 274 1817
111076519 0.0951746 1672 1180 1702 1218
111076519 0.0951495 624 1348 685 1416
111076519 0.0948635 1187 1058 1254 1142
111076519 0.0947515 622 1527 656 1566
111076519 0.0941068 1377 816 1540 1025
111076519 0.0938096 701 1643 748 1702
111076519 0.0936415 2046 939 2092 991
111076519 0.0934372 1853 1315 1892 1361
111076519 0.0926465 1626 1447 1720 1559
111076519 0.0920091 830 1464 882 1535
111076519 0.0916111 1773 890 1822 945
111076519 0.0904246 56 1610 215 1823
111076519 0.08959 1567 834 1637 918
111076519 0.0889579 2000 1040 2041 1087
111076519 0.0886873 1691 1211 1734 1265
111076519 0.0880002 2234 1151 2279 1200
111076519 0.087923 1926 1329 1982 1397
111076519 0.0874209 1529 936 1587 1006
111076519 0.0867479 2172 1099 2217 1148
111076519 0.0862272 237 1540 306 1624
111076519 0.0855978 1905 1004 1948 1055
111076519 0.0851406 1668 1074 1715 1129
111076519 0.0842742 2275 1177 2399 1335
111076519 0.0836378 2137 1246 2237 1359
111076519 0.0833901 291 1474 347 1537
111076519 0.0829969 573 1789 607 1829
111076519 0.0827679 1040 532 1147 653
111076519 0.0822535 1763 1154 1804 1202
111076519 0.0818423 1692 1022 1732 1065
111076519 0.0816861 1791 1200 1838 1256
111076519 0.081545 892 658 1000 807
111076519 0.0805153 270 1684 331 1759
111076519 0.0802421 1793 1380 1830 1422
111076519 0.0798252 677 1668 718 1717
111076519 0.0789541 657 1313 717 1383
111076519 0.0787691 1805 1375 1842 1417
111076519 0.078541 346 1754 385 1802
111076519 0.0784155 1389 1148 1464 1229
111076519 0.0781736 287 1658 319 1696
111076519 0.0780063 933 758 1150 1027
111076519 0.077794 664 1626 709 1681
111076519 0.0772789 390 1654 434 1710
111076519 0.076662 733 1306 792 1368
111076519 0.0766256 1562 465 1658 568
111076519 0.0766061 1313 1622 1366 1700
111076519 0.0765609 1653 1231 1700 1284
111076519 0.0765423 372 1514 430 1579
111076519 0.076432 396 1600 439 1651
111076519 0.0755744 1976 889 2022 942
111076519 0.0752794 2222 1077 2261 1121
111076519 0.0748636 1960 1303 2003 1357
111076519 0.0745762 2172 1036 2237 1106
111076519 0.0742741 1222 1106 1328 1239
111076519 0.0738257 1378 1498 1443 1579
111076519 0.0736303 361 1606 408 1663
111076519 0.0728764 659 1359 712 1416
111076519 0.0719275 684 1707 724 1751
111076519 0.0714518 1846 1294 1878 1330
111076519 0.0712807 2172 1170 2208 1215
111076519 0.0709441 1289 1210 1356 1291
111076519 0.0706841 2167 979 2210 1030
111076519 0.0703934 2035 992 2077 1041
111076519 0.0703707 221 1605 276 1669
111076519 0.0701535 1643 1183 1683 1233
111076519 0.0699731 1807 1270 1846 1313
111076519 0.069785 1374 1265 1438 1337
111076519 0.0685403 1399 1097 1482 1193
111076519 0.0680516 1213 1398 1263 1463
111076519 0.0679452 2161 1159 2202 1206
111076519 0.0674545 243 1464 289 1521
111076519 0.0672911 277 1705 338 1782
111076519 0.0670485 774 1073 871 1215
111076519 0.0667627 1574 1416 1623 1478
111076519 0.066162 2049 1283 2100 1344
111076519 0.0642564 1723 1398 1775 1462
111076519 0.0642447 2064 1188 2126 1263
111076519 0.0641398 1744 957 1798 1018
111076519 0.0641232 1700 880 1756 945
111076519 0.0636262 1878 1186 1919 1234
111076519 0.0625782 367 1446 415 1506
111076519 0.0624076 1876 1216 1919 1270
111076519 0.0624065 252 1707 298 1762
111076519 0.0623236 1703 946 1753 1001
111076519 0.0623184 1991 1229 2029 1274
111076519 0.062033 1852 880 1924 962
111076519 0.060514 1634 1242 1690 1306
111076519 0.0596169 1598 1029 1644 1084
111076519 0.0589766 372 1553 414 1604
111076519 0.058836 1969 1095 2021 1156
111076519 0.0585231 1214 1085 1277 1161
111076519 0.0584602 1767 1033 1812 1088
111076519 0.0581499 2116 1215 2152 1259
111076519 0.058099 732 1350 765 1388
111076519 0.0580345 1402 1397 1460 1465
111076519 0.0577181 395 1691 436 1745
111076519 0.0577071 1862 1236 1924 1313
111076519 0.0575197 1700 1061 1738 1106
111076519 0.0573549 637 1618 690 1684
111076519 0.0571705 389 1708 436 1770
111076519 0.0567598 781 1648 816 1697
111076519 0.0562534 1812 1040 1857 1091
111076519 0.0561176 2116 885 2162 939
111076519 0.0556285 1707 1291 1760 1350
111076519 0.0553001 730 1595 769 1641
111076519 0.0551811 1322 1174 1378 1244
111076519 0.0549844 1368 1423 1422 1486
111076519 0.0546867 1920 1293 1961 1340
111076519 0.0545598 1317 1209 1407 1311
111076519 0.0542237 174 1520 240 1608
111076519 0.0541164 1251 954 1321 1042
111076519 0.0541076 1978 1184 2033 1249
111076519 0.0538714 722 1416 783 1483
111076519 0.0538542 1815 1004 1857 1053
111076519 0.053719 1762 1313 1823 1384
111076519 0.0535507 1199 925 1266 1013
111076519 0.053467 2252 1015 2294 1064
111076519 0.0534518 2281 1076 2329 1129
111076519 0.0531712 1295 1026 1367 1108
111076519 0.0531296 1645 1167 1679 1215
111076519 0.053045 1102 533 1201 649
111076519 0.0528391 2045 1068 2088 1116
111076519 0.0525872 1324 1364 1384 1435
111076519 0.0525303 918 703 1025 856
111076519 0.0523947 753 1293 804 1350
111076519 0.0521829 1450 1265 1495 1328
111076519 0.0514481 518 1686 550 1726
111076519 0.0514136 2032 1224 2063 1265
111076519 0.0513336 2135 1201 2186 1263
111076519 0.0509661 728 1648 768 1694
111076519 0.0509051 1912 1179 1956 1229
111076519 0.0508967 2232 1112 2283 1168
111076519 0.0508052 1987 1250 2024 1297
111076519 0.0502265 629 1285 673 1340
111076519 0.0499007 1446 1504 1502 1573
111076519 0.049503 667 1596 723 1665
111076519 0.0493056 1899 1358 1968 1439
111076519 0.0490229 1920 791 1976 856
111076519 0.0487184 578 1281 640 1356
111076519 0.048492 1455 530 1546 631
111076519 0.0483844 176 1492 242 1572
111076519 0.0482985 1727 1036 1776 1095
111076519 0.0482856 2332 869 2394 941
111076519 0.0476048 2045 1202 2081 1245
111076519 0.0472144 2011 1176 2050 1222
111076519 0.0467369 1956 1053 2004 1107
111076519 0.0466947 2059 1076 2120 1147
111076519 0.0464291 1142 1376 1217 1481
111076519 0.0461816 230 1683 272 1733
111076519 0.0458621 259 1746 301 1794
111076519 0.0458031 1942 1057 1984 1106
111076519 0.0454273 1150 1267 1201 1335
111076519 0.0452906 10 1401 101 1507
111076519 0.045278 1459 1388 1510 1447
111076519 0.0452709 1625 1147 1668 1209
111076519 0.0450873 535 1593 566 1634
111076519 0.0450738 1872 1010 1921 1065
111076519 0.045019 1208 1216 1252 1269
111076519 0.0450161 368 1746 394 1779
111076519 0.045016 1952 1157 1995 1207
111076519 0.0448132 352 1453 389 1494
111076519 0.0447749 1525 1211 1610 1318
111076519 0.0446598 1364 1480 1419 1547
111076519 0.0445785 1230 1379 1270 1428
111076519 0.0444962 1773 1195 1809 1238
111076519 0.0441584 1659 1097 1697 1143
111076519 0.0441232 983 590 1055 683
111076519 0.0438831 2312 863 2378 937
111076519 0.0437726 1492 1204 1551 1277
111076519 0.043473 1782 1391 1827 1442
111076519 0.0433392 1992 1166 2030 1213
111076519 0.0428952 573 1372 624 1430
111076519 0.0428684 2284 1047 2335 1102
111076519 0.042667 1827 1075 1873 1127
111076519 0.0426066 737 1265 774 1311
111076519 0.0424976 1870 1073 1912 1122
111076519 0.042429 206 1520 258 1587
111076519 0.0421549 455 1343 516 1414
111076519 0.0420538 325 1761 370 1811
111076519 0.0420162 1764 1359 1800 1399
111076519 0.0417893 1904 1304 1942 1348
111076519 0.0417335 1248 1409 1314 1496
111076519 0.0415931 1771 1016 1811 1063
111076519 0.0414781 1151 1560 1204 1632
111076519 0.041407 2056 1118 2101 1169
111076519 0.0412035 2107 937 2167 1002
111076519 0.0407983 1204 1513 1236 1560
111076519 0.0407458 1777 1356 1820 1404
111076519 0.0406217 1968 1265 2017 1323
111076519 0.0405102 1709 1146 1748 1189
111076519 0.0403166 1263 1096 1360 1219
111076519 0.0399682 664 1521 711 1574
111076519 0.039767 1215 1063 1274 1136
111076519 0.0396289 436 1565 479 1616
111076519 0.0395589 1480 1327 1523 1381
111076519 0.0394145 652 1687 693 1737
111076519 0.039287 789 1588 828 1641
111076519 0.0392229 1508 938 1565 1007
111076519 0.0389866 1899 1340 1940 1391
111076519 0.038929 1224 1460 1269 1520
111076519 0.0385148 1336 1706 1377 1763
111076519 0.0384425 2037 871 2096 941
111076519 0.0381488 239 1594 291 1657
111076519 0.0378436 777 1229 857 1352
111076519 0.0377333 618 1290 662 1345
111076519 0.0377008 2039 926 2086 979
111076519 0.0376152 2106 1120 2160 1178
111076519 0.0375843 726 1231 779 1295
111076519 0.0375049 1319 1438 1374 1510
111076519 0.0373543 648 1278 695 1334
111076519 0.0373447 476 1675 521 1734
111076519 0.0369795 1969 956 2019 1013
111076519 0.0369644 731 1492 772 1542
111076519 0.0369352 2061 1294 2117 1359
111076519 0.0369264 1390 1576 1444 1646
111076519 0.0368924 1686 1403 1734 1466
111076519 0.0368669 1797 1223 1841 1270
111076519 0.0367296 518 1316 589 1402
111076519 0.0367114 1217 1518 1257 1569
111076519 0.0366807 280 1452 328 1507
111076519 0.0360959 1907 1259 1952 1309
111076519 0.0357838 2262 1087 2307 1136
111076519 0.0356862 447 1776 483 1824
111076519 0.0356774 1561 871 1621 945
111076519 0.0356166 1635 1377 1677 1440
111076519 0.035259 1823 1362 1861 1406
111076519 0.0352435 1311 1552 1376 1653
111076519 0.035222 763 1642 796 1685
111076519 0.0351481 2091 1302 2177 1403
111076519 0.0350507 458 1412 494 1458
111076519 0.0350148 1334 1034 1398 1120
111076519 0.0347447 307 1509 370 1585
111076519 0.0347214 1355 1147 1420 1220
111076519 0.0346644 615 1328 661 1379
111076519 0.0344235 1739 1351 1782 1396
111076519 0.0340838 1223 935 1295 1030
111076519 0.0338656 798 1322 871 1427
111076519 0.0336361 2347 893 2401 953
111076519 0.0332777 1390 1548 1444 1617
111076519 0.0332475 1255 824 1317 904
111076519 0.0329098 2227 968 2274 1021
111076519 0.0327768 1257 1254 1320 1328
111076519 0.0327466 375 1577 411 1623
111076519 0.0327354 554 1502 606 1562
111076519 0.0327236 1645 1041 1686 1086
111076519 0.0324942 720 1580 764 1631
111076519 0.0324879 1411 1661 1464 1730
111076519 0.0323129 778 1664 814 1714
111076519 0.032142 1863 1672 1957 1782
111076519 0.0321047 2239 984 2295 1048
111076519 0.0320843 1517 1031 1577 1120
111076519 0.0319803 1824 972 1878 1033
111076519 0.0315684 1850 1231 1897 1284
111076519 0.0314354 426 1506 480 1572
111076519 0.0311464 1920 926 1977 992
111076519 0.0310029 1696 1286 1731 1326
111076519 0.0309568 1643 948 1688 997
111076519 0.0308862 500 1566 546 1618
111076519 0.0307824 1877 1039 1927 1093
111076519 0.030732 429 1422 473 1471
111076519 0.0304731 683 1752 716 1797
111076519 0.0303112 963 668 1023 747
111076519 0.03027 1359 1443 1422 1520
111076519 0.0302545 2257 1039 2304 1091
111076519 0.0298303 419 1702 456 1747
111076519 0.029638 1822 1208 1865 1254
111076519 0.0296352 1329 1727 1376 1793
111076519 0.0295292 497 1520 538 1569
111076519 0.0294805 1587 1088 1660 1173
111076519 0.0293293 1128 1709 1182 1781
111076519 0.0293169 1657 977 1705 1033
111076519 0.0292089 1296 1363 1359 1438
111076519 0.0289838 2323 1033 2375 1092
111076519 0.0288204 587 1508 642 1574
111076519 0.0287984 1897 884 1955 954
111076519 0.0286979 1256 1483 1307 1550
111076519 0.0286443 1262 875 1308 935
111076519 0.0286172 1594 1060 1666 1146
111076519 0.0285662 822 1541 881 1616
111076519 0.0284897 1881 930 1933 990
111076519 0.0284609 353 1778 391 1827
111076519 0.0283404 91 1400 158 1476
111076519 0.0283402 342 1518 404 1588
111076519 0.0282633 2054 1041 2102 1097
111076519 0.0280212 1952 1018 1991 1068
111076519 0.0279729 2221 1219 2274 1284
111076519 0.0279117 1243 1663 1317 1761
111076519 0.0275667 624 1579 673 1637
111076519 0.0274254 693 1695 732 1742
111076519 0.0274029 1262 774 1324 851
111076519 0.0272583 1502 1563 1555 1631
111076519 0.0271156 1868 991 1919 1049
111076519 0.0268022 1269 1281 1345 1364
111076519 0.0266907 753 1413 795 1461
111076519 0.0266267 2260 1128 2299 1173
111076519 0.0264728 2017 1254 2050 1295
111076519 0.0263732 2067 843 2121 903
111076519 0.0263213 1488 1385 1540 1448
111076519 0.0263117 1857 1190 1898 1236
111076519 0.0262077 1549 1453 1618 1543
111076519 0.0261362 1656 1212 1703 1266
111076519 0.0261292 1626 839 1688 910
111076519 0.0259899 1660 863 1711 923
111076519 0.0259377 1715 999 1766 1056
111076519 0.0259151 654 1391 701 1444
111076519 0.0259022 428 1774 463 1821
111076519 0.0258523 806 1595 856 1658
111076519 0.0258374 620 1597 664 1651
111076519 0.0258282 770 1589 809 1637
111076519 0.0256559 1141 1494 1215 1594
111076519 0.0253387 628 1724 664 1771
111076519 0.0253176 1464 1492 1520 1559
111076519 0.0250384 2030 1169 2071 1220
111076519 0.0247914 2047 963 2094 1015
111076519 0.0247368 1226 1328 1274 1391
111076519 0.0245639 1456 1279 1500 1342
111076519 0.0245079 429 1691 460 1732
111076519 0.0244768 1375 465 1458 558
111076519 0.0244737 754 1590 793 1637
111076519 0.0244396 1655 1255 1707 1312
111076519 0.0243829 293 1562 337 1615
111076519 0.0241583 2143 880 2198 943
111076519 0.0240874 2217 1027 2263 1077
111076519 0.0238148 1757 1231 1808 1288
111076519 0.0237316 2323 1062 2366 1110
111076519 0.0236569 1211 1471 1260 1525
111076519 0.0235592 1814 881 1875 954
111076519 0.0233163 1969 1028 2016 1082
111076519 0.0231769 1847 484 1990 638
111076519 0.0231081 1382 1214 1449 1285
111076519 0.0230475 2238 1027 2287 1082
111076519 0.0228822 255 1484 300 1542
111076519 0.0228708 469 1404 514 1462
111076519 0.0227887 1614 1418 1665 1485
111076519 0.0226965 291 1587 345 1659
111076519 0.0225496 1685 1089 1726 1134
111076519 0.0224461 56 1308 124 1383
111076519 0.0223496 260 1661 298 1706
111076519 0.0222223 1360 1061 1434 1157
111076519 0.0220016 1755 1283 1790 1327
111076519 0.0219963 1915 1110 1963 1170
111076519 0.0219261 1916 910 1962 965
111076519 0.0218968 2050 1244 2094 1295
111076519 0.0217276 189 1637 239 1700
111076519 0.0217114 352 1418 392 1469
111076519 0.0216509 1548 1601 1596 1667
111076519 0.0215998 1718 971 1758 1015
111076519 0.0214571 1015 560 1066 627
111076519 0.021272 515 1560 558 1610
111076519 0.0210667 1282 878 1338 951
111076519 0.0210076 1518 1338 1569 1404
111076519 0.0208878 1733 1304 1784 1362
111076519 0.0208511 344 1679 395 1740
111076519 0.0208278 1789 1264 1833 1312
111076519 0.020791 1913 1243 1949 1283
111076519 0.0207276 2285 924 2371 1020
111076519 0.0206477 1927 944 1985 1013
111076519 0.0199284 2353 1016 2400 1069
111076519 0.0197864 25 1746 86 1829
111076519 0.0197048 1346 1129 1402 1196
111076519 0.0196201 2103 990 2158 1054
111076519 0.0195901 1238 868 1292 937
111076519 0.0195414 2038 847 2094 910
111076519 0.0191696 378 1738 411 1784
111076519 0.0191558 1234 1073 1325 1182
111076519 0.0191071 1387 1689 1445 1764
111076519 0.018725 945 602 1019 690
111076519 0.018639 1978 973 2030 1030
111076519 0.0186321 1461 1215 1516 1283
111076519 0.0185869 566 1395 612 1444
111076519 0.018561 1323 1753 1372 1823
111076519 0.0185165 2166 897 2223 960
111076519 0.0184765 2162 1214 2223 1279
111076519 0.0183874 2234 1080 2282 1133
111076519 0.0183659 1688 1191 1725 1235
111076519 0.0182453 320 1568 368 1626
111076519 0.0181842 341 1636 393 1699
111076519 0.0181288 2258 1178 2305 1232
111076519 0.0180507 1941 1311 1973 1352
111076519 0.018036 705 1091 787 1185
111076519 0.0180348 1174 1684 1222 1753
111076519 0.0180137 1769 1422 1850 1511
111076519 0.0179977 387 1586 429 1639
111076519 0.0179685 1764 1270 1809 1320
111076519 0.0178609 401 1748 444 1801
111076519 0.01785 2072 984 2120 1043
111076519 0.0178254 1741 1102 1774 1139
111076519 0.0177059 872 899 1040 1119
111076519 0.0174273 759 1500 806 1560
111076519 0.0173646 1433 1262 1481 1326
111076519 0.0169551 1565 919 1630 996
111076519 0.0167611 2001 926 2053 989
111076519 0.0167609 373 1343 442 1423
111076519 0.0166975 1482 1405 1539 1477
111076519 0.0166465 1875 961 1922 1015
111076519 0.0166461 1809 1212 1851 1257
111076519 0.0166355 1699 1251 1746 1303
111076519 0.0166106 365 1771 404 1819
111076519 0.0164501 627 1700 667 1746
111076519 0.016433 1910 813 1964 876
111076519 0.0164129 595 1339 656 1411
111076519 0.0163879 474 1560 520 1617
111076519 0.0163779 808 1687 879 1781
111076519 0.0163669 1892 908 1945 971
111076519 0.0163216 1777 977 1826 1037
111076519 0.0163048 988 561 1043 629
111076519 0.0162429 789 1535 836 1598
111076519 0.0162322 1766 951 1810 1005
111076519 0.0161907 1831 1058 1881 1114
111076519 0.0161152 1249 1597 1303 1666
111076519 0.0160191 1335 1343 1403 1423
111076519 0.0159379 1445 1583 1507 1661
111076519 0.0159064 1780 1311 1845 1383
111076519 0.0158689 498 1307 557 1375
111076519 0.0158365 814 1764 871 1836
111076519 0.0156225 1195 1272 1264 1357
111076519 0.0154416 1856 922 1909 985
111076519 0.0153863 1694 993 1737 1042
111076519 0.0153645 507 1658 551 1711
111076519 0.0153012 2189 937 2243 997
111076519 0.0152399 2149 911 2201 970
111076519 0.015153 2124 1408 2392 1743
111076519 0.0151435 1618 1491 1691 1581
111076519 0.0151067 1492 1500 1546 1570
111076519 0.014702 1674 944 1725 1002
111076519 0.0146616 1394 1740 1451 1812
111076519 0.0146437 418 1647 442 1678
111076519 0.0145166 1761 1066 1811 1124
111076519 0.014514 1539 834 1596 900
111076519 0.0143486 2279 811 2341 886
111076519 0.0143089 476 1777 518 1825
111076519 0.014145 406 1483 460 1547
111076519 0.0141384 689 1433 737 1492
111076519 0.0141135 1886 817 1943 883
111076519 0.0140969 1255 1512 1313 1587
111076519 0.0139338 438 1457 492 1522
111076519 0.0138436 1478 1174 1526 1236
111076519 0.013682 1723 1428 1798 1512
111076519 0.0136492 1379 1608 1451 1705
111076519 0.0135603 1644 1198 1692 1256
111076519 0.0134921 574 1539 625 1595
111076519 0.0134366 1079 514 1167 613
111076519 0.0133567 810 1553 866 1627
111076519 0.013341 1551 1518 1602 1586
111076519 0.0133103 2139 939 2206 1010
111076519 0.0131654 2097 1079 2157 1149
111076519 0.0131553 2265 934 2331 1008
111076519 0.0131048 1787 830 1842 893
111076519 0.0130014 1449 1188 1505 1253
111076519 0.0129797 1522 912 1584 987
111076519 0.0129288 1305 1422 1360 1492
111076519 0.0129253 956 1254 1025 1333
111076519 0.0129238 334 1354 398 1426
111076519 0.012893 2032 1195 2065 1236
111076519 0.0127103 2301 1017 2356 1080
111076519 0.0126743 484 1625 529 1679
111076519 0.0126628 1719 785 1773 848
111076519 0.0126555 1473 1505 1529 1575
111076519 0.0125638 1620 968 1663 1017
111076519 0.0124641 2320 993 2369 1049
111076519 0.0123634 608 1399 656 1456
111076519 0.0122459 1903 1030 1950 1085
111076519 0.0121826 2272 1003 2323 1060
111076519 0.0121713 1273 1516 1332 1592
111076519 0.0121545 1102 1262 1169 1339
111076519 0.0121525 1686 778 1746 847
111076519 0.0120201 1449 957 1534 1058
111076519 0.0119973 967 573 1033 649
111076519 0.0119385 1591 1209 1649 1298
111076519 0.0119319 1262 1453 1318 1524
111076519 0.0119297 1203 1131 1261 1205
111076519 0.0118523 1328 1398 1384 1467
111076519 0.0117485 1305 1445 1362 1518
111076519 0.0117298 861 1438 916 1518
111076519 0.011708 1519 835 1575 902
111076519 0.0116379 1342 1506 1398 1575
111076519 0.0114645 1452 1433 1508 1501
111076519 0.0113307 1548 1572 1600 1644
111076519 0.0112625 485 1593 525 1641
111076519 0.0111871 1247 1711 1304 1785
111076519 0.0110236 780 1164 872 1304
111076519 0.0109886 2259 873 2315 937
111076519 0.0109778 727 1515 773 1572
111076519 0.0109565 1556 777 1615 843
111076519 0.0109387 2312 1655 2401 1767
111076519 0.010876 1487 1438 1542 1509
111076519 0.0107815 1146 1665 1198 1738
111076519 0.0107543 1412 1025 1467 1092
111076519 0.0107523 812 1737 870 1813
111076519 0.0107189 1274 1386 1338 1466
111076519 0.0105199 1454 1626 1512 1699
111076519 0.0105033 2139 968 2197 1033
111076519 0.010454 293 1545 334 1594
111076519 0.0103259 1380 1729 1437 1803
111076519 0.0103007 1599 912 1657 978
111076519 0.0102963 924 1496 985 1574
111076519 0.0102675 23 1500 89 1575
111076519 0.01025 2062 888 2121 956
111076519 0.0102016 1085 1078 1148 1159
111076519 0.0101842 1342 1381 1400 1452
111076519 0.0101564 979 726 1051 821
111076519 0.0100739 865 1414 908 1482
1139324862 0.999999 213 108 412 390
1139324862 0.506068 337 450 392 514
1139324862 0.266346 148 576 206 652
1139324862 0.25338 131 424 169 477
1139324862 0.21722 60 577 98 629
1139324862 0.14524 157 543 204 600
1139324862 0.138573 129 577 186 651
1139324862 0.137192 177 710 212 759
1139324862 0.122562 201 493 232 541
1139324862 0.121977 651 388 689 441
1139324862 0.117503 632 307 694 393
1139324862 0.110237 249 681 332 794
1139324862 0.107329 81 752 123 812
1139324862 0.103554 383 192 459 301
1139324862 0.0963716 52 197 244 437
1139324862 0.0928606 162 721 201 771
1139324862 0.0906494 445 373 492 428
1139324862 0.0870218 216 675 257 731
1139324862 0.0856453 69 665 106 724
1139324862 0.0852598 123 485 168 547
1139324862 0.0851756 61 608 103 667
1139324862 0.0850446 -6 841 40 904
1139324862 0.0831672 120 545 166 605
1139324862 0.0810657 143 444 178 496
1139324862 0.0772702 216 399 252 451
1139324862 0.0733352 512 254 561 314
1139324862 0.0705834 107 544 146 595
1139324862 0.0610923 286 621 499 884
1139324862 0.0598685 72 699 108 759
1139324862 0.0544892 90 419 154 505
1139324862 0.0540886 250 388 271 422
1139324862 0.053201 54 462 97 521
1139324862 0.0523924 121 504 170 568
1139324862 0.050877 259 397 297 448
1139324862 0.0507479 317 455 376 524
1139324862 0.0484775 192 571 224 612
1139324862 0.0481592 230 699 269 756
1139324862 0.046852 194 618 227 666
1139324862 0.0465881 73 399 124 464
1139324862 0.0447024 97 713 131 768
1139324862 0.0441012 70 716 107 774
1139324862 0.0426339 85 660 123 715
1139324862 0.0419275 133 878 175 940
1139324862 0.0416475 35 423 89 495
1139324862 0.0405686 648 464 689 524
1139324862 0.0388215 109 496 156 554
1139324862 0.0388035 375 100 428 170
1139324862 0.0384952 52 719 92 778
1139324862 0.0364458 560 359 634 450
1139324862 0.0359542 414 366 465 430
1139324862 0.0354148 648 490 689 548
1139324862 0.03512 140 479 187 549
1139324862 0.0350613 78 463 121 522
1139324862 0.0348751 198 443 241 512
1139324862 0.0342398 99 632 141 694
1139324862 0.0342054 -11 681 55 772
1139324862 0.0330402 467 277 572 415
1139324862 0.0324793 174 403 210 456
1139324862 0.030197 55 661 95 724
1139324862 0.0292858 643 360 688 420
1139324862 0.0288944 75 682 111 739
1139324862 0.0288006 58 739 100 803
1139324862 0.0283678 59 704 97 764
1139324862 0.0275416 41 635 90 700
1139324862 0.0273981 646 437 689 500
1139324862 0.0261794 59 60 270 353
1139324862 0.0261351 188 721 220 769
1139324862 0.0257991 187 463 225 521
1139324862 0.025184 90 474 129 530
1139324862 0.0249307 -1 174 51 241
1139324862 0.0231641 530 281 600 369
1139324862 0.0230773 409 163 456 227
1139324862 0.0221434 227 629 265 683
1139324862 0.0221003 538 342 603 427
1139324862 0.0219499 119 688 153 737
1139324862 0.0218968 98 744 131 799
1139324862 0.0216198 136 623 178 681
1139324862 0.0207807 629 290 676 348
1139324862 0.0203449 227 384 261 430
1139324862 0.020282 95 608 135 665
1139324862 0.0202116 35 399 85 470
1139324862 0.0193768 265 41 321 111
1139324862 0.018992 49 844 107 919
1139324862 0.0188177 99 844 139 900
1139324862 0.0182184 214 662 249 711
1139324862 0.0181872 137 813 168 860
1139324862 0.0178956 179 439 217 497
1139324862 0.0178489 158 755 197 816
1139324862 0.017698 459 243 534 337
1139324862 0.017539 229 407 272 466
1139324862 0.0173494 106 881 145 936
1139324862 0.0161994 194 421 235 483
1139324862 0.0161293 661 417 699 478
1139324862 0.0156644 105 395 156 474
1139324862 0.0149669 580 447 636 518
1139324862 0.0149604 164 500 200 551
1139324862 0.0146798 198 404 241 464
1139324862 0.0145943 160 516 205 574
1139324862 0.0144356 630 885 714 990
1139324862 0.0142426 394 127 446 195
1139324862 0.0141877 110 586 147 642
1139324862 0.0141342 36 370 89 444
1139324862 0.0141049 387 161 440 226
1139324862 0.0137552 -6 269 76 374
1139324862 0.0137056 224 66 307 178
1139324862 0.0134041 282 35 334 98
1139324862 0.0133176 57 485 108 558
1139324862 0.0127716 254 627 299 688
1139324862 0.012758 524 363 586 440
1139324862 0.0117957 585 319 641 392
1139324862 0.0117733 102 811 149 869
1139324862 0.0110115 273 361 359 469
1139324862 0.0103763 397 273 452 353
1139324862 0.0100423 135 767 173 824
1139324862 0.0100336 -6 867 44 936
1204062305 0.999983 420 183 628 460
1204062305 0.55131 285 28 404 168
1204062305 0.546938 -4 113 43 169
1204062305 0.539405 263 41 318 110
1204062305 0.516745 366 276 419 339
1204062305 0.50876 897 552 1009 700
1204062305 0.483421 170 304 221 367
1204062305 0.475127 535 543 663 697
1204062305 0.270965 642 658 706 753
1204062305 0.264272 249 452 329 541
1204062305 0.258621 375 534 430 588
1204062305 0.253656 205 354 259 414
1204062305 0.243341 386 381 429 436
1204062305 0.23693 151 464 216 564
1204062305 0.224798 209 401 291 499
1204062305 0.211035 798 94 836 139
1204062305 0.205797 384 453 447 534
1204062305 0.196226 34 173 136 310
1204062305 0.180807 54 71 129 165
1204062305 0.167953 240 510 328 624
1204062305 0.157929 186 259 298 394
1204062305 0.13854 815 75 933 217
1204062305 0.137301 127 714 227 823
1204062305 0.129273 35 -37 140 91
1204062305 0.127492 30 79 109 178
1204062305 0.124321 141 -9 192 55
1204062305 0.122264 195 221 241 279
1204062305 0.119645 720 344 778 421
1204062305 0.117529 198 104 271 194
1204062305 0.110424 222 339 301 429
1204062305 0.107369 280 315 342 381
1204062305 0.104819 285 8 330 63
1204062305 0.104147 259 345 351 449
1204062305 0.0920684 138 424 186 490
1204062305 0.0911128 728 594 796 676
1204062305 0.0909354 61 465 113 529
1204062305 0.0904017 800 575 947 750
1204062305 0.0899346 240 613 314 723
1204062305 0.0890703 160 540 245 649
1204062305 0.0878945 229 166 371 336
1204062305 0.0820346 224 431 310 531
1204062305 0.080833 918 446 995 553
1204062305 0.0807429 132 392 179 454
1204062305 0.0806961 895 645 1034 819
1204062305 0.0796658 379 564 485 709
1204062305 0.0788879 416 27 487 118
1204062305 0.0787766 324 349 374 412
1204062305 0.0741089 620 455 678 528
1204062305 0.0724801 123 248 195 327
1204062305 0.071016 267 121 325 191
1204062305 0.0638744 352 333 409 404
1204062305 0.0610173 634 517 687 579
1204062305 0.0605736 370 178 422 241
1204062305 0.0589019 444 55 505 130
1204062305 0.0582989 675 374 760 487
1204062305 0.0569959 0 130 45 186
1204062305 0.0565859 40 152 86 209
1204062305 0.0552215 453 600 499 662
1204062305 0.0526123 154 579 270 731
1204062305 0.0510599 332 323 374 376
1204062305 0.0490113 221 130 304 231
1204062305 0.0489304 400 427 471 519
1204062305 0.0486761 636 558 677 617
1204062305 0.0470449 326 398 414 504
1204062305 0.0447631 368 136 424 206
1204062305 0.0444009 730 254 788 327
1204062305 0.0443861 188 382 264 473
1204062305 0.0415912 371 296 431 367
1204062305 0.0414349 -1 185 50 258
1204062305 0.040908 754 93 821 174
1204062305 0.0385602 495 597 609 739
1204062305 0.0352086 935 423 1002 499
1204062305 0.0350142 444 419 543 550
1204062305 0.0341892 299 392 380 488
1204062305 0.0341547 172 357 242 439
1204062305 0.0340775 963 351 1023 428
1204062305 0.0335589 758 609 842 706
1204062305 0.0318391 195 517 269 617
1204062305 0.0286476 65 270 125 347
1204062305 0.0284133 164 -9 215 54
1204062305 0.0272333 339 356 408 434
1204062305 0.0268986 739 679 790 749
1204062305 0.0253931 528 699 579 767
1204062305 0.0251685 543 -26 676 153
1204062305 0.0244429 27 52 95 134
1204062305 0.0242696 733 354 821 458
1204062305 0.023922 761 361 848 463
1204062305 0.0229415 161 122 219 195
1204062305 0.0222994 148 61 195 124
1204062305 0.0217622 458 576 503 644
1204062305 0.0217416 613 435 666 500
1204062305 0.0209782 852 364 927 452
1204062305 0.0208778 126 295 194 377
1204062305 0.0205652 859 -37 1031 185
1204062305 0.0199997 732 230 790 303
1204062305 0.0198075 824 366 902 461
1204062305 0.0186835 883 502 1008 656
1204062305 0.018311 623 139 683 220
1204062305 0.0173506 310 486 385 585
1204062305 0.015688 805 57 861 130
1204062305 0.0156705 598 264 690 397
1204062305 0.0153827 472 77 536 156
1204062305 0.0151574 488 -22 588 93
1204062305 0.0149541 960 465 1021 540
1204062305 0.0147827 418 126 483 204
1204062305 0.0147783 449 75 513 153
1204062305 0.0145423 894 378 969 467
1204062305 0.0141937 40 678 103 759
1204062305 0.0139933 621 104 679 181
1204062305 0.0135082 212 -14 280 75
1204062305 0.0133938 386 67 451 147
1204062305 0.0132366 834 36 887 105
1204062305 0.0130732 -4 540 66 640
1204062305 0.0126536 973 151 1025 219
1204062305 0.0126495 88 262 156 351
1204062305 0.0123274 639 488 694 562
1204062305 0.0121802 690 33 751 112
1204062305 0.0121216 325 560 442 704
1204062305 0.0120554 320 -3 422 128
1204062305 0.0119745 260 382 340 478
1204062305 0.0118991 125 192 182 263
1204062305 0.0118846 171 32 226 104
1204062305 0.0115203 734 170 792 246
1204062305 0.0113113 856 140 948 261
1204062305 0.0112837 651 518 706 589
1204062305 0.0108942 671 419 755 519
1204062305 0.0108891 248 553 319 659
1204062305 0.010795 935 598 1026 722
1204062305 0.010608 808 527 962 702
1204062305 0.0103971 601 634 671 727
1204062305 0.010185 152 506 238 622
1204062305 0.0101571 318 183 403 282
1204062305 0.010141 393 307 454 394
1224897301 0.999909 61 20 348 458
1224897301 0.0287709 17 58 109 183
1224897301 0.0252461 50 435 92 486
1224897301 0.0237016 21 349 75 422
1224897301 0.0179426 20 276 77 350
1224897301 0.0177963 19 387 71 456
1224897301 0.017632 23 -21 133 120
1224897301 0.0105048 33 244 88 315
