rain/rain_00003
87
229 329 59 71 0.985503
318 292 23 28 0.962864
936 241 38 42 0.902114
838 326 47 55 0.870852
422 183 44 54 0.690279
244 495 27 32 0.664285
189 70 17 24 0.661958
861 150 26 32 0.654844
245 761 29 35 0.498087
890 633 23 27 0.493453
139 38 27 32 0.472366
474 249 36 38 0.462888
208 462 28 32 0.422698
285 9 21 25 0.404077
482 532 32 40 0.382439
1002 224 20 25 0.376975
417 234 17 22 0.37126
207 476 26 32 0.359048
871 730 20 25 0.350962
489 237 30 33 0.350621
950 359 24 33 0.333427
466 965 40 51 0.315375
214 779 33 40 0.312144
928 993 23 30 0.311411
275 457 91 107 0.311154
858 321 55 63 0.308462
347 386 33 37 0.303001
875 760 29 38 0.298559
402 181 18 26 0.294271
904 207 21 29 0.287098
512 285 45 56 0.286884
220 138 22 25 0.285258
895 233 30 44 0.276714
518 74 38 47 0.266285
504 114 34 44 0.264526
443 746 32 38 0.255581
489 283 29 37 0.25518
407 91 36 51 0.25038
850 1036 27 36 0.248874
156 126 27 31 0.247684
452 1082 26 34 0.244961
334 11 67 85 0.22626
318 70 18 24 0.218903
8 307 29 32 0.217387
864 220 37 43 0.207949
988 362 24 32 0.201403
953 539 25 27 0.200719
96 429 25 27 0.199687
56 787 24 26 0.190657
916 306 19 25 0.187073
145 191 32 36 0.18569
973 214 36 47 0.183575
330 209 78 96 0.168942
236 742 26 33 0.168837
333 391 28 33 0.159027
536 0 16 23 0.158454
926 264 24 30 0.156757
317 315 33 45 0.156116
415 59 24 29 0.14996
963 540 26 28 0.146686
690 51 22 28 0.146516
480 83 19 24 0.145544
235 443 21 26 0.145123
529 213 221 273 0.144226
148 307 27 30 0.14095
263 1098 23 27 0.139143
327 673 47 58 0.137325
175 441 34 38 0.136764
96 950 26 32 0.135588
54 122 30 36 0.134952
17 247 22 27 0.133633
256 506 40 44 0.130154
889 690 45 49 0.129672
265 796 21 25 0.127701
179 1065 22 25 0.123627
498 391 30 34 0.122648
207 537 29 34 0.118483
478 172 22 25 0.118441
915 1091 23 28 0.115767
208 633 25 30 0.110448
207 747 34 41 0.109762
431 70 24 31 0.107626
499 581 21 26 0.104263
370 1110 25 31 0.101711
540 35 36 43 0.101094
350 556 22 29 0.100944
188 825 22 25 0.100679
