rain/rain_00986
58
663 262 47 59 0.999964
331 142 45 61 0.999908
721 125 32 36 0.828944
697 506 26 33 0.8005
117 410 36 43 0.791953
593 443 35 40 0.777345
28 425 35 42 0.756234
715 674 22 31 0.648004
621 113 40 45 0.62293
360 562 30 37 0.575978
895 650 30 33 0.556147
329 599 20 23 0.542299
361 69 23 29 0.52821
686 120 42 47 0.528184
95 413 42 46 0.49197
893 202 53 60 0.482153
739 379 37 44 0.460285
478 359 25 27 0.456253
311 25 25 28 0.433964
447 38 32 38 0.414153
338 734 26 31 0.386044
704 475 25 34 0.383073
300 729 25 30 0.332111
319 404 33 41 0.318267
370 264 54 68 0.312199
718 577 23 33 0.307599
851 200 60 67 0.295808
235 320 37 38 0.2865
623 666 48 59 0.276667
296 757 26 30 0.258619
327 277 28 34 0.249773
173 401 39 46 0.233922
639 481 30 38 0.211727
280 675 31 37 0.200804
274 381 44 51 0.197951
157 405 40 46 0.197516
886 164 30 36 0.196312
272 140 63 89 0.189625
734 345 26 32 0.187744
716 565 24 31 0.184807
80 414 41 46 0.184751
295 50 26 32 0.179972
315 494 34 44 0.176827
472 78 37 41 0.157176
276 725 27 33 0.155842
169 301 32 40 0.155339
724 207 25 28 0.154518
341 103 46 50 0.147214
749 164 28 32 0.145095
229 454 24 27 0.119819
351 502 21 25 0.11977
351 714 23 26 0.118132
400 387 33 42 0.112163
933 63 40 46 0.11092
964 68 40 43 0.108374
42 418 45 50 0.105174
566 350 73 82 0.103101
311 46 40 43 0.100861
