rain/rain_00992
41
552 218 23 27 1
472 193 24 31 0.999998
920 217 17 21 0.999913
597 214 15 17 0.999846
615 308 23 35 0.942589
544 326 28 36 0.777535
571 364 30 44 0.653008
791 439 41 48 0.609555
808 154 118 149 0.604802
453 252 27 35 0.586047
560 327 24 28 0.507298
977 297 41 52 0.467591
463 217 37 45 0.438972
691 121 27 35 0.405048
760 10 51 50 0.346806
892 455 21 26 0.313622
807 591 25 32 0.30761
997 350 22 34 0.302938
760 30 88 95 0.242387
731 124 27 43 0.23635
916 155 61 74 0.235736
381 374 26 35 0.215512
765 297 41 45 0.212187
743 212 32 43 0.193287
847 600 16 22 0.191454
708 508 47 61 0.169892
362 265 26 34 0.168444
29 40 22 30 0.167999
395 240 30 39 0.159906
945 211 30 39 0.154435
872 439 22 30 0.153705
381 197 13 18 0.149713
550 411 20 27 0.141444
19 633 23 29 0.127723
590 307 36 52 0.121485
504 227 17 26 0.116169
606 280 23 25 0.109698
812 553 30 38 0.10785
401 448 27 30 0.105366
384 434 25 33 0.1049
879 504 17 24 0.101594
