rain/rain_00936
29
447 247 61 75 0.99998
402 346 29 45 0.612267
549 355 42 50 0.484047
343 348 60 73 0.437514
572 393 24 32 0.369155
3 237 24 31 0.302414
141 129 67 77 0.295882
496 284 31 44 0.289747
380 415 27 31 0.289182
412 496 40 52 0.288274
140 216 89 110 0.275138
489 557 25 35 0.270676
426 555 25 32 0.24934
832 150 26 35 0.243293
414 642 23 26 0.235569
520 375 31 40 0.219762
205 338 32 40 0.213104
414 675 22 29 0.205793
207 98 91 97 0.193685
396 379 25 34 0.181892
243 85 99 112 0.181337
793 496 27 31 0.160979
661 580 26 28 0.144153
779 143 21 30 0.138101
677 85 109 131 0.133203
260 439 21 27 0.129479
5 332 45 54 0.12852
569 87 104 138 0.127777
102 630 25 29 0.102742
