rain/rain_00951
218
500 559 55 77 0.999972
334 561 49 59 0.999726
309 630 25 29 0.963892
125 690 30 33 0.90939
372 938 23 36 0.905939
90 1077 32 37 0.793247
57 446 30 33 0.780924
350 628 26 27 0.7787
218 669 66 88 0.777346
43 606 29 33 0.741903
177 692 43 49 0.721619
1001 1103 21 23 0.714994
113 460 40 53 0.699882
495 358 29 39 0.699036
278 469 37 56 0.689072
780 1147 19 26 0.671031
872 1225 30 31 0.669372
850 1092 42 50 0.665276
298 392 21 27 0.664372
839 730 36 45 0.654808
588 597 43 50 0.606388
848 419 90 128 0.605973
361 619 24 31 0.589026
115 828 20 24 0.579686
16 603 25 34 0.568009
504 363 38 50 0.557314
21 938 51 55 0.553202
88 277 22 24 0.544237
196 426 23 24 0.520294
142 544 31 36 0.514829
294 725 20 27 0.514335
568 280 30 29 0.494398
634 319 39 48 0.493968
92 130 30 41 0.493882
690 1162 33 38 0.492026
899 1208 53 62 0.491435
141 1078 33 38 0.486773
776 1021 21 24 0.4851
50 318 51 57 0.475754
157 436 39 42 0.475051
115 729 23 30 0.463402
302 1241 26 32 0.459545
449 892 16 21 0.453128
963 224 38 45 0.442102
462 77 51 61 0.434126
776 1236 22 28 0.431647
854 717 29 32 0.422164
624 759 29 39 0.420728
378 1094 39 67 0.418888
521 342 28 36 0.413594
870 1370 29 40 0.405624
284 537 19 23 0.402022
264 922 69 75 0.39487
621 750 23 40 0.388398
27 453 26 31 0.385253
348 622 21 24 0.384009
261 385 41 47 0.381701
307 1228 27 31 0.380228
369 771 20 25 0.379513
166 768 40 46 0.37889
843 1064 28 33 0.377712
742 1391 52 61 0.37511
879 1284 24 29 0.374861
416 397 69 91 0.360278
39 184 48 59 0.356362
981 1096 22 24 0.354461
611 306 22 27 0.347216
786 1367 27 33 0.343388
267 800 17 21 0.34115
126 962 100 112 0.340723
890 291 25 33 0.334424
919 64 75 99 0.331461
249 464 30 35 0.330074
644 1212 18 21 0.319732
657 693 44 56 0.318711
502 306 23 26 0.315748
916 1334 22 26 0.315629
260 746 34 39 0.314964
1 -4 19 24 0.311704
672 721 66 86 0.305816
677 608 18 22 0.297598
795 1494 24 41 0.29704
611 745 23 38 0.296651
965 579 38 45 0.295814
237 959 30 34 0.294665
719 1160 34 40 0.291837
671 639 29 45 0.28933
188 749 32 36 0.282674
778 1189 18 24 0.280152
220 564 105 131 0.279049
745 492 31 34 0.272752
784 367 23 25 0.27079
646 1016 50 54 0.270395
231 465 33 36 0.268529
56 609 24 29 0.261666
820 571 18 21 0.261648
204 213 29 34 0.259525
380 1147 26 39 0.258232
160 791 18 23 0.250271
118 894 24 26 0.248001
197 935 47 51 0.243369
907 850 30 46 0.242271
263 541 27 33 0.235412
298 850 26 29 0.232737
158 948 30 36 0.231555
570 174 27 30 0.23019
897 1354 74 90 0.229891
766 367 21 21 0.229535
870 374 45 55 0.219474
638 1118 29 32 0.21653
973 1249 25 29 0.216208
796 1287 33 39 0.213514
573 1055 26 29 0.209912
636 553 29 29 0.209808
313 4 29 31 0.209732
254 818 13 15 0.209018
911 827 30 52 0.208191
322 1327 17 20 0.207268
243 247 29 31 0.206467
888 321 28 35 0.201903
762 1092 35 44 0.201715
204 787 24 31 0.201175
759 1461 26 29 0.201168
917 1081 28 33 0.199394
189 1216 24 28 0.198098
63 615 27 32 0.196839
151 1075 34 39 0.196334
955 1094 31 36 0.192801
910 1249 30 44 0.190699
889 1499 27 35 0.189198
94 278 27 31 0.188073
672 396 47 60 0.187905
205 684 38 51 0.187678
-4 16 28 39 0.185595
862 361 29 29 0.185143
420 1317 17 20 0.184618
971 252 28 32 0.181041
926 1168 22 25 0.179644
802 669 23 37 0.177567
720 589 93 118 0.176436
215 496 26 32 0.175546
209 133 27 34 0.174194
638 1386 20 23 0.172069
501 237 24 33 0.171507
299 1044 50 59 0.170818
726 419 32 44 0.170445
774 1158 24 31 0.170203
967 747 22 25 0.168912
163 821 16 21 0.16775
488 306 22 27 0.16546
180 806 26 37 0.165062
672 497 74 84 0.162208
183 928 40 42 0.161794
198 651 35 52 0.160999
480 1207 25 32 0.158902
640 724 30 39 0.158751
192 411 25 32 0.157785
482 1186 21 25 0.1555
69 466 25 35 0.151613
47 244 22 31 0.151245
795 1119 37 48 0.150946
417 1190 19 24 0.150112
654 1169 16 20 0.148575
163 1016 70 81 0.147971
197 798 45 58 0.146997
907 1436 20 25 0.142754
434 1092 74 85 0.14245
924 1206 54 66 0.139133
587 251 27 31 0.138539
661 357 29 32 0.138222
849 1069 40 43 0.137951
472 1169 28 31 0.13784
691 623 32 36 0.136665
791 909 37 38 0.136216
166 272 24 27 0.135097
498 1172 23 29 0.134727
872 1405 28 33 0.134206
159 466 63 76 0.133709
795 1255 32 38 0.133525
164 902 18 25 0.133468
759 1203 29 38 0.13218
530 1252 32 43 0.131575
637 1159 27 32 0.131572
760 1152 22 27 0.130808
631 231 38 43 0.129622
890 1337 25 29 0.127453
718 1367 32 37 0.125334
465 238 29 42 0.125052
243 120 46 57 0.124818
617 1087 19 23 0.124031
414 626 20 27 0.123735
366 934 21 36 0.122884
66 360 28 32 0.122129
462 961 20 26 0.121652
0 446 30 36 0.119532
200 276 31 34 0.119463
493 1346 23 28 0.119117
106 907 23 28 0.118772
108 933 24 29 0.117493
892 1304 23 24 0.117399
759 1125 22 31 0.11691
135 773 23 33 0.115904
610 320 31 34 0.113235
236 926 24 27 0.11287
181 797 22 26 0.112818
181 884 20 27 0.110048
520 629 24 27 0.110028
218 258 32 38 0.109541
221 468 31 33 0.10952
289 893 37 38 0.109069
488 697 25 28 0.10783
918 1344 22 27 0.106618
388 327 98 119 0.105833
844 397 46 73 0.101934
157 694 47 50 0.10159
375 552 22 25 0.100893
866 1479 40 52 0.100252
117 745 32 46 0.100149
