rain/rain_00904
21
667 877 51 54 0.780803
629 572 77 84 0.731713
583 711 55 56 0.695148
581 888 32 38 0.489146
689 671 35 40 0.46236
675 988 28 35 0.447188
700 614 37 46 0.388214
565 969 28 35 0.355762
584 1016 34 44 0.338256
582 942 29 36 0.324554
606 882 37 41 0.284113
693 604 35 51 0.227888
625 880 36 40 0.218805
709 896 17 21 0.202956
615 911 30 39 0.178756
630 1093 61 87 0.139062
625 639 78 94 0.132155
607 1177 34 42 0.127551
696 924 31 36 0.107615
597 1131 26 33 0.107094
633 983 29 35 0.102601
