rain/rain_00938
31
807 281 19 23 0.999998
933 298 20 26 0.898715
19 421 26 32 0.778541
814 446 23 29 0.764491
600 309 14 21 0.752361
455 277 21 28 0.718167
782 341 21 25 0.59736
918 353 25 39 0.375584
631 539 26 30 0.317263
788 393 38 57 0.283909
799 297 25 33 0.248749
257 318 24 28 0.240218
245 318 25 29 0.229344
479 388 17 26 0.192907
481 344 31 42 0.190655
132 490 30 37 0.186835
567 347 25 34 0.182218
448 278 21 27 0.1579
45 423 19 21 0.136823
20 494 25 30 0.134179
67 365 35 42 0.129338
493 404 50 72 0.128269
62 416 35 38 0.126389
464 420 39 52 0.122604
636 411 21 27 0.121462
593 307 15 22 0.114889
106 331 21 23 0.114169
88 391 23 31 0.111152
60 495 25 31 0.105573
583 525 19 29 0.101732
618 494 19 25 0.10103
