rain/rain_00930
49
526 219 28 30 0.760022
549 109 50 55 0.69192
844 38 38 46 0.690061
736 281 17 21 0.656888
613 120 30 37 0.625153
87 583 34 40 0.582042
723 278 22 27 0.576581
506 338 17 21 0.506098
470 115 26 33 0.490044
833 272 21 30 0.488257
948 123 38 44 0.469843
371 83 28 36 0.443963
784 67 23 28 0.425496
896 280 26 32 0.415357
687 65 24 27 0.389994
123 70 22 30 0.383368
551 223 19 23 0.35924
818 93 23 27 0.341232
6 232 33 38 0.316292
797 41 30 34 0.299829
504 217 41 42 0.271734
46 233 25 29 0.267319
839 81 23 25 0.258238
625 115 28 32 0.245608
496 221 17 18 0.24369
988 322 26 29 0.242416
836 48 35 43 0.231518
38 115 26 34 0.220347
210 235 24 28 0.21538
842 104 29 34 0.210624
474 43 18 21 0.206663
891 31 21 27 0.205432
559 20 28 34 0.187443
785 288 27 32 0.184474
93 251 18 22 0.183692
394 124 33 41 0.180032
315 253 26 34 0.17509
851 90 19 22 0.17222
952 658 54 60 0.170716
997 199 22 29 0.166745
4 594 29 32 0.156434
715 228 39 48 0.149642
614 61 22 23 0.149532
67 292 27 33 0.129141
119 201 25 30 0.125195
934 27 27 32 0.118456
271 61 28 31 0.117265
809 37 26 30 0.117195
544 220 20 23 0.103421
