rain/rain_00913
83
464 288 37 38 0.72787
424 297 27 36 0.700332
885 172 24 28 0.671523
904 64 14 18 0.641801
560 211 19 22 0.608627
589 120 24 30 0.587087
566 123 24 30 0.543433
613 194 58 72 0.522212
397 192 33 38 0.503522
472 356 47 72 0.491752
347 379 30 38 0.457727
259 522 32 38 0.399522
427 237 25 30 0.379528
617 60 38 47 0.377579
940 225 16 20 0.367999
353 339 37 47 0.366888
327 135 20 26 0.343192
304 597 26 28 0.325329
939 565 28 34 0.317558
947 155 23 29 0.313823
483 121 11 15 0.31024
677 513 30 35 0.304976
785 163 29 34 0.298779
362 98 19 22 0.289053
505 451 25 36 0.280565
690 21 24 28 0.270827
891 144 22 28 0.270322
742 356 20 30 0.268291
584 218 23 28 0.261474
930 181 26 34 0.254333
347 322 25 34 0.250612
778 288 37 55 0.249477
372 436 20 26 0.246354
100 502 29 32 0.240519
912 240 20 22 0.237519
336 395 36 41 0.236714
362 62 24 29 0.227168
792 57 42 56 0.216007
967 192 26 32 0.211812
919 510 20 23 0.209904
824 156 22 27 0.204787
868 369 46 53 0.203358
649 180 20 25 0.202578
609 138 24 27 0.19812
687 259 32 38 0.195606
537 133 69 84 0.189905
333 427 24 31 0.189746
323 179 20 25 0.185601
367 301 22 27 0.173464
891 160 22 24 0.1647
240 533 19 23 0.161112
355 117 19 24 0.158703
701 132 41 46 0.157794
927 278 19 21 0.156151
445 330 16 21 0.153753
12 152 22 29 0.151974
925 562 27 29 0.150128
156 407 21 24 0.148952
163 155 34 41 0.147393
358 274 23 33 0.146559
842 269 27 32 0.144339
822 279 27 29 0.142933
772 353 24 33 0.136884
751 387 22 24 0.13493
864 173 25 29 0.134897
451 282 33 35 0.129647
384 307 30 39 0.128578
717 17 19 24 0.123695
660 638 31 32 0.121771
136 598 28 30 0.121596
952 205 24 29 0.117837
947 203 17 24 0.114997
508 96 28 38 0.113327
851 135 33 41 0.113105
397 148 38 47 0.111792
239 165 19 23 0.11126
481 183 20 27 0.109363
712 209 35 41 0.108879
535 445 25 30 0.107254
572 241 36 44 0.106016
932 133 27 33 0.104134
465 320 38 50 0.102716
286 122 25 28 0.100285
