rain/rain_00908
79
283 169 40 47 0.991796
986 291 25 27 0.966456
468 233 47 57 0.920158
350 33 19 22 0.907503
883 16 21 23 0.818937
968 219 26 33 0.72858
716 274 36 48 0.66215
315 197 36 54 0.646208
780 331 43 47 0.584169
436 244 26 34 0.547226
359 20 18 24 0.512214
752 200 30 36 0.501362
12 350 30 34 0.468657
694 263 22 28 0.451964
986 456 22 21 0.426927
357 256 21 31 0.426525
237 189 35 44 0.414286
164 168 41 51 0.391214
504 186 31 35 0.349424
553 317 40 44 0.348387
928 118 26 29 0.343577
135 478 17 18 0.336606
346 365 30 35 0.327744
211 148 23 30 0.319986
576 352 28 34 0.303301
311 460 27 33 0.296411
712 465 19 22 0.29395
786 42 18 20 0.287938
100 125 16 23 0.275088
736 77 22 25 0.269992
203 127 18 25 0.269633
496 349 32 33 0.264923
972 292 23 27 0.235312
577 466 18 19 0.22247
562 -1 19 22 0.220297
509 334 35 36 0.215337
48 49 19 27 0.207126
472 274 22 29 0.206051
742 202 27 33 0.205985
420 10 21 25 0.202725
320 1 27 32 0.198584
818 186 25 31 0.195368
922 283 23 26 0.195126
789 202 25 30 0.191177
299 538 36 42 0.18751
468 469 34 40 0.184473
354 469 26 29 0.182499
134 154 18 24 0.179023
106 57 19 25 0.175586
487 30 18 22 0.162353
603 236 42 49 0.162106
24 29 20 25 0.161404
97 198 23 27 0.156164
928 258 27 29 0.155841
498 196 29 34 0.154473
529 156 39 43 0.152368
185 53 21 26 0.152058
694 18 25 26 0.151345
819 223 23 28 0.149113
45 316 25 29 0.144234
490 333 27 27 0.144031
161 145 47 58 0.143294
579 181 24 30 0.142935
786 6 23 26 0.139179
986 162 34 42 0.118528
113 140 22 29 0.117026
240 462 23 25 0.115526
809 258 38 50 0.115252
283 77 19 23 0.11486
205 475 54 73 0.114445
414 28 21 34 0.111769
755 87 21 29 0.109977
946 291 23 25 0.106854
178 92 28 36 0.105591
402 406 37 39 0.103532
697 240 39 43 0.103485
341 209 17 27 0.102771
993 462 25 26 0.101693
246 60 23 26 0.100055
