rain/rain_00115
284
517 153 298 358 0.999999
419 252 29 42 0.959348
692 599 17 23 0.876977
92 715 37 44 0.789862
148 741 26 31 0.77709
493 -5 85 99 0.758664
839 656 20 23 0.70775
193 676 29 37 0.705423
610 97 27 32 0.6652
96 149 19 26 0.659255
959 517 35 38 0.652227
675 558 25 31 0.605581
463 202 29 39 0.585462
135 0 27 40 0.580866
650 649 19 25 0.56728
814 188 20 30 0.553774
762 711 28 41 0.547303
176 280 28 41 0.539782
36 584 40 48 0.524845
732 140 23 39 0.523123
473 348 24 31 0.502701
545 45 75 91 0.501169
585 794 21 26 0.498967
95 64 43 57 0.486825
189 276 26 37 0.486786
453 308 27 34 0.477155
269 159 23 36 0.475052
89 96 30 42 0.46994
858 689 22 28 0.468785
875 797 21 25 0.455503
902 762 21 28 0.454854
775 138 21 33 0.454174
143 584 56 75 0.45079
529 509 32 38 0.442434
471 307 40 54 0.442027
711 572 25 34 0.439665
884 289 49 49 0.439428
202 705 19 23 0.435516
122 217 30 35 0.433675
895 636 47 55 0.430031
357 4 41 49 0.429775
233 754 28 39 0.426408
505 263 33 46 0.419629
448 598 20 28 0.417086
205 332 26 36 0.416994
145 790 20 24 0.405909
812 791 30 34 0.402731
847 673 18 21 0.401422
488 589 19 22 0.388577
787 309 84 100 0.386807
864 499 22 29 0.385336
885 702 31 33 0.378999
952 337 30 44 0.378359
29 324 24 36 0.376378
876 271 26 36 0.369845
395 192 29 39 0.366799
120 696 37 48 0.36035
475 28 29 35 0.352968
343 705 22 28 0.352078
338 251 35 44 0.351559
40 181 31 45 0.350908
510 104 26 34 0.350565
16 342 32 41 0.350159
811 231 48 72 0.350026
639 68 19 20 0.347325
558 701 21 29 0.330189
105 173 26 31 0.32925
202 592 23 29 0.329077
588 731 19 29 0.326094
240 702 24 29 0.325784
611 684 27 34 0.323085
717 699 27 34 0.321561
187 317 24 34 0.31641
930 757 18 22 0.31604
274 722 22 27 0.311204
944 794 24 29 0.309273
242 325 28 41 0.306208
864 173 16 25 0.303391
172 750 36 41 0.303125
857 233 21 31 0.301363
991 450 34 43 0.298689
126 758 37 43 0.298575
21 88 27 35 0.292887
407 29 34 46 0.291762
31 145 41 54 0.282566
945 395 44 53 0.281512
445 570 25 31 0.276578
492 155 30 39 0.275728
160 304 23 31 0.272492
761 769 24 29 0.270776
0 98 26 36 0.270243
341 26 50 67 0.269845
555 725 19 25 0.269475
474 525 28 30 0.267127
15 780 42 52 0.262361
496 260 34 43 0.260637
759 548 35 41 0.258534
314 215 20 26 0.256773
339 450 28 36 0.256584
514 575 18 24 0.256178
751 1 17 24 0.251342
967 268 40 57 0.242832
257 777 26 32 0.23927
610 653 24 32 0.238604
333 -3 22 26 0.236381
219 538 26 35 0.234682
66 17 24 27 0.233709
719 126 21 31 0.232156
128 151 23 32 0.232107
649 596 38 51 0.231951
409 68 34 46 0.231778
412 305 40 63 0.2284
857 189 15 19 0.226587
5 626 22 32 0.225944
618 87 14 17 0.225416
432 240 48 66 0.22464
876 725 25 30 0.220153
404 623 28 35 0.219729
647 798 20 24 0.219669
470 99 28 32 0.215968
952 536 32 42 0.21551
979 158 17 25 0.213918
454 600 25 36 0.213434
350 404 47 64 0.21325
965 246 16 22 0.212858
251 734 31 41 0.210853
694 655 19 27 0.210338
270 50 35 41 0.205998
904 198 16 22 0.205972
635 728 21 27 0.203076
716 754 23 28 0.202204
726 565 97 116 0.20114
86 72 23 31 0.200301
861 788 26 34 0.200111
936 641 25 33 0.199049
930 788 29 38 0.199036
211 772 24 32 0.198222
618 10 25 30 0.196638
441 49 35 47 0.195075
634 95 28 35 0.192013
862 284 31 37 0.19137
14 74 23 31 0.191247
447 549 24 31 0.191027
620 767 27 33 0.190641
914 727 25 31 0.190367
907 627 14 18 0.190098
102 284 65 81 0.189219
558 545 19 25 0.188189
367 167 28 34 0.188139
60 133 19 27 0.188077
502 127 23 27 0.186893
804 150 30 45 0.186697
422 184 26 34 0.186274
467 362 32 43 0.184288
549 653 21 27 0.182952
966 737 20 24 0.181913
182 690 22 24 0.181027
533 739 28 39 0.180248
590 617 21 28 0.180056
175 781 25 31 0.17927
57 188 25 30 0.176806
370 727 33 42 0.176627
983 663 23 31 0.176444
973 321 39 47 0.173989
600 739 18 24 0.173132
376 626 30 40 0.172505
338 529 30 38 0.172194
40 299 23 32 0.171429
355 796 22 28 0.170335
176 372 23 33 0.169512
134 92 23 30 0.168455
442 340 22 31 0.168372
809 207 31 42 0.167974
422 641 23 33 0.167794
222 401 33 52 0.167466
486 269 34 43 0.166796
109 220 34 45 0.166475
538 675 20 27 0.165915
716 773 17 21 0.165719
113 247 20 28 0.165061
330 797 24 31 0.1645
341 747 30 41 0.164409
804 671 18 23 0.162923
122 61 25 31 0.162922
845 504 33 47 0.162044
791 756 25 31 0.161759
745 69 22 24 0.161039
368 663 22 34 0.160359
830 549 22 28 0.158191
87 49 25 32 0.157166
508 518 16 20 0.157027
256 217 18 25 0.157006
774 677 19 27 0.156962
193 739 25 34 0.156675
208 643 21 27 0.156169
620 758 21 24 0.155296
30 99 21 29 0.153517
911 205 26 34 0.153047
893 682 44 51 0.151449
159 180 29 38 0.150608
63 290 19 26 0.150547
309 725 23 30 0.149353
504 678 21 30 0.149157
832 227 40 58 0.149082
415 40 31 41 0.148758
707 570 17 22 0.148424
955 796 25 31 0.147268
192 783 23 27 0.146315
202 370 26 32 0.146042
292 254 54 66 0.144813
202 125 22 30 0.143447
718 535 35 43 0.143315
1 140 29 43 0.143153
443 483 25 32 0.14019
460 522 26 33 0.138338
817 552 20 24 0.138332
316 412 32 44 0.136906
37 527 17 25 0.135348
991 646 29 39 0.135106
673 723 14 21 0.135043
951 711 25 31 0.1349
835 399 55 66 0.134573
241 59 21 28 0.134172
670 665 22 29 0.132439
315 720 24 27 0.132423
215 77 23 31 0.132076
51 237 21 26 0.132009
985 707 15 19 0.130744
794 731 22 27 0.13015
234 278 37 51 0.127377
934 404 46 57 0.126784
645 93 25 35 0.126038
438 80 23 31 0.125672
161 68 17 22 0.125127
28 583 18 25 0.124018
917 465 24 30 0.123406
50 547 45 53 0.12288
652 671 21 29 0.121666
920 292 30 37 0.121333
492 520 22 24 0.121138
944 778 17 22 0.120855
428 627 30 35 0.120298
873 253 21 31 0.119397
203 760 23 28 0.119163
24 489 26 32 0.118578
870 494 25 31 0.118501
152 122 27 34 0.118285
448 407 42 55 0.118078
228 618 25 31 0.11798
713 693 27 33 0.117676
241 363 30 46 0.117223
736 665 24 30 0.11584
853 538 15 21 0.115713
196 142 25 34 0.115634
29 413 44 51 0.11563
587 687 17 22 0.114963
885 744 16 20 0.114233
344 725 24 30 0.11377
855 759 20 24 0.113695
436 581 20 25 0.112321
446 145 21 27 0.111484
60 242 25 34 0.111071
163 639 33 42 0.110946
47 214 20 26 0.110739
522 686 25 35 0.110545
86 209 20 29 0.109211
657 665 22 32 0.109179
412 520 35 49 0.108846
971 776 29 32 0.107695
89 665 25 33 0.107602
640 747 25 30 0.10656
662 85 25 35 0.106515
374 659 24 35 0.104868
932 768 19 27 0.104359
293 167 41 47 0.104173
321 71 35 52 0.103372
185 706 27 35 0.103219
62 213 20 27 0.103184
879 655 25 38 0.101249
78 521 34 44 0.100701
564 782 21 27 0.100681
509 94 25 33 0.100638
51 647 24 30 0.100635
954 667 20 24 0.100351
