rain/rain_00989
68
663 343 33 37 0.998753
513 347 33 40 0.984718
584 350 27 31 0.979204
763 341 32 32 0.946581
233 379 21 26 0.882941
522 306 28 32 0.837793
729 382 23 28 0.780019
682 339 26 36 0.777049
219 385 20 26 0.730679
181 421 21 25 0.697567
590 373 26 31 0.658204
206 508 47 53 0.619447
422 339 33 42 0.536867
436 384 40 47 0.510754
322 506 28 36 0.507789
701 359 26 30 0.468022
897 446 15 19 0.434461
643 223 47 53 0.414516
546 347 25 35 0.342216
827 454 30 38 0.295059
200 437 17 22 0.291085
285 408 23 28 0.288172
596 175 25 34 0.272843
909 447 24 30 0.271551
965 451 27 37 0.269151
552 321 20 26 0.265408
293 276 39 47 0.257983
718 381 26 31 0.238709
30 538 23 30 0.232766
346 383 26 34 0.226436
287 77 15 19 0.224996
483 310 38 54 0.219329
736 325 23 30 0.205772
326 443 29 36 0.202593
141 517 22 26 0.197762
149 531 23 26 0.196775
893 392 31 36 0.196665
242 439 23 26 0.183547
30 479 22 28 0.18115
723 487 22 28 0.18072
873 418 18 22 0.180181
350 262 24 29 0.169961
943 446 17 23 0.167739
503 304 26 33 0.167577
906 399 27 32 0.166559
555 339 23 33 0.163316
599 338 36 47 0.161083
620 369 23 33 0.157022
204 448 19 23 0.156062
282 378 22 26 0.152206
244 415 22 27 0.151681
220 377 18 22 0.146856
601 468 24 31 0.144765
471 313 24 33 0.137225
982 463 19 27 0.130378
49 281 14 20 0.129464
441 445 28 34 0.127265
827 503 25 30 0.123622
197 238 24 32 0.119162
492 347 31 43 0.116755
48 250 23 36 0.110513
989 452 26 32 0.109555
863 449 36 45 0.105823
711 400 32 43 0.105213
291 227 22 28 0.103535
773 296 24 28 0.101633
675 258 36 47 0.101541
160 539 25 33 0.100065
