rain/rain_00905
39
807 234 23 29 0.998084
313 236 11 17 0.705622
806 382 35 48 0.703154
384 239 11 15 0.550947
825 494 26 31 0.515417
799 486 38 43 0.44766
819 385 41 55 0.44422
354 229 13 18 0.395994
132 195 30 35 0.345754
576 232 13 16 0.343556
522 319 30 34 0.298109
100 198 22 28 0.285718
360 349 33 39 0.282408
920 330 35 38 0.250977
172 248 28 38 0.240962
125 470 31 33 0.237705
400 339 23 28 0.218713
501 223 41 52 0.214357
623 556 27 31 0.214276
361 282 29 36 0.213445
68 147 47 54 0.206235
294 394 55 66 0.199911
464 266 29 41 0.19538
445 352 25 28 0.191167
125 605 38 42 0.178196
110 216 28 33 0.171141
221 373 39 39 0.170856
489 341 38 46 0.15416
95 543 34 38 0.147324
34 175 29 37 0.143418
229 578 34 38 0.138399
823 506 22 32 0.132991
475 235 24 29 0.13003
173 317 25 34 0.128868
306 275 18 22 0.12879
465 383 90 101 0.120237
826 417 26 39 0.113027
339 370 28 34 0.109573
136 455 30 32 0.101513
