rain/rain_00968
59
427 81 89 112 0.999086
876 514 36 44 0.694159
421 215 34 43 0.636315
199 417 100 122 0.533027
716 415 117 134 0.529172
480 298 31 39 0.529103
454 307 31 41 0.528594
505 279 23 29 0.516996
849 442 31 42 0.488691
970 488 27 38 0.473057
901 484 78 92 0.46357
835 525 35 45 0.437597
860 355 33 43 0.392263
490 293 30 38 0.38552
476 277 22 27 0.372775
505 297 29 38 0.334869
767 445 96 114 0.322435
667 385 84 108 0.279895
859 62 25 29 0.274035
324 190 20 27 0.269119
394 425 20 25 0.261758
833 383 46 60 0.261634
140 359 86 110 0.258193
467 469 22 28 0.255052
579 405 36 46 0.253393
377 313 32 43 0.251265
806 421 44 50 0.24669
689 261 21 27 0.22837
906 466 24 31 0.219106
467 185 87 97 0.21525
293 298 59 76 0.193297
421 478 25 33 0.187743
13 524 24 32 0.185016
868 19 27 32 0.184937
409 522 23 27 0.166807
655 265 32 39 0.164776
182 521 37 51 0.164732
951 214 44 54 0.150678
41 349 39 48 0.150633
939 98 31 40 0.145857
391 211 32 41 0.143204
912 437 28 37 0.142675
967 222 44 52 0.129571
535 145 32 42 0.129298
679 521 27 34 0.128394
971 155 29 36 0.127661
920 113 19 25 0.123336
642 480 29 37 0.118384
391 355 31 40 0.112404
625 301 57 74 0.11066
564 522 35 47 0.110641
968 116 26 34 0.108739
824 369 34 42 0.107385
274 239 59 73 0.105678
758 307 28 38 0.105356
431 382 23 33 0.103077
545 385 31 42 0.102946
507 372 31 45 0.101962
927 439 26 34 0.100304
