rain/rain_00922
75
506 255 25 28 1
430 247 21 27 0.984953
962 461 19 21 0.949642
4 240 33 40 0.734475
848 257 39 52 0.659429
206 423 15 19 0.593811
121 285 31 39 0.560829
164 436 22 26 0.475792
394 257 68 92 0.473124
347 265 30 38 0.456449
204 163 17 21 0.451102
72 440 29 34 0.437922
188 134 18 24 0.431158
135 128 23 31 0.430764
454 244 27 32 0.422833
429 239 21 25 0.419189
210 83 28 36 0.41606
20 446 21 25 0.408899
755 294 21 32 0.399396
313 574 23 27 0.390724
846 307 29 34 0.387392
341 131 15 21 0.372095
498 500 28 36 0.363098
88 42 20 25 0.352092
293 498 21 26 0.351866
731 252 22 27 0.341556
111 173 28 43 0.32502
535 495 21 26 0.29141
159 97 35 45 0.273434
647 245 44 56 0.266501
630 328 22 30 0.24668
521 351 36 40 0.239016
211 94 29 40 0.229864
453 470 41 55 0.224141
154 214 35 41 0.208626
530 284 22 34 0.20795
77 274 30 41 0.206047
60 455 22 25 0.205143
221 570 21 24 0.204871
111 339 31 39 0.201548
56 322 26 36 0.197761
83 435 32 38 0.189439
115 203 27 39 0.187019
291 472 17 21 0.186642
226 425 26 30 0.183402
68 397 26 35 0.18193
859 208 39 47 0.178099
44 455 24 29 0.170455
352 200 32 32 0.168974
895 420 20 26 0.167078
534 478 24 31 0.155779
465 344 28 40 0.154733
465 250 22 28 0.144646
81 103 19 26 0.129829
736 615 26 32 0.129729
588 304 32 38 0.12873
42 545 41 51 0.128634
562 304 19 23 0.127517
210 109 29 37 0.126946
82 299 24 32 0.126503
138 161 28 37 0.126218
253 514 32 42 0.126144
178 470 25 31 0.124481
699 383 34 41 0.121011
846 576 46 52 0.120792
514 418 24 34 0.120504
203 464 15 21 0.118343
540 407 21 24 0.117537
171 456 20 26 0.117038
141 332 42 54 0.114417
18 131 48 68 0.113087
64 143 25 34 0.107393
565 242 34 35 0.105974
614 384 22 27 0.104141
729 573 23 27 0.101944
