rain/rain_00906
61
622 425 78 98 0.85154
381 418 11 15 0.840267
306 74 21 26 0.814421
301 482 20 21 0.758434
293 88 24 28 0.673868
255 172 29 35 0.58913
318 577 31 35 0.588268
938 501 22 27 0.58585
318 71 20 29 0.570866
273 484 18 19 0.539646
437 544 28 37 0.441673
190 51 32 43 0.406341
965 489 29 37 0.400266
144 23 22 28 0.375824
851 52 34 47 0.373228
908 492 27 33 0.369343
243 459 29 38 0.362971
836 69 24 29 0.338679
437 573 21 30 0.328662
234 406 22 31 0.295848
93 565 35 42 0.293744
824 52 30 34 0.288694
319 98 37 44 0.271896
172 469 28 38 0.267821
670 58 25 33 0.264991
301 522 51 60 0.257234
511 361 22 30 0.256349
365 551 29 35 0.239412
823 504 24 29 0.238152
304 105 26 33 0.237389
292 24 26 32 0.235572
254 547 15 19 0.231055
456 397 20 29 0.216877
142 558 33 38 0.215759
605 547 36 43 0.211585
285 82 18 22 0.210688
273 554 20 28 0.203997
446 407 24 31 0.200455
437 159 23 30 0.195217
127 106 21 25 0.194957
159 59 26 33 0.190301
685 452 30 38 0.168575
800 445 23 32 0.167004
850 80 23 30 0.161938
115 103 24 27 0.158006
62 307 26 30 0.154816
636 230 36 48 0.152064
439 147 23 27 0.151172
549 313 27 32 0.146554
907 51 37 50 0.145082
147 108 25 29 0.143969
610 427 31 36 0.141329
131 55 22 25 0.134313
374 378 25 31 0.1328
349 409 31 43 0.127369
362 458 25 32 0.121619
837 80 27 32 0.104235
807 247 23 28 0.1031
724 114 32 43 0.102543
175 58 34 42 0.101354
311 363 31 37 0.100353
