rain/rain_00972
41
469 61 78 107 0.999994
500 207 78 102 0.95324
461 163 29 50 0.870003
474 590 28 33 0.859351
563 464 87 97 0.646551
708 384 18 23 0.60116
397 497 26 36 0.504801
443 165 16 24 0.434308
456 92 26 37 0.401298
431 569 21 31 0.384853
248 309 23 33 0.381192
354 453 49 66 0.375782
452 253 26 38 0.371682
76 505 26 39 0.324211
612 264 22 32 0.298212
114 395 41 51 0.298128
321 332 22 29 0.289471
470 165 47 82 0.289349
659 494 32 42 0.288081
512 605 22 30 0.271307
569 542 33 44 0.260517
505 500 59 68 0.25304
878 599 29 38 0.250319
272 295 16 20 0.215978
963 520 25 31 0.205732
467 240 16 23 0.190053
702 522 63 72 0.181917
601 571 109 121 0.170971
508 21 18 22 0.169935
837 499 27 32 0.164504
463 40 46 61 0.163516
477 304 15 26 0.162515
687 248 22 28 0.161287
471 260 24 35 0.151522
530 472 49 56 0.138192
429 209 27 32 0.132917
698 247 24 28 0.124938
458 137 20 28 0.123014
485 17 18 22 0.122464
81 469 21 27 0.119277
674 548 23 30 0.106724
