rain/rain_00967
79
364 254 52 72 0.922456
383 318 40 59 0.738333
497 540 25 30 0.69952
720 321 23 28 0.694875
333 267 48 58 0.66712
870 131 22 29 0.652048
794 127 21 27 0.613482
314 295 25 30 0.607372
709 109 37 44 0.604495
526 74 23 28 0.57749
392 288 35 41 0.569812
277 363 30 34 0.53065
553 147 22 27 0.497088
797 504 19 23 0.483256
825 528 32 38 0.482918
836 552 27 33 0.470832
173 401 22 27 0.344522
512 445 22 30 0.337256
957 299 38 48 0.333288
757 288 25 30 0.323443
711 455 21 27 0.317241
458 175 29 36 0.30125
907 547 33 39 0.297977
163 521 72 113 0.288638
860 411 31 39 0.276096
782 403 31 37 0.27532
523 48 34 43 0.27036
978 563 26 32 0.261978
693 199 31 37 0.261921
996 426 24 30 0.259732
54 118 28 33 0.259118
323 236 20 26 0.255963
619 159 35 45 0.25187
560 493 53 60 0.250402
115 446 24 30 0.242007
870 169 28 34 0.236841
193 399 17 26 0.231077
721 441 48 60 0.225375
115 81 32 40 0.21993
736 476 36 45 0.211952
865 498 32 37 0.211674
819 464 31 41 0.203663
78 110 20 26 0.199439
627 90 55 60 0.195859
359 221 58 77 0.192343
946 555 24 30 0.19049
734 522 30 36 0.162145
968 539 26 31 0.158963
961 250 28 34 0.155587
507 44 33 42 0.155517
100 224 28 36 0.154284
277 404 34 45 0.152675
831 124 29 37 0.151439
740 36 23 29 0.150736
979 574 24 31 0.147958
952 576 25 32 0.145584
638 197 40 46 0.1434
333 288 43 56 0.141316
881 464 27 34 0.139288
21 134 25 31 0.138588
121 62 37 48 0.132027
181 435 28 40 0.131875
527 281 37 44 0.128842
408 13 26 32 0.127853
458 534 54 86 0.127686
603 203 53 59 0.125209
983 589 33 38 0.121713
926 36 22 26 0.118024
269 419 31 36 0.117635
979 -3 23 29 0.112811
866 571 21 26 0.112634
629 359 40 49 0.111017
932 401 32 39 0.110909
454 51 37 45 0.107413
825 75 19 24 0.10719
791 506 19 26 0.105145
858 576 23 29 0.103829
551 200 72 90 0.103422
286 382 48 63 0.102046
