rain/rain_00010
126
166 887 29 35 0.94273
250 250 28 35 0.795122
795 901 32 38 0.79002
160 1005 29 34 0.716402
257 1314 33 39 0.671525
27 811 28 36 0.624764
285 1361 20 25 0.606157
867 887 22 26 0.461467
701 296 19 23 0.452919
93 879 21 25 0.442753
593 230 23 28 0.425293
735 281 20 26 0.418234
538 570 24 27 0.402149
805 944 30 35 0.389081
68 1055 19 24 0.376482
851 874 27 30 0.355633
111 1357 22 31 0.35459
817 1035 22 25 0.332745
57 1209 19 24 0.327575
805 1231 23 27 0.322403
757 1009 18 22 0.317124
441 1251 28 35 0.31695
846 971 21 24 0.313112
4 820 24 27 0.311666
832 999 18 24 0.309269
887 913 35 45 0.30636
213 1136 19 23 0.303344
484 1334 26 31 0.301357
656 923 28 35 0.301228
974 782 28 36 0.298545
347 496 44 52 0.280583
613 1328 19 23 0.279122
467 989 33 36 0.276019
560 504 37 44 0.272448
160 1070 28 33 0.267295
814 741 30 38 0.265881
135 167 23 25 0.265176
713 805 17 21 0.249138
753 513 26 35 0.244087
181 1154 28 32 0.2426
845 924 36 44 0.238675
458 1011 35 42 0.237358
406 1367 25 32 0.237094
230 726 27 32 0.233483
270 1084 35 42 0.228787
679 336 24 30 0.226196
921 449 31 47 0.224833
610 1045 22 27 0.223131
822 293 23 29 0.222222
432 1267 31 39 0.221951
313 1040 38 49 0.219775
106 1203 26 33 0.218276
57 1257 15 21 0.218098
868 797 24 31 0.213126
696 946 31 38 0.212922
60 174 22 25 0.209968
83 1214 19 23 0.205192
605 1023 16 22 0.200194
982 -3 33 45 0.199591
438 241 22 28 0.192312
177 405 27 33 0.190735
505 1357 23 28 0.188852
707 1098 24 29 0.18679
598 951 25 32 0.186277
885 906 18 21 0.185744
895 705 19 24 0.185672
367 1233 24 34 0.183138
26 1309 21 29 0.183112
0 1301 19 27 0.182875
674 86 27 34 0.180793
999 999 16 19 0.180173
141 1251 26 30 0.175848
408 709 29 34 0.171133
866 1141 20 23 0.169251
994 622 27 34 0.167249
694 890 31 39 0.16332
19 1271 21 24 0.162556
561 430 30 39 0.162356
517 1274 27 39 0.161216
308 1074 51 65 0.160349
657 1239 31 39 0.159896
381 703 19 26 0.158591
533 76 24 33 0.156172
609 1075 18 22 0.155522
380 517 25 32 0.155017
591 695 43 47 0.15358
46 943 34 44 0.153469
519 1038 32 43 0.152521
616 1358 26 32 0.152502
924 1003 20 29 0.149199
-2 1157 31 41 0.145154
732 616 21 23 0.14392
594 720 31 37 0.140866
196 1186 23 28 0.139315
893 1090 21 28 0.138872
742 161 76 96 0.13826
690 999 26 31 0.136848
516 1224 33 48 0.135907
170 1050 21 26 0.133667
698 775 22 27 0.133242
802 992 23 29 0.131892
598 399 29 39 0.130183
339 139 49 64 0.12907
85 1223 24 30 0.128157
4 952 23 28 0.126833
409 148 23 28 0.126506
672 232 27 33 0.125054
971 686 20 25 0.124665
0 690 18 24 0.122372
873 542 18 23 0.121483
196 176 24 29 0.118894
114 353 19 23 0.117185
190 837 42 56 0.115721
139 635 31 42 0.115424
663 848 25 30 0.11505
643 975 19 22 0.114814
342 447 23 28 0.114545
124 1404 22 27 0.112639
62 1264 23 30 0.108959
391 1180 24 30 0.107911
692 1049 13 16 0.104776
600 1134 25 32 0.1039
628 1362 32 38 0.103584
99 1167 20 25 0.101904
117 1153 29 34 0.101819
578 1313 37 48 0.100252
