rain/rain_00944
40
613 172 56 77 0.999994
384 191 38 63 0.998924
651 575 45 54 0.753147
576 406 60 68 0.69464
366 202 20 26 0.630944
541 547 36 42 0.552107
716 127 25 28 0.512882
718 421 22 26 0.500099
3 530 38 44 0.464931
717 157 18 25 0.452003
335 230 41 52 0.405467
631 120 67 79 0.382695
601 292 19 33 0.382227
610 586 28 31 0.346651
641 540 49 61 0.259292
399 536 23 28 0.241292
806 138 77 85 0.238506
628 582 31 35 0.236542
634 394 14 21 0.229941
592 510 31 38 0.227798
752 202 39 57 0.224835
699 307 17 23 0.223782
686 421 17 19 0.220249
737 559 29 35 0.218689
730 166 16 24 0.212219
706 239 55 63 0.190649
352 522 35 41 0.189931
868 64 43 60 0.188606
399 561 27 34 0.173978
596 356 23 36 0.161157
284 307 20 25 0.158652
282 567 29 35 0.152834
552 522 38 44 0.147431
407 489 25 29 0.142245
272 547 29 38 0.13256
80 498 39 46 0.131212
257 417 17 24 0.128563
865 530 30 36 0.124096
947 551 54 63 0.117989
646 181 34 52 0.102019
