rain/rain_00961
84
464 364 62 97 0.996064
41 196 26 31 0.555164
629 174 46 58 0.484802
930 175 44 55 0.435375
61 214 27 33 0.393109
109 103 29 33 0.391062
136 108 24 28 0.374002
355 141 25 30 0.358871
-1 206 28 34 0.350086
839 103 27 31 0.336798
181 980 41 42 0.336781
56 136 24 29 0.335777
166 905 26 30 0.326583
230 812 25 30 0.325715
980 19 23 29 0.317758
52 61 35 42 0.312309
248 908 27 33 0.310536
772 255 40 48 0.307459
692 235 32 40 0.299381
177 154 26 31 0.295496
607 211 46 55 0.295463
275 190 29 36 0.292691
206 974 26 28 0.290262
289 823 28 34 0.289841
108 697 26 34 0.283724
666 177 35 42 0.283503
524 423 27 36 0.279864
22 158 29 35 0.252863
321 894 23 29 0.248935
296 857 23 31 0.242587
210 744 41 46 0.239917
79 311 22 28 0.235503
475 189 37 45 0.223715
851 235 26 35 0.221789
155 175 27 32 0.218601
996 179 18 23 0.2186
26 146 27 33 0.206578
194 168 23 28 0.197976
182 115 29 33 0.191911
113 154 27 33 0.189452
774 197 31 38 0.188712
218 838 21 26 0.187089
573 1156 19 26 0.186691
718 167 51 63 0.18651
802 177 43 54 0.184596
699 156 25 30 0.18283
700 179 31 37 0.171822
937 254 32 42 0.16775
970 300 26 36 0.167539
224 699 29 32 0.163207
287 871 22 27 0.163195
894 143 28 38 0.159566
343 74 25 28 0.158434
284 98 19 23 0.154376
826 150 38 54 0.149084
139 150 26 32 0.14782
118 853 39 47 0.146801
38 245 30 35 0.145799
429 521 39 50 0.14574
5 33 20 24 0.141768
345 59 20 25 0.137129
335 979 16 24 0.13632
909 180 47 60 0.135279
290 768 26 29 0.13476
333 814 24 25 0.130892
199 794 37 45 0.129315
315 785 22 29 0.127168
867 142 33 42 0.125567
7 962 32 38 0.124149
78 1068 32 38 0.124129
802 497 31 40 0.121468
308 166 25 31 0.120621
342 187 23 27 0.118958
13 247 23 28 0.116915
297 773 30 36 0.113469
23 961 34 42 0.112735
120 138 25 30 0.111043
525 436 26 38 0.110789
547 573 45 54 0.109509
921 318 29 38 0.107572
228 153 25 30 0.10735
865 297 27 35 0.107086
992 145 23 31 0.107012
183 835 35 45 0.100492
