rain/rain_00001
224
478 312 98 140 1
126 191 39 48 0.961843
341 246 35 44 0.94697
857 123 33 39 0.93489
927 88 29 41 0.934394
392 537 35 48 0.930388
160 186 35 41 0.912253
215 218 54 60 0.904907
968 1 36 41 0.849357
510 215 46 53 0.802312
783 4 29 35 0.784661
15 400 35 41 0.77345
942 168 26 32 0.761759
933 65 22 27 0.702217
728 129 81 95 0.699938
790 646 35 43 0.693173
527 162 55 63 0.676545
915 298 35 40 0.658003
391 148 53 63 0.646035
342 138 80 90 0.641145
62 191 57 61 0.640963
807 57 36 46 0.640089
129 468 31 35 0.632459
643 419 22 24 0.626456
511 -1 29 34 0.61161
768 32 34 40 0.61083
954 183 23 29 0.609302
494 161 61 68 0.601105
102 401 50 54 0.60004
882 156 51 64 0.588163
898 14 19 24 0.579667
883 127 30 35 0.579222
709 14 46 57 0.576444
804 607 36 44 0.553339
547 211 54 61 0.538129
255 574 23 25 0.532568
899 75 27 34 0.532566
367 606 34 41 0.527547
997 663 13 15 0.519374
84 222 45 50 0.50954
803 138 25 31 0.502088
187 347 67 71 0.499451
936 204 27 32 0.496398
916 136 32 37 0.484434
566 150 57 62 0.465202
929 78 25 29 0.455961
804 428 25 29 0.453376
379 314 31 39 0.447528
952 19 17 22 0.441601
851 13 24 30 0.438454
376 486 63 82 0.435998
741 -7 27 33 0.435518
598 18 38 48 0.432293
785 585 44 52 0.422624
625 1 17 19 0.420458
414 65 20 23 0.420117
847 151 39 52 0.408453
747 225 49 56 0.40548
684 145 89 96 0.40242
539 148 59 68 0.396051
988 59 25 31 0.394907
956 369 25 29 0.391774
986 189 34 43 0.387413
807 100 33 38 0.384804
270 477 47 52 0.380904
369 210 26 33 0.371063
822 166 32 41 0.370764
847 204 23 29 0.370376
782 71 30 38 0.363991
831 5 29 34 0.362714
410 237 100 113 0.362702
718 565 25 29 0.357366
871 28 23 30 0.355007
722 533 21 23 0.354538
761 104 31 38 0.352277
111 541 29 36 0.348763
888 222 62 72 0.34784
899 89 26 31 0.345498
825 106 25 31 0.336304
729 642 21 26 0.334617
942 472 27 31 0.332924
938 255 41 49 0.32964
299 392 37 41 0.325838
61 555 23 27 0.322872
649 75 32 42 0.318443
401 77 36 45 0.317412
467 93 21 28 0.312637
148 549 27 33 0.308395
436 0 26 30 0.307429
71 151 39 44 0.2969
878 593 23 23 0.291116
844 39 27 34 0.290349
117 550 28 36 0.288033
57 71 44 54 0.286557
203 242 64 76 0.286387
870 93 37 44 0.285557
779 223 29 36 0.284589
632 60 41 52 0.283856
898 331 27 32 0.283272
20 649 27 35 0.282027
127 220 45 51 0.280163
785 118 37 45 0.279655
593 201 35 40 0.277886
629 515 26 33 0.277798
232 -13 48 67 0.27672
403 409 44 61 0.275754
188 532 31 35 0.273508
246 501 37 42 0.273055
874 582 21 26 0.264781
971 41 33 40 0.264477
629 218 32 38 0.264228
230 651 23 27 0.262943
695 122 26 33 0.256264
961 90 51 53 0.255809
983 516 25 29 0.243814
95 607 26 31 0.239803
32 309 54 61 0.23696
78 615 20 25 0.23242
326 524 29 34 0.230403
445 153 27 34 0.230125
349 58 32 39 0.22945
853 589 27 30 0.229406
784 498 18 21 0.224968
286 201 38 43 0.223586
959 441 30 36 0.222722
76 559 34 41 0.222069
580 602 62 69 0.21937
600 43 43 52 0.216176
864 484 25 30 0.215504
836 103 28 34 0.209683
448 187 40 47 0.206022
490 74 26 33 0.205536
167 599 36 43 0.201176
206 167 69 69 0.200683
146 386 26 30 0.199936
324 75 31 39 0.199647
220 331 36 42 0.192001
324 552 25 28 0.191374
446 121 20 25 0.189638
882 405 26 28 0.189417
906 82 28 29 0.187933
684 631 42 42 0.187507
114 138 29 36 0.186521
932 516 32 34 0.183913
200 631 29 36 0.180642
867 43 28 37 0.179307
765 73 20 27 0.178329
628 148 42 50 0.178109
5 365 30 36 0.177164
412 184 36 49 0.174674
682 122 29 36 0.174375
313 197 33 41 0.173923
335 499 25 28 0.172557
593 -2 39 47 0.170697
953 146 49 56 0.170284
745 33 30 40 0.168727
636 577 25 29 0.166704
271 382 51 60 0.166017
800 19 30 39 0.165418
877 215 20 24 0.164949
163 371 29 32 0.16349
423 560 27 31 0.162433
275 53 32 40 0.162218
931 17 24 27 0.16065
45 400 40 45 0.16
267 640 27 33 0.156374
828 639 15 20 0.154731
941 143 25 27 0.15448
894 123 36 43 0.152658
387 248 27 35 0.151664
834 176 35 45 0.149459
850 193 27 33 0.149074
777 424 26 32 0.148563
480 171 58 70 0.146872
987 161 33 41 0.144986
446 429 53 62 0.14497
877 68 36 40 0.144847
285 3 22 28 0.14462
627 25 22 27 0.143583
121 254 57 67 0.140155
900 61 28 34 0.139997
641 216 54 66 0.138183
348 424 39 45 0.137845
232 203 73 86 0.137355
687 419 74 87 0.13684
436 79 32 40 0.135969
574 -7 31 42 0.133355
746 307 25 27 0.132533
794 226 61 71 0.130698
278 317 84 91 0.130145
119 11 31 39 0.12608
317 251 39 43 0.125481
584 122 62 74 0.125239
80 47 63 76 0.125089
865 -3 24 29 0.123254
815 187 20 24 0.122851
520 28 23 29 0.122656
917 9 22 26 0.119834
480 118 51 59 0.119146
276 168 56 56 0.119114
629 460 49 56 0.119042
189 203 30 36 0.118466
832 453 30 33 0.117923
113 629 35 41 0.117415
178 256 27 31 0.116441
775 611 24 29 0.115694
253 590 46 52 0.115111
678 76 28 37 0.113021
23 588 42 49 0.112652
848 554 32 37 0.112513
699 29 43 51 0.111879
206 617 21 26 0.110859
818 152 27 30 0.110678
286 453 32 37 0.1106
990 24 27 32 0.109205
365 29 27 37 0.107688
98 148 40 47 0.10542
854 51 24 30 0.104468
665 81 29 38 0.103861
667 455 30 35 0.103608
670 117 27 35 0.103541
682 32 16 21 0.102138
705 336 39 45 0.101259
88 437 56 63 0.10125
