rain/rain_00915
41
331 236 64 78 0.999852
325 210 42 57 0.867538
407 239 27 34 0.842941
306 384 22 28 0.734029
373 187 55 65 0.66814
324 291 57 69 0.609998
529 396 19 28 0.569818
153 139 176 203 0.492021
482 617 21 27 0.421899
939 258 63 71 0.415004
422 607 31 39 0.392353
442 577 26 33 0.343171
347 221 34 43 0.335426
474 217 28 32 0.314492
300 558 29 35 0.312571
13 462 57 75 0.310136
461 168 45 57 0.305678
172 315 30 41 0.297604
72 609 48 59 0.290803
968 321 47 55 0.279123
401 197 39 51 0.234475
397 522 53 60 0.229794
381 636 35 46 0.229783
336 589 46 54 0.220531
443 292 24 32 0.218883
421 185 34 39 0.209909
454 159 28 36 0.209805
23 572 62 70 0.188369
458 379 31 38 0.181028
339 530 47 54 0.169207
417 373 24 33 0.16662
525 570 19 23 0.158408
327 358 23 25 0.157586
497 361 33 40 0.154238
379 459 20 23 0.135889
496 261 33 41 0.12302
284 613 43 54 0.118935
538 485 19 27 0.117026
408 408 23 27 0.112052
905 151 111 120 0.106681
413 293 34 40 0.100896
