rain/rain_00983
39
20 420 50 61 1
478 159 68 95 0.999995
152 396 30 37 0.992096
286 425 28 36 0.965418
465 104 36 43 0.914329
233 465 34 44 0.879941
189 417 29 34 0.878308
149 374 39 48 0.790897
601 390 32 52 0.730226
71 368 38 45 0.725959
205 487 82 99 0.62342
26 373 32 33 0.548669
438 103 40 47 0.507529
791 305 21 25 0.417266
584 560 32 40 0.381488
917 241 26 34 0.37689
291 595 27 37 0.351359
82 436 33 51 0.347058
947 402 27 32 0.318811
635 446 60 85 0.259282
640 44 31 38 0.251814
951 108 30 34 0.23722
512 417 25 31 0.22596
157 320 58 66 0.223864
188 449 30 37 0.196486
422 247 106 138 0.189553
391 567 48 46 0.188277
903 238 25 35 0.185187
343 338 36 47 0.172894
913 284 25 31 0.160637
404 100 54 61 0.160316
376 149 50 65 0.141033
307 542 21 27 0.140679
691 453 12 18 0.136778
321 5 45 57 0.13504
191 501 16 21 0.129437
997 303 24 29 0.121902
746 510 16 24 0.114501
915 261 23 33 0.102301
