rain/rain_00105
127
575 233 51 67 0.999999
403 328 44 58 0.999986
66 802 24 31 0.93678
772 446 29 32 0.887754
853 529 23 30 0.768375
967 119 27 33 0.754299
216 225 50 63 0.712348
386 667 23 30 0.63631
646 420 22 28 0.609093
509 696 21 26 0.608593
356 159 36 44 0.578888
286 594 21 28 0.574829
836 449 21 25 0.5462
371 647 25 31 0.545208
912 267 20 28 0.519901
796 282 23 27 0.518512
862 477 17 27 0.508604
368 589 26 31 0.507079
354 464 33 32 0.478928
97 434 26 29 0.459353
342 285 23 28 0.428559
919 12 48 57 0.427037
237 730 23 27 0.408342
310 690 154 182 0.403598
357 363 22 25 0.398425
601 606 23 25 0.397531
303 443 41 47 0.393252
413 145 37 44 0.386744
394 677 22 28 0.377355
144 573 30 34 0.369796
320 635 21 25 0.368992
290 368 28 34 0.359528
249 604 24 29 0.358078
940 919 23 28 0.350616
255 769 25 30 0.342519
181 500 24 29 0.33967
888 416 35 39 0.338025
118 436 25 27 0.337948
197 212 25 30 0.330804
252 518 23 26 0.32826
179 611 24 29 0.316973
146 58 24 30 0.312386
285 328 25 29 0.31069
420 474 30 38 0.30788
42 524 20 28 0.302634
526 430 24 31 0.299289
462 775 22 29 0.281433
320 351 21 25 0.278077
968 -1 25 31 0.273213
224 797 27 32 0.271633
294 715 31 39 0.268217
130 883 17 21 0.2655
437 239 23 27 0.255003
225 752 24 28 0.24948
896 313 26 36 0.247471
432 902 15 18 0.238975
919 497 25 33 0.233239
261 417 42 54 0.232353
320 386 21 30 0.227883
257 94 36 43 0.22738
624 165 29 34 0.225766
364 550 29 35 0.22129
221 785 31 33 0.220873
254 337 22 26 0.210507
211 805 18 21 0.209338
18 502 23 28 0.205535
15 520 24 32 0.204839
656 141 28 34 0.204037
441 324 39 43 0.20387
582 680 18 20 0.203362
551 905 32 38 0.202924
772 165 25 31 0.200993
974 46 27 33 0.198953
353 626 21 29 0.197288
11 298 28 36 0.189475
344 172 27 33 0.186852
86 433 29 32 0.186552
203 748 20 25 0.185059
200 724 24 29 0.182629
614 296 32 42 0.182348
690 305 31 37 0.179647
943 391 37 48 0.178911
68 356 32 37 0.175447
396 381 19 25 0.1751
269 775 16 21 0.17266
876 340 20 26 0.172428
594 616 24 30 0.170614
292 642 23 31 0.170262
340 549 19 25 0.168211
221 453 25 31 0.167913
83 705 22 27 0.161994
314 393 22 30 0.159095
189 79 25 31 0.15803
498 613 22 28 0.157116
434 582 28 34 0.153626
280 397 26 32 0.153206
881 602 24 30 0.149493
202 640 22 29 0.148331
390 584 32 37 0.148037
925 72 36 42 0.146681
107 761 23 30 0.143407
893 534 29 40 0.143284
104 167 23 26 0.142694
254 324 27 31 0.142604
170 734 18 22 0.138854
417 501 19 24 0.137044
213 216 26 31 0.135094
526 252 42 55 0.134256
678 442 35 43 0.134042
852 5 37 45 0.130104
360 594 17 22 0.128481
599 400 22 31 0.127801
106 465 37 43 0.126551
267 233 35 44 0.121979
279 677 30 39 0.121345
104 703 43 53 0.119838
432 403 20 24 0.118041
370 630 19 26 0.116058
368 529 28 31 0.112847
61 752 32 35 0.11234
254 879 21 25 0.111015
674 164 25 29 0.110107
170 503 20 26 0.109335
555 293 49 60 0.108965
201 790 22 26 0.106577
633 247 22 27 0.100516
290 143 32 40 0.100389
