rain/rain_00926
55
767 275 25 30 0.992235
690 399 32 37 0.683742
463 402 20 27 0.614583
457 498 20 28 0.589953
897 292 22 27 0.557649
424 432 52 62 0.515602
776 512 36 48 0.513529
661 290 18 23 0.504529
172 278 37 45 0.487389
668 438 33 38 0.481654
126 322 29 37 0.459136
908 367 37 43 0.453537
901 382 45 58 0.429585
352 552 34 46 0.42715
907 552 44 57 0.382066
868 540 31 39 0.372724
724 292 22 30 0.31743
746 613 25 31 0.295389
155 412 31 39 0.294979
114 225 49 56 0.287943
907 493 36 43 0.266255
401 329 33 36 0.263
751 630 25 31 0.262643
531 384 105 116 0.246781
933 284 19 25 0.239492
990 286 29 35 0.237927
462 285 67 80 0.236525
668 304 22 29 0.215336
747 343 35 42 0.206759
771 552 61 82 0.206351
677 261 29 32 0.20499
669 219 15 19 0.194438
552 252 57 66 0.194094
0 420 25 29 0.191016
166 341 50 62 0.183253
810 514 22 31 0.182587
882 290 21 29 0.173436
549 290 59 81 0.166783
231 234 65 73 0.157809
614 279 33 42 0.150988
874 259 31 38 0.145407
451 464 30 40 0.139348
700 397 38 43 0.137129
917 299 22 27 0.134582
168 411 43 57 0.128197
219 404 26 32 0.12536
880 574 29 36 0.120135
204 286 23 30 0.11954
188 414 39 53 0.116832
149 373 21 28 0.114648
786 331 39 49 0.114355
498 350 24 31 0.112685
582 360 24 31 0.110287
424 406 26 34 0.105198
138 117 145 170 0.101351
