rain/rain_00924
36
372 238 18 25 0.887367
732 219 36 43 0.766916
973 247 31 39 0.690908
642 311 49 60 0.648275
387 268 67 86 0.591243
769 196 117 161 0.554597
758 318 21 25 0.432506
453 213 33 41 0.419127
196 162 26 31 0.40289
0 49 23 26 0.39549
445 266 53 78 0.32217
524 376 22 28 0.301306
220 190 61 70 0.273616
314 303 52 65 0.269573
19 60 39 46 0.246299
507 337 39 47 0.222371
524 172 36 43 0.222043
774 371 26 32 0.215813
707 549 30 35 0.213556
484 167 43 51 0.213276
262 112 26 30 0.197197
43 177 36 49 0.195209
710 582 24 25 0.183697
612 279 21 26 0.182351
800 142 31 35 0.170255
926 413 22 27 0.160211
138 148 39 45 0.157025
349 198 30 35 0.151277
519 285 32 37 0.130829
347 433 24 29 0.127729
858 356 47 60 0.118615
241 435 31 36 0.112651
817 149 44 47 0.112581
461 463 35 41 0.10515
776 437 32 36 0.103969
229 133 35 44 0.100584
