rain/rain_00984
77
464 172 32 35 0.999819
259 190 36 40 0.999613
804 172 22 26 0.979214
668 165 20 22 0.911569
594 392 24 30 0.863268
761 64 43 45 0.671713
374 120 14 19 0.670354
152 130 103 131 0.655036
322 296 16 22 0.645322
978 143 13 16 0.643568
905 148 42 52 0.63323
141 173 24 30 0.614096
318 203 22 27 0.61174
844 135 23 30 0.611443
805 136 17 19 0.574136
338 429 17 24 0.53766
524 170 23 27 0.528101
242 123 23 28 0.50189
236 102 29 32 0.447581
219 299 16 20 0.44414
599 192 17 25 0.436454
539 408 24 31 0.385567
402 140 28 34 0.36294
517 273 26 33 0.362743
475 327 22 32 0.356486
955 196 16 21 0.34625
86 196 33 48 0.344559
327 253 21 24 0.331961
709 228 16 23 0.324916
550 180 21 26 0.316689
528 291 19 26 0.309225
981 190 23 30 0.306152
15 167 21 26 0.305873
646 43 55 76 0.304459
675 156 20 23 0.298362
832 225 26 37 0.289504
46 193 18 24 0.267609
494 286 16 19 0.250892
723 265 18 24 0.233257
922 115 28 35 0.230632
444 51 18 24 0.218904
122 169 33 42 0.214738
993 181 21 31 0.205127
488 285 15 19 0.189037
911 179 24 30 0.186778
233 321 21 26 0.184061
567 220 18 24 0.181616
503 357 26 35 0.179529
879 196 12 16 0.177784
253 121 22 25 0.175754
885 102 21 33 0.174966
796 272 16 24 0.16973
753 171 15 20 0.169617
923 134 22 25 0.166603
821 194 32 44 0.165938
482 163 26 35 0.156482
862 156 19 22 0.14713
498 319 13 19 0.146208
254 357 22 26 0.133131
403 113 19 24 0.133116
419 275 18 26 0.132907
306 192 25 31 0.132651
156 400 20 23 0.131127
332 395 20 26 0.130881
963 171 24 34 0.128334
871 160 21 25 0.12142
725 347 23 30 0.120388
923 101 26 39 0.118429
76 150 21 28 0.117225
330 304 15 20 0.116768
329 384 20 27 0.115443
951 198 11 13 0.114502
312 477 16 21 0.110928
516 215 19 25 0.110334
666 129 20 21 0.107628
291 159 13 19 0.107549
539 331 16 23 0.100349
