rain/rain_00934
167
672 291 23 27 0.999974
833 281 30 35 0.999906
398 285 18 24 0.999773
153 329 13 15 0.994029
567 686 21 24 0.892228
812 587 24 31 0.881539
834 605 40 44 0.874627
376 363 31 38 0.85713
919 59 22 30 0.852401
266 309 15 17 0.845436
974 272 18 22 0.730775
882 187 26 30 0.702772
619 365 27 34 0.692043
527 290 20 25 0.648107
775 603 28 33 0.634931
702 367 21 28 0.607328
363 732 24 27 0.598996
833 563 34 45 0.596228
461 332 29 40 0.585272
941 -4 37 50 0.582159
635 480 25 28 0.581526
492 659 33 33 0.581464
275 705 27 32 0.573353
731 163 14 19 0.555343
736 670 22 22 0.485284
504 482 30 38 0.483218
559 50 17 21 0.468205
654 539 30 34 0.465955
672 630 18 19 0.460102
369 475 24 28 0.458446
549 725 27 28 0.449598
930 553 20 25 0.43749
224 418 41 60 0.436835
38 698 27 31 0.420217
317 731 25 29 0.416076
878 167 27 35 0.412134
232 716 39 43 0.406137
293 392 11 15 0.399627
138 405 23 29 0.391194
466 374 21 25 0.390759
738 718 26 28 0.388764
876 517 28 36 0.385871
709 679 35 40 0.381363
490 309 35 46 0.378352
512 346 25 35 0.370306
304 707 20 25 0.357521
655 731 21 23 0.357338
979 433 20 25 0.354952
458 706 20 21 0.34933
448 659 27 30 0.345991
979 671 34 36 0.341025
964 27 18 25 0.337193
484 740 21 22 0.335003
736 82 19 26 0.322534
810 -1 20 25 0.315525
334 669 20 22 0.313222
757 135 25 30 0.312851
518 267 19 22 0.311656
523 499 24 30 0.307352
524 379 20 30 0.306555
336 327 18 22 0.304591
68 488 25 30 0.300704
564 696 24 27 0.296565
672 676 30 36 0.290701
333 704 23 27 0.28834
918 182 30 36 0.286595
343 7 21 24 0.2638
951 29 25 33 0.262354
614 409 21 26 0.260892
911 183 17 22 0.257855
737 617 31 34 0.257782
480 627 41 49 0.255313
798 183 22 25 0.251162
507 655 22 25 0.250762
139 679 27 30 0.247119
377 422 34 39 0.246873
712 177 19 24 0.241902
477 609 12 15 0.24107
634 392 45 59 0.238174
103 346 20 24 0.237542
792 706 24 25 0.237074
126 557 14 16 0.227705
749 81 15 21 0.225765
666 669 26 28 0.22523
389 656 21 22 0.224444
373 379 35 40 0.224201
791 536 31 41 0.223894
748 224 25 30 0.220886
912 127 29 37 0.217179
530 18 19 26 0.215535
729 210 18 25 0.213075
854 693 41 45 0.212998
916 0 15 20 0.211335
487 712 27 31 0.209345
420 633 15 18 0.202032
933 168 26 30 0.200059
679 467 26 34 0.196643
894 227 18 23 0.195059
588 718 36 40 0.193793
332 379 22 28 0.193123
571 675 23 25 0.191142
747 553 34 36 0.187072
263 382 18 22 0.18656
455 475 22 27 0.185625
504 308 41 56 0.177581
243 391 56 76 0.177344
325 671 21 22 0.176945
778 332 78 103 0.176476
226 336 16 21 0.17338
881 84 24 32 0.170342
598 647 28 32 0.166667
884 595 41 45 0.164302
970 645 28 31 0.162411
405 616 26 30 0.159372
788 668 29 31 0.157891
55 59 20 24 0.157714
882 630 34 36 0.157564
609 120 17 21 0.157185
728 184 17 23 0.152331
821 94 16 19 0.151008
786 574 22 32 0.145584
957 353 23 29 0.143967
752 51 21 26 0.136268
649 675 23 25 0.13523
636 663 28 32 0.135225
97 386 22 27 0.134446
237 250 22 23 0.134032
403 609 26 30 0.133682
691 116 30 37 0.133654
343 729 14 17 0.132925
589 224 20 24 0.129382
934 303 21 27 0.129272
346 453 21 22 0.129198
391 702 42 43 0.128921
96 603 20 23 0.128034
721 706 26 30 0.126132
381 741 24 26 0.125158
583 594 22 27 0.124754
984 304 33 39 0.124558
477 362 48 65 0.12356
431 14 31 36 0.122645
709 455 38 46 0.122293
913 561 20 23 0.121546
353 640 19 23 0.121199
688 671 28 31 0.120507
878 221 17 21 0.119925
526 487 22 27 0.119703
895 475 46 53 0.119016
21 697 11 15 0.115332
30 15 20 24 0.112869
460 644 19 20 0.112464
231 110 24 30 0.110755
426 306 42 49 0.110659
749 72 18 22 0.109988
930 10 37 46 0.109289
894 108 23 27 0.107974
482 284 37 53 0.107926
433 497 24 27 0.105496
626 571 30 33 0.105287
584 63 20 26 0.104101
392 476 16 22 0.103986
760 340 21 27 0.103611
484 348 38 44 0.10326
340 466 25 33 0.102869
748 406 35 39 0.102809
371 440 24 25 0.101722
495 720 34 40 0.100448
