rain/rain_00981
22
607 180 58 78 0.999807
861 28 29 34 0.852252
773 154 55 64 0.709032
872 509 27 32 0.426332
805 269 45 55 0.42392
258 114 22 27 0.370475
860 508 28 32 0.2908
934 262 28 36 0.260928
644 462 44 59 0.252166
51 390 23 27 0.23294
96 518 24 30 0.20791
506 444 23 30 0.188919
937 120 25 30 0.180941
860 178 32 38 0.144982
384 84 61 74 0.143846
862 248 27 32 0.125412
887 90 25 29 0.12437
603 0 22 26 0.122534
304 124 21 26 0.117918
802 315 22 30 0.117086
863 352 33 40 0.114705
94 47 25 30 0.112122
