rain/rain_00933
41
469 217 85 107 0.999997
1 48 41 53 0.999295
194 39 40 51 0.986665
547 197 31 41 0.84153
145 10 40 50 0.833212
539 185 34 43 0.727708
38 107 25 32 0.725351
32 319 19 24 0.717309
72 28 28 34 0.69158
315 527 19 23 0.688156
9 106 25 33 0.557158
134 242 29 33 0.48572
28 195 22 28 0.472215
54 142 20 25 0.403385
72 250 22 31 0.375769
402 599 38 44 0.373259
279 255 22 28 0.36271
34 1 26 34 0.335067
620 5 21 26 0.309316
194 68 52 65 0.282942
29 182 17 21 0.271665
154 138 21 28 0.241647
23 436 23 27 0.24069
504 6 26 30 0.21113
309 501 23 30 0.210622
139 191 26 35 0.199168
4 36 32 34 0.193031
65 221 24 31 0.185759
86 160 21 25 0.172779
517 153 47 55 0.169314
427 237 34 44 0.155609
145 155 31 42 0.155212
323 284 114 129 0.150644
118 59 20 27 0.147853
211 192 28 34 0.145628
270 15 29 34 0.14541
56 151 21 27 0.134734
791 98 17 21 0.126679
2 211 26 33 0.109012
443 235 36 40 0.10674
206 26 25 33 0.101818
