rain/rain_00980
68
451 283 30 36 0.999886
623 299 34 39 0.999632
863 230 21 28 0.90172
0 335 16 20 0.876188
884 183 43 48 0.862012
816 262 18 31 0.859344
568 432 25 27 0.677351
226 272 73 88 0.556277
13 362 25 30 0.514972
281 239 21 30 0.487984
904 275 37 46 0.483625
914 286 62 80 0.468486
691 369 23 30 0.458581
862 194 41 49 0.438455
873 123 24 33 0.429816
263 53 24 28 0.427678
996 278 20 25 0.420171
941 143 26 30 0.38013
654 504 35 48 0.373539
158 335 115 157 0.373116
976 480 27 29 0.358683
676 287 36 44 0.320779
10 314 32 41 0.297714
486 50 27 33 0.294153
475 48 29 36 0.2805
240 53 22 28 0.272786
600 595 24 29 0.272631
751 229 53 64 0.268854
441 413 25 33 0.264153
0 23 26 35 0.255541
437 369 33 40 0.253411
301 393 50 63 0.250408
313 355 42 60 0.249484
366 396 68 95 0.238023
580 474 55 71 0.227599
745 112 19 22 0.217544
833 115 27 28 0.21575
909 480 27 30 0.205929
570 634 24 28 0.20557
651 617 28 33 0.195981
88 416 43 56 0.193834
72 22 26 32 0.176209
880 244 20 26 0.174729
508 405 64 93 0.172239
675 312 24 32 0.165914
995 133 19 23 0.160928
593 528 45 55 0.155979
690 471 19 26 0.155405
940 312 49 60 0.153168
869 233 26 34 0.143527
631 236 30 36 0.143434
17 176 20 23 0.139616
536 342 56 77 0.134627
2 11 21 27 0.127157
819 361 29 40 0.127042
445 476 73 107 0.126883
462 552 40 57 0.126437
0 66 40 51 0.123172
47 39 15 21 0.119428
124 315 20 26 0.118173
730 244 46 61 0.117417
136 332 30 32 0.116362
461 104 30 34 0.115364
916 424 29 37 0.115121
943 251 21 26 0.108912
321 338 41 56 0.107726
317 287 25 34 0.105242
979 457 22 33 0.101019
