rain/rain_00939
46
145 334 39 53 0.988706
234 302 59 69 0.868756
94 117 26 33 0.782735
44 553 26 32 0.629635
589 279 59 70 0.526869
930 139 78 93 0.449844
36 489 61 71 0.430914
757 365 26 31 0.427687
297 402 46 58 0.408791
843 186 27 33 0.40236
972 213 28 36 0.396845
60 282 25 30 0.381256
299 311 27 36 0.372028
900 187 72 97 0.356347
941 102 37 45 0.333871
9 531 40 56 0.331948
69 386 50 58 0.327007
235 60 50 58 0.318529
366 226 130 147 0.286666
908 469 41 53 0.284063
519 85 31 36 0.27692
480 354 38 53 0.275218
284 26 50 58 0.272002
731 359 38 41 0.268688
355 88 39 48 0.263339
29 6 51 51 0.258364
79 351 24 30 0.257937
734 589 51 64 0.242006
342 32 25 31 0.227389
96 378 26 29 0.222899
629 104 27 33 0.189684
688 627 16 19 0.168317
604 386 21 25 0.166859
782 248 30 33 0.166049
237 446 102 125 0.15169
702 248 34 42 0.147315
853 185 30 37 0.145043
820 14 57 70 0.142767
126 508 102 119 0.13758
959 91 49 61 0.133319
461 7 31 37 0.130847
964 556 27 35 0.124763
556 482 89 107 0.115225
524 51 24 31 0.11077
489 288 26 33 0.108397
675 5 38 44 0.103391
