rain/rain_00988
46
974 55 29 31 0.891209
568 288 17 24 0.815259
423 423 26 34 0.578758
358 454 41 47 0.559989
504 187 23 26 0.544784
700 224 31 36 0.526192
364 68 53 65 0.520194
576 408 38 48 0.505407
467 485 19 22 0.412268
128 -1 44 52 0.403257
220 479 19 20 0.353576
783 228 21 29 0.320282
982 163 25 32 0.319483
510 263 18 21 0.280141
774 304 19 23 0.279
533 69 31 37 0.271887
416 453 22 26 0.266486
157 266 23 26 0.253567
206 350 20 24 0.247169
974 -1 24 30 0.246145
621 353 30 40 0.244469
831 496 24 29 0.244137
710 177 61 73 0.242753
205 272 19 24 0.241271
423 496 21 22 0.237566
324 352 22 26 0.235799
606 324 19 25 0.233126
239 400 29 40 0.206926
946 63 26 35 0.194536
191 146 32 38 0.193101
90 525 156 179 0.192758
395 480 25 28 0.188105
706 554 28 32 0.182441
216 494 19 25 0.159254
650 455 21 25 0.158439
433 227 18 19 0.15813
166 0 31 33 0.150411
978 183 26 34 0.127922
27 562 23 26 0.124876
608 69 22 30 0.122429
753 49 47 59 0.11564
609 342 19 24 0.113855
379 410 33 39 0.108018
551 106 24 30 0.107339
457 396 21 27 0.106733
988 604 17 17 0.100379
