rain/rain_00110
23
399 509 24 30 0.580241
396 466 27 33 0.56537
658 197 25 32 0.439955
517 302 52 58 0.409758
437 278 29 34 0.349584
966 575 24 27 0.310086
747 164 27 31 0.282746
654 121 26 30 0.266219
228 456 20 25 0.244561
902 531 22 28 0.221444
986 483 16 20 0.203234
998 579 21 27 0.202439
278 713 22 26 0.198419
503 605 30 38 0.177627
386 571 22 27 0.173315
29 260 23 28 0.167949
78 482 32 35 0.145216
612 353 24 27 0.128469
900 441 23 27 0.124545
201 685 23 27 0.122259
230 662 22 26 0.118508
906 104 24 30 0.107862
337 79 27 33 0.105707
