rain/rain_00960
50
724 174 66 82 0.905727
834 51 25 28 0.629699
903 52 25 30 0.602596
523 382 25 30 0.508984
941 42 30 36 0.480332
899 87 20 26 0.436508
513 49 32 40 0.436018
911 49 24 27 0.435419
434 302 31 36 0.420085
740 53 26 29 0.408273
659 330 21 26 0.396248
670 319 20 23 0.375185
744 291 23 27 0.358076
818 51 28 31 0.357735
459 48 34 40 0.340522
648 51 32 37 0.337817
411 50 25 29 0.331589
282 271 107 117 0.320935
858 240 20 24 0.319934
465 338 25 30 0.308522
521 366 18 23 0.305037
670 42 42 49 0.284222
980 487 33 36 0.282656
674 255 29 46 0.267978
940 486 33 36 0.261901
761 48 32 35 0.25879
864 44 29 34 0.249801
679 214 42 45 0.233201
524 187 35 38 0.211982
23 337 41 53 0.209689
568 195 29 34 0.198442
161 221 19 21 0.195822
742 329 22 24 0.194557
532 238 45 60 0.190031
851 268 23 29 0.175156
527 397 37 46 0.172579
921 138 46 50 0.169213
888 47 26 29 0.165598
750 57 24 28 0.162729
550 48 32 37 0.1545
593 69 35 53 0.148124
236 386 27 36 0.145304
985 187 17 19 0.140774
486 56 26 34 0.134364
922 328 28 33 0.13382
746 355 23 32 0.13113
988 414 27 33 0.125486
74 352 25 33 0.118034
578 47 28 32 0.105863
989 47 25 33 0.103761
