rain/rain_00119
26
482 258 40 47 0.924226
1 225 33 38 0.665861
443 430 28 38 0.624798
659 164 34 49 0.58759
440 444 33 44 0.575298
212 459 24 29 0.552716
463 537 25 33 0.461274
400 383 22 27 0.46099
600 336 27 31 0.421934
435 506 25 35 0.287261
443 640 20 27 0.26468
188 134 39 49 0.260584
967 483 43 52 0.253514
637 412 25 31 0.213894
489 374 29 36 0.181718
675 393 36 42 0.173418
-2 624 26 35 0.16262
-2 602 22 33 0.160148
283 327 17 24 0.13731
726 553 24 28 0.13664
435 429 21 27 0.132795
740 491 22 27 0.112584
469 428 51 58 0.108581
268 352 36 44 0.104628
520 394 23 29 0.103026
949 459 28 35 0.101771
