rain/rain_00009
57
675 433 42 56 0.925613
80 352 32 36 0.876717
656 330 35 42 0.858018
678 458 103 137 0.814859
624 510 15 19 0.808879
103 330 20 30 0.804523
668 417 28 34 0.780268
708 981 36 43 0.752967
748 941 22 31 0.678781
550 346 26 37 0.576879
734 945 27 31 0.573002
226 477 60 77 0.525252
191 178 23 27 0.497173
639 336 22 27 0.490248
660 727 35 55 0.48642
817 328 18 22 0.410354
0 237 31 40 0.393179
719 813 27 37 0.378425
303 548 23 32 0.315796
392 409 30 43 0.275275
412 517 20 27 0.253631
25 296 25 27 0.237285
62 430 39 51 0.234135
774 850 28 37 0.230533
665 366 28 36 0.217895
660 424 24 36 0.215527
701 269 23 29 0.203
675 800 61 86 0.200165
336 372 18 27 0.199182
729 323 19 26 0.19671
38 469 25 30 0.196111
862 773 26 34 0.188436
677 732 41 58 0.184384
747 734 25 36 0.177633
133 674 26 36 0.177487
30 326 34 40 0.167685
333 146 28 43 0.164512
648 373 24 39 0.160252
657 488 22 33 0.15773
642 208 23 30 0.153157
690 852 47 63 0.15156
205 383 29 38 0.149992
533 350 25 31 0.145853
89 599 25 31 0.143293
103 358 30 38 0.142694
662 982 32 36 0.142638
715 279 33 43 0.133161
157 772 16 20 0.12805
551 321 35 44 0.125074
373 460 33 48 0.11777
713 837 35 49 0.116537
396 342 19 25 0.113984
103 758 41 55 0.110132
660 630 97 120 0.108978
808 863 27 33 0.106379
158 29 22 27 0.10637
73 566 19 25 0.102581
