rain/rain_00959
192
989 945 26 32 0.904148
36 1256 30 33 0.829388
132 1346 45 49 0.8201
783 1301 30 35 0.800911
773 590 23 30 0.791624
319 1177 20 24 0.740728
265 1243 27 30 0.733757
486 1022 25 27 0.7187
496 1093 24 24 0.69111
641 1359 36 41 0.680407
211 1340 45 50 0.674824
468 1297 36 42 0.671155
323 1054 25 27 0.628132
455 435 26 32 0.622704
611 1363 29 35 0.618846
26 1010 18 21 0.600325
768 1279 30 33 0.5942
183 1251 23 27 0.589568
993 170 24 30 0.578984
367 1183 20 23 0.577877
198 579 29 37 0.541079
43 792 21 25 0.513071
70 1286 35 39 0.506396
183 1090 25 28 0.505951
624 935 24 27 0.502647
277 447 32 49 0.499498
309 1230 26 30 0.497171
217 1037 26 33 0.494517
208 1307 23 26 0.484389
130 1159 26 31 0.479159
694 968 18 21 0.477269
629 1093 17 20 0.472194
206 473 26 37 0.465971
201 1141 35 37 0.460636
349 788 21 23 0.459973
627 653 26 31 0.459504
211 392 42 43 0.456689
181 517 17 26 0.455199
813 1291 14 17 0.449282
144 620 35 52 0.43246
188 1267 26 29 0.431095
148 475 26 36 0.427054
228 1307 25 28 0.415494
90 461 21 26 0.411976
31 1093 26 28 0.411277
75 1257 21 24 0.405958
862 1301 31 34 0.397677
91 1244 24 26 0.393414
105 967 31 36 0.392004
246 1145 24 27 0.388201
143 773 29 33 0.387776
101 1252 23 26 0.376527
155 1227 33 37 0.375799
902 546 22 27 0.375674
135 1227 22 26 0.370857
113 1211 18 22 0.365696
282 1128 22 23 0.360735
275 1154 27 31 0.350836
90 788 31 35 0.348411
207 1071 17 24 0.348263
384 969 25 29 0.338851
107 653 45 52 0.334895
219 1140 41 48 0.330948
177 558 24 31 0.327118
192 1128 32 36 0.324313
196 818 30 38 0.321643
219 1079 27 29 0.309765
288 1154 24 26 0.301945
141 1232 31 37 0.30123
657 1181 23 25 0.297801
305 560 26 37 0.297055
295 1274 31 35 0.293147
648 1266 18 22 0.287487
144 594 27 35 0.282799
248 819 41 51 0.280784
327 354 18 22 0.280304
173 1158 23 25 0.278848
261 1339 25 28 0.27768
167 615 32 43 0.272818
716 589 19 23 0.268405
266 458 39 55 0.268373
247 584 30 35 0.26719
212 1252 42 44 0.264782
96 1157 33 37 0.262698
154 608 28 38 0.262158
209 725 22 29 0.261615
189 1295 19 22 0.260913
69 1326 24 28 0.256833
776 460 21 26 0.255023
693 1037 28 34 0.254252
244 1123 22 24 0.252753
175 1081 27 28 0.245199
135 1258 30 33 0.23563
122 1255 33 34 0.235417
60 1094 21 25 0.232726
244 728 21 26 0.231795
334 743 23 27 0.230586
118 1108 25 28 0.225661
223 1110 32 36 0.225566
212 1208 57 64 0.2254
223 574 42 50 0.224761
355 1339 25 27 0.224169
592 647 18 23 0.223761
250 490 49 64 0.213566
137 1057 33 42 0.212848
790 1283 28 32 0.210659
88 966 32 35 0.210254
620 694 32 43 0.207162
512 143 17 21 0.206828
413 713 19 22 0.206652
286 928 31 33 0.203074
310 596 52 65 0.20068
926 194 17 22 0.199869
434 1247 24 31 0.198128
214 932 56 85 0.198076
112 810 19 24 0.198003
247 239 20 26 0.196412
200 1162 21 29 0.196089
992 1291 17 19 0.196088
75 1268 29 29 0.195293
514 598 22 26 0.194992
699 1279 20 23 0.193516
223 467 38 44 0.192991
115 1094 25 28 0.190661
252 385 27 30 0.189984
25 354 25 31 0.185811
138 1203 20 21 0.185154
467 1101 23 26 0.184067
89 648 11 14 0.183526
871 1285 24 28 0.180255
859 956 14 16 0.180161
435 645 28 31 0.178757
243 1267 39 43 0.178441
24 1369 27 32 0.178222
1 603 22 24 0.177732
351 1137 25 27 0.172988
257 1246 28 31 0.172114
593 1016 18 22 0.170236
172 1066 27 32 0.169473
620 397 19 23 0.168197
278 1139 28 30 0.165255
731 962 21 24 0.164778
189 968 29 37 0.164753
593 1272 26 31 0.164417
353 292 18 22 0.163637
145 1316 38 43 0.163348
140 1163 27 31 0.159902
191 429 25 34 0.157848
294 436 23 35 0.155986
859 252 23 29 0.155326
335 970 23 26 0.1551
617 661 17 23 0.154776
47 1331 26 35 0.154709
280 955 25 30 0.15112
69 989 23 29 0.151043
655 1267 25 31 0.150507
172 180 15 19 0.146663
315 1199 25 29 0.144353
363 492 26 31 0.141583
870 1360 29 34 0.140492
241 326 25 30 0.138801
4 1273 24 25 0.134813
185 375 19 23 0.134386
112 204 23 27 0.13267
141 568 28 41 0.127674
120 1155 26 31 0.127533
176 232 28 34 0.127021
125 1332 26 29 0.1259
146 438 29 34 0.124409
694 652 19 25 0.121603
286 409 25 31 0.119789
155 552 26 35 0.11972
246 1307 24 29 0.118066
196 480 30 40 0.115693
196 933 33 45 0.115282
187 494 38 46 0.111894
71 1162 23 26 0.111411
342 1339 25 26 0.111263
777 1041 24 27 0.109328
44 1208 25 30 0.108615
78 976 24 28 0.108122
100 1367 30 34 0.107934
443 969 20 23 0.107836
131 1096 27 28 0.107629
444 1095 23 26 0.106419
712 968 22 25 0.10597
816 695 16 19 0.104785
173 1207 35 37 0.104358
591 1072 37 44 0.104102
232 256 19 24 0.103938
342 139 18 23 0.103752
609 1256 26 32 0.10324
