rain/rain_00954
74
497 170 51 69 0.954841
534 163 36 46 0.897378
73 346 41 56 0.78018
491 246 89 107 0.680053
802 30 22 27 0.647446
628 393 51 60 0.627696
120 44 34 44 0.6263
329 379 23 29 0.613621
337 95 25 35 0.552662
280 399 35 47 0.516644
4 116 55 71 0.480148
119 252 29 36 0.47118
60 143 27 33 0.469436
83 422 25 30 0.458144
248 3 26 29 0.451716
936 144 29 34 0.44946
439 221 34 36 0.434918
105 249 31 38 0.428522
47 270 24 33 0.422749
40 352 37 50 0.411451
487 129 57 71 0.398282
874 105 46 58 0.388575
318 169 30 39 0.352863
322 381 22 29 0.340245
58 349 37 51 0.32926
592 460 26 35 0.327219
162 475 24 31 0.304713
123 425 54 68 0.29861
179 343 43 58 0.29786
170 176 152 190 0.294528
254 520 20 27 0.270449
102 289 29 38 0.263159
913 118 24 28 0.255622
29 287 26 35 0.248664
133 348 25 33 0.233758
187 399 22 26 0.230049
102 332 41 52 0.195971
863 94 39 46 0.194967
114 399 33 43 0.190799
562 465 27 36 0.190544
583 278 29 36 0.189938
232 26 39 45 0.185055
701 541 16 22 0.178455
196 83 53 62 0.178271
127 129 26 35 0.174371
578 487 25 31 0.16617
83 73 28 33 0.16346
394 540 27 34 0.161833
195 74 26 31 0.161488
236 1 27 31 0.154341
423 520 22 30 0.153352
188 7 25 32 0.151679
531 526 23 26 0.150451
520 199 46 67 0.150218
794 3 28 34 0.147795
63 261 24 31 0.145066
179 73 22 25 0.144214
700 509 23 35 0.141022
152 506 25 34 0.139147
291 110 21 26 0.138698
519 418 26 31 0.136434
48 476 46 63 0.136307
901 127 38 46 0.135532
137 70 23 33 0.132119
156 496 24 33 0.130595
312 374 24 33 0.126442
351 434 22 28 0.121701
833 75 49 54 0.121336
351 547 19 23 0.120514
3 -6 40 44 0.118757
77 327 30 43 0.110478
227 429 17 24 0.103041
235 98 59 65 0.102097
312 118 24 30 0.101365
