rain/rain_00974
24
485 206 17 22 0.99997
517 249 17 20 0.998365
734 223 13 19 0.906593
718 456 20 26 0.566541
638 438 19 22 0.544027
520 316 17 26 0.454972
458 258 22 27 0.434641
576 372 34 42 0.364372
496 229 22 26 0.341852
726 233 29 35 0.334365
18 405 20 25 0.256956
672 394 25 28 0.248715
413 209 22 31 0.247496
591 377 40 45 0.225065
990 348 18 21 0.210186
576 262 84 95 0.189955
489 311 26 29 0.182589
621 154 20 22 0.164855
435 255 24 30 0.148029
726 250 31 41 0.136876
760 144 23 27 0.119834
415 305 22 32 0.112137
888 140 19 23 0.11198
967 71 22 28 0.101261
