rain/rain_00956
59
670 163 21 30 0.999375
656 399 33 36 0.785993
240 515 28 30 0.721618
546 280 26 34 0.654586
942 281 28 30 0.625222
559 275 33 41 0.621469
682 146 28 34 0.577336
81 179 28 38 0.514553
856 128 22 25 0.507625
569 359 25 29 0.490232
697 318 23 36 0.489486
622 362 22 25 0.454251
618 283 21 25 0.442449
734 540 24 27 0.430103
600 353 29 32 0.400377
310 432 20 23 0.400365
568 126 28 30 0.334867
889 97 42 51 0.329234
309 195 23 28 0.320535
4 257 27 39 0.315054
693 361 27 38 0.30624
146 334 24 27 0.279143
501 291 32 37 0.277927
634 340 23 27 0.27417
569 187 49 60 0.265661
403 542 25 29 0.236935
620 119 41 45 0.235413
390 296 41 47 0.233114
306 310 21 27 0.232374
690 320 19 31 0.225291
962 309 27 30 0.218375
903 300 26 30 0.208993
658 102 20 22 0.200605
236 159 32 35 0.197551
7 237 20 25 0.19314
589 319 42 49 0.169835
301 386 24 27 0.166334
280 322 23 31 0.16458
20 217 16 20 0.164136
650 295 46 61 0.158909
549 400 27 30 0.158313
733 277 33 38 0.153491
349 352 28 29 0.149386
144 165 26 29 0.127743
267 564 23 25 0.127082
658 339 29 38 0.121232
600 72 29 36 0.117524
342 206 14 17 0.117357
227 373 43 47 0.116638
648 235 15 18 0.112905
534 569 19 23 0.112786
963 350 28 35 0.10768
917 96 46 56 0.106467
676 542 29 35 0.104431
48 158 36 34 0.104177
168 172 20 24 0.103006
742 118 38 48 0.102573
832 119 25 29 0.101331
666 278 26 35 0.100613
