rain/rain_00991
48
728 333 49 61 0.971069
364 294 23 25 0.845021
285 417 50 63 0.832484
288 265 36 41 0.764903
140 353 24 28 0.740249
589 224 59 71 0.682505
806 547 19 24 0.649732
335 254 21 32 0.64732
812 372 21 26 0.641178
724 317 34 40 0.639627
214 378 73 100 0.614083
903 591 108 122 0.599629
189 269 119 143 0.537373
301 407 53 62 0.496104
556 472 25 32 0.423577
564 290 17 23 0.354984
560 587 18 21 0.352394
872 392 30 35 0.34885
589 584 16 20 0.33508
684 458 26 30 0.333899
571 303 24 27 0.318224
279 548 44 58 0.313645
649 642 41 48 0.29319
243 423 76 84 0.291808
312 493 37 45 0.279112
859 660 54 62 0.251024
314 203 44 57 0.230887
50 654 21 26 0.217112
770 617 47 51 0.207654
452 731 24 27 0.200919
775 534 29 42 0.196847
303 287 31 40 0.180601
406 449 21 24 0.174029
781 4 28 33 0.165933
649 275 72 95 0.164948
693 455 23 28 0.163267
738 426 21 24 0.159951
268 674 30 34 0.158005
770 356 21 30 0.153292
877 614 24 30 0.143773
350 386 23 27 0.143351
847 278 23 27 0.141893
585 411 98 121 0.137335
284 530 35 47 0.134136
537 313 19 21 0.130217
545 317 20 21 0.112132
788 471 24 27 0.102295
874 714 27 33 0.10015
