rain/rain_00112
77
247 143 147 180 0.999993
531 65 354 421 0.974035
892 209 88 102 0.868963
49 396 20 26 0.769034
387 345 24 30 0.714807
463 427 25 30 0.700625
457 517 21 27 0.667617
172 282 35 38 0.661215
377 325 23 31 0.489748
123 565 21 26 0.466879
407 412 27 31 0.460904
422 276 22 27 0.453773
516 415 39 43 0.422689
721 528 25 33 0.415637
519 264 27 32 0.415456
519 367 27 29 0.410843
370 625 22 27 0.399098
225 247 25 36 0.363613
456 626 22 28 0.355146
138 465 42 49 0.353594
-3 368 61 78 0.350416
786 497 40 53 0.347824
730 451 59 70 0.345074
382 581 21 26 0.343345
174 516 33 38 0.338238
306 646 23 29 0.329988
154 357 19 22 0.320615
197 326 39 44 0.312594
437 537 25 31 0.290399
367 378 17 21 0.273122
606 636 39 47 0.261585
792 545 48 67 0.261284
444 361 64 80 0.257987
719 558 23 33 0.256056
642 551 23 28 0.255204
320 410 25 29 0.24675
513 312 33 43 0.245661
186 322 31 38 0.234422
929 368 24 31 0.22878
105 505 19 24 0.226263
569 493 22 26 0.221197
373 316 24 28 0.220303
510 381 23 30 0.21118
631 522 35 43 0.208762
448 550 22 27 0.205001
512 194 60 68 0.202086
2 444 44 55 0.198969
363 400 21 25 0.187772
256 536 21 27 0.17325
245 309 24 29 0.16423
324 461 26 32 0.159615
382 334 24 32 0.15231
968 329 34 41 0.151101
298 650 21 28 0.150956
447 584 21 26 0.146928
368 594 22 28 0.1463
474 544 19 25 0.144698
147 323 39 42 0.144624
636 610 26 33 0.144337
540 630 20 26 0.143756
815 603 28 35 0.14102
94 608 17 23 0.1384
308 372 23 28 0.134217
955 271 36 42 0.133377
351 625 19 25 0.131684
289 344 25 28 0.130515
387 479 27 32 0.121651
895 329 22 29 0.118708
185 306 25 31 0.11786
493 389 30 36 0.116573
353 485 24 29 0.11457
221 156 85 115 0.110146
505 261 28 34 0.109463
469 305 25 30 0.106644
463 511 23 30 0.104788
505 415 23 29 0.103174
561 616 20 23 0.100209
