rain/rain_00103
31
367 117 38 47 0.988709
249 256 70 85 0.82339
201 37 23 26 0.49258
0 661 24 28 0.379751
-1 306 23 27 0.314171
18 388 21 27 0.309741
932 3 38 42 0.305253
11 619 38 46 0.283361
201 5 22 27 0.273013
291 72 31 38 0.264868
65 188 32 37 0.243257
579 569 32 36 0.234028
117 71 17 20 0.232295
434 19 23 26 0.225297
221 187 51 63 0.220055
278 72 20 24 0.216406
249 31 32 35 0.212376
476 59 22 29 0.193235
24 340 15 19 0.167669
940 31 27 32 0.15028
318 111 21 33 0.150136
120 17 38 45 0.148063
427 250 27 30 0.135599
351 25 26 31 0.134858
459 277 25 31 0.134193
692 87 40 49 0.133923
40 206 35 41 0.125723
487 39 19 24 0.12398
924 181 26 32 0.120253
8 93 35 41 0.11668
534 14 30 36 0.100622
