rain/rain_00940
77
669 207 35 49 0.979103
485 450 34 40 0.814274
872 605 29 36 0.796118
812 59 36 41 0.755915
541 490 20 25 0.573489
702 638 27 31 0.503233
576 575 25 28 0.501815
838 595 29 34 0.450484
699 429 23 30 0.41198
773 572 29 32 0.404518
639 625 26 32 0.403673
28 183 24 28 0.394071
849 131 62 74 0.377613
343 -5 63 69 0.368848
266 580 24 28 0.344693
271 110 35 40 0.334793
319 23 47 57 0.325015
784 124 59 70 0.314074
955 331 25 30 0.309837
325 650 20 25 0.307211
936 278 36 38 0.30155
645 649 25 32 0.287799
767 4 49 62 0.281292
205 92 60 73 0.279055
725 221 32 37 0.276045
337 257 21 26 0.263174
331 205 38 44 0.260263
385 633 23 27 0.259753
671 362 64 73 0.259495
786 63 32 40 0.257735
821 565 25 28 0.254045
978 309 25 30 0.232748
854 431 21 25 0.226385
629 584 42 53 0.219126
757 92 34 42 0.218676
668 7 21 26 0.218468
226 403 22 25 0.217109
404 149 27 30 0.215909
788 480 23 27 0.215213
778 194 30 37 0.207678
277 230 21 26 0.201662
884 590 26 30 0.201037
360 506 21 24 0.199769
172 649 26 27 0.195748
960 289 26 29 0.185658
6 293 24 30 0.184783
291 0 64 70 0.183037
683 421 27 33 0.172095
766 548 38 42 0.169471
315 254 25 31 0.169177
499 50 41 48 0.165361
858 103 50 61 0.164073
602 289 30 37 0.160696
343 505 23 28 0.15262
387 63 20 25 0.151956
771 58 20 25 0.1509
58 116 23 29 0.149346
851 -4 37 43 0.142276
342 163 24 28 0.141939
993 490 20 24 0.136559
977 607 25 29 0.132587
348 519 25 31 0.131392
732 110 28 32 0.127846
235 28 31 37 0.123336
455 573 24 28 0.123041
761 171 24 30 0.119876
240 288 26 31 0.118267
794 -1 38 43 0.116374
118 -5 70 79 0.116148
301 223 23 28 0.112976
29 245 23 27 0.10929
990 224 27 32 0.10857
283 396 33 38 0.106797
971 348 41 48 0.105072
577 374 26 31 0.104434
311 543 24 28 0.103483
50 114 23 29 0.100264
