rain/rain_00946
59
360 304 88 104 0.9996
318 368 17 24 0.727357
515 651 19 21 0.703303
332 543 16 20 0.689299
868 650 20 24 0.562591
447 539 23 26 0.523529
30 526 19 20 0.481952
895 648 20 25 0.453526
208 654 21 25 0.412993
239 546 16 21 0.386032
116 485 67 78 0.35161
401 451 20 27 0.338123
500 580 55 64 0.330389
457 493 42 49 0.327557
713 603 17 21 0.29939
421 176 46 49 0.284916
501 506 26 30 0.275043
27 648 23 29 0.267821
421 525 18 20 0.267227
219 519 17 19 0.228979
373 444 25 33 0.219348
407 649 24 26 0.216627
309 626 15 16 0.211419
38 159 84 103 0.204513
332 562 17 20 0.203926
415 498 20 26 0.199187
224 612 16 19 0.196297
880 615 23 29 0.195282
336 456 23 28 0.194231
150 478 52 60 0.192473
281 536 12 16 0.190713
760 645 30 36 0.17423
292 522 15 18 0.174152
640 632 20 23 0.172421
457 467 35 41 0.172346
135 -18 94 101 0.169652
120 176 62 75 0.168267
274 383 17 21 0.155867
404 438 20 26 0.147004
295 578 29 34 0.144751
481 608 17 20 0.139333
347 407 19 26 0.139182
576 606 23 26 0.13071
234 620 17 20 0.129197
221 458 24 29 0.129
387 24 61 75 0.126611
94 577 20 23 0.125797
139 99 110 127 0.125763
451 628 30 34 0.120567
272 449 22 25 0.11735
394 521 20 23 0.116777
217 423 21 27 0.11284
48 579 18 20 0.110462
338 584 25 30 0.106941
51 464 25 27 0.106813
153 71 32 35 0.102883
179 461 36 44 0.101128
227 470 26 32 0.101036
305 556 24 27 0.100758
