rain/rain_00958
56
489 218 84 107 0.999976
524 556 29 39 0.988106
636 285 223 249 0.928518
852 295 109 128 0.800507
752 540 87 103 0.753101
551 225 54 74 0.648728
946 280 23 32 0.61645
762 252 54 64 0.586571
11 385 29 34 0.548172
147 411 41 49 0.518558
47 633 36 42 0.452917
701 578 30 33 0.429037
851 28 37 45 0.416705
561 213 23 29 0.406957
83 451 30 39 0.35694
98 228 29 44 0.352203
1 459 74 85 0.335329
144 618 28 33 0.328595
26 320 72 82 0.318899
165 1 24 33 0.292947
895 107 46 61 0.291765
184 335 77 89 0.279064
63 429 42 57 0.269378
477 465 70 82 0.265649
114 442 60 71 0.258645
892 398 31 37 0.249387
124 350 33 40 0.230313
204 427 29 33 0.223873
803 571 111 116 0.210007
608 206 26 29 0.208738
415 585 45 54 0.203897
653 573 37 47 0.202338
43 392 44 52 0.18815
64 263 26 32 0.179769
518 460 67 81 0.169608
950 50 28 36 0.167142
96 261 33 42 0.165675
174 258 68 82 0.162314
438 11 33 42 0.155207
879 425 38 49 0.152148
621 25 89 111 0.146363
637 211 22 30 0.141228
695 234 64 68 0.140361
339 249 27 33 0.137315
61 113 40 49 0.134281
135 292 27 37 0.13027
609 390 30 47 0.129016
647 267 27 31 0.12777
471 508 44 63 0.126676
527 545 28 35 0.124475
716 577 24 29 0.11884
107 209 19 24 0.115046
832 42 31 36 0.113743
84 383 28 34 0.111711
233 28 44 61 0.106109
295 426 28 32 0.100747
