rain/rain_00942
128
724 120 53 67 1
517 110 59 73 0.999999
789 108 49 63 0.999999
249 86 54 73 0.999998
682 103 42 52 0.999898
246 128 73 84 0.999388
453 67 48 56 0.9993
788 0 38 50 0.999165
191 120 42 55 0.999109
392 125 35 44 0.995459
421 108 40 51 0.97518
148 -8 50 61 0.923218
764 18 52 69 0.900479
32 43 50 60 0.898565
781 571 36 51 0.858932
159 242 33 43 0.84544
825 -7 100 130 0.840251
953 52 48 59 0.826175
711 510 48 69 0.797979
392 380 22 26 0.789496
65 166 32 42 0.780393
568 38 43 52 0.736171
905 200 25 32 0.731014
54 261 38 49 0.723754
632 266 25 30 0.687258
299 68 53 63 0.680752
300 570 29 36 0.678529
966 56 51 66 0.612065
989 536 24 31 0.588
588 595 23 26 0.574884
627 122 39 56 0.572901
932 215 28 40 0.567971
700 564 60 75 0.560049
545 209 49 55 0.553652
491 584 17 21 0.544553
186 176 28 34 0.544012
647 526 42 52 0.531736
70 49 51 64 0.524859
646 107 23 34 0.510033
699 555 24 29 0.508275
672 582 23 28 0.497586
949 89 63 82 0.49501
465 35 37 41 0.487959
227 109 40 41 0.458088
934 125 39 58 0.45668
624 207 28 45 0.455064
158 120 23 33 0.407777
153 225 27 35 0.405924
684 52 43 50 0.40566
84 259 26 33 0.403208
126 351 28 33 0.386535
684 608 25 31 0.36938
934 234 35 50 0.363298
212 587 37 44 0.362187
524 604 34 41 0.335467
260 534 28 37 0.334773
804 47 27 33 0.328266
776 4 36 43 0.328032
342 211 41 50 0.326694
512 605 25 32 0.312857
961 400 39 56 0.311017
126 110 43 69 0.306058
868 310 62 98 0.297722
589 142 25 33 0.294385
522 638 42 46 0.29365
944 524 24 30 0.291572
359 237 31 46 0.262169
839 219 18 21 0.24928
550 636 39 44 0.245687
480 390 31 42 0.229815
579 594 25 29 0.229531
631 62 28 35 0.226746
783 96 50 56 0.22371
964 522 23 27 0.223702
494 385 48 60 0.218974
165 275 30 34 0.216876
942 500 22 27 0.215767
150 543 33 39 0.212948
403 382 22 28 0.212595
378 373 25 33 0.208971
122 549 24 27 0.205646
414 542 18 21 0.199613
874 7 73 102 0.197501
174 424 30 43 0.196547
136 262 22 27 0.191821
424 93 34 47 0.190324
440 460 44 64 0.186986
930 51 55 70 0.184044
665 214 20 22 0.183063
150 446 30 40 0.18055
362 540 22 25 0.177873
165 123 43 49 0.17043
365 485 28 33 0.169839
600 110 25 36 0.167583
299 599 23 29 0.165755
214 465 37 46 0.16443
467 15 28 37 0.158429
615 638 52 61 0.156033
629 171 27 33 0.150567
557 46 31 41 0.14908
79 265 25 31 0.148644
906 490 27 35 0.144621
800 23 30 40 0.142486
339 522 27 32 0.138614
201 615 14 20 0.137559
68 313 25 40 0.136374
353 297 50 76 0.133571
248 480 27 38 0.13066
889 530 29 32 0.129453
432 573 29 37 0.129319
765 595 23 29 0.129254
532 174 37 42 0.128459
777 482 42 53 0.128434
259 583 18 22 0.127601
466 505 23 31 0.124912
399 460 15 24 0.12179
144 175 35 43 0.120887
162 501 27 32 0.119955
928 92 29 41 0.117346
72 340 27 36 0.111033
753 38 36 55 0.107872
141 267 29 31 0.106474
510 47 30 36 0.105445
899 150 41 46 0.10488
960 491 23 30 0.101451
551 410 112 145 0.101192
908 539 32 43 0.100623
640 85 27 33 0.100501
