rain/rain_00973
24
107 82 42 55 0.9802
345 115 56 71 0.660561
714 172 22 27 0.617392
340 277 35 42 0.39625
852 70 35 46 0.384003
776 315 59 75 0.321203
484 179 41 50 0.320966
692 553 24 29 0.317285
310 489 25 34 0.297053
392 466 35 41 0.256151
874 354 47 57 0.222022
879 307 37 45 0.158128
884 50 27 33 0.150123
929 286 31 38 0.147357
788 46 40 49 0.140133
945 611 26 33 0.137826
986 23 29 35 0.135461
938 603 27 35 0.132957
809 72 46 56 0.130089
925 93 28 33 0.110131
736 137 34 41 0.108047
95 75 43 58 0.107379
941 127 29 36 0.105743
875 140 23 28 0.101821
