rain/rain_00114
39
980 774 24 26 0.581695
990 734 23 28 0.567095
503 735 21 26 0.539121
349 1198 56 64 0.518708
449 1248 36 42 0.500563
153 1231 37 42 0.426404
907 1259 32 36 0.408384
920 826 23 28 0.366555
827 1224 31 37 0.305991
977 833 23 29 0.282129
763 1215 35 39 0.277051
126 1231 50 54 0.249366
517 1247 39 39 0.23511
490 762 35 45 0.232701
662 1140 31 33 0.214189
378 735 20 23 0.206677
842 833 27 32 0.200911
748 241 17 24 0.199802
816 823 27 36 0.19667
313 1135 30 33 0.196615
930 731 22 28 0.193019
60 1248 42 49 0.189194
343 866 22 32 0.175974
616 1135 26 32 0.169482
524 888 20 24 0.169307
420 1039 29 33 0.16118
934 874 21 28 0.157764
109 1170 30 33 0.151573
411 1100 25 27 0.144184
359 1243 26 30 0.131228
239 843 26 35 0.121216
996 236 21 27 0.116323
644 819 23 29 0.115798
796 812 24 30 0.115685
671 716 23 31 0.111443
667 772 21 25 0.111252
800 1008 20 23 0.108073
242 1215 28 32 0.106425
331 322 21 30 0.100417
