rain/rain_00111
191
593 224 71 83 0.996428
879 374 24 29 0.923459
127 466 40 47 0.908856
46 486 39 47 0.878092
505 497 36 43 0.85215
117 462 36 40 0.85094
912 472 43 49 0.80676
15 493 37 44 0.788324
865 524 27 34 0.767248
835 535 35 43 0.761602
104 461 35 39 0.728792
17 433 28 35 0.725262
361 540 30 37 0.723215
799 482 33 41 0.694114
352 542 24 28 0.687467
777 354 73 84 0.681813
559 270 32 34 0.680457
127 542 32 38 0.665087
334 33 38 53 0.654865
55 0 32 38 0.651346
365 467 28 32 0.643259
343 218 83 101 0.623568
815 416 42 51 0.622484
87 444 33 42 0.613512
106 497 50 63 0.611823
860 90 28 36 0.596832
907 525 28 33 0.589556
461 517 35 43 0.578985
767 456 53 65 0.566724
24 553 24 28 0.565858
349 438 28 36 0.56194
159 442 33 41 0.553581
105 420 30 34 0.546942
833 478 39 46 0.546485
300 44 23 29 0.544301
158 140 27 33 0.544164
970 38 25 31 0.536317
211 519 33 41 0.532814
819 489 27 34 0.512256
74 370 35 42 0.511352
890 467 42 47 0.508225
216 418 28 34 0.505297
-2 465 29 34 0.501733
126 16 48 57 0.497145
269 474 38 48 0.496562
964 474 30 35 0.496333
16 515 36 40 0.491593
74 393 28 38 0.488565
337 115 43 50 0.482
155 71 48 58 0.470254
3 392 26 31 0.460558
941 508 31 36 0.45923
242 193 48 59 0.458014
880 476 42 51 0.456657
269 458 39 45 0.452153
50 76 71 82 0.450254
173 66 52 64 0.435934
571 336 32 40 0.435723
93 27 47 56 0.43327
820 521 28 36 0.420376
586 329 31 38 0.420037
793 76 22 27 0.416177
878 94 40 49 0.408311
331 416 31 37 0.404088
71 464 32 36 0.401172
42 17 24 29 0.393956
390 441 35 43 0.389267
261 526 22 29 0.384493
987 128 27 34 0.381384
769 39 24 29 0.378317
713 -5 38 45 0.373235
625 350 31 37 0.369033
108 62 30 37 0.36439
520 479 29 34 0.355037
263 451 34 41 0.354218
902 46 25 34 0.343108
466 487 31 38 0.342278
789 289 53 63 0.340718
614 59 17 19 0.338449
811 45 23 27 0.337608
964 64 52 65 0.334603
34 460 30 36 0.33404
728 54 25 28 0.3301
667 456 32 37 0.327379
965 167 33 41 0.326159
423 335 69 80 0.307308
885 488 46 57 0.299708
256 494 27 30 0.297831
775 514 25 32 0.297322
232 449 31 38 0.297068
294 535 25 29 0.295061
242 527 33 38 0.287858
343 496 43 52 0.287591
405 138 24 34 0.285539
165 543 35 40 0.28234
295 224 55 68 0.280693
576 207 23 28 0.28017
104 90 34 44 0.278427
38 102 35 42 0.277908
641 346 26 34 0.272769
297 123 32 40 0.26816
30 435 30 39 0.262575
141 445 33 38 0.250389
213 446 24 29 0.249522
428 60 49 60 0.249459
361 43 71 82 0.247148
645 35 21 25 0.246244
99 65 25 31 0.245139
937 471 40 46 0.240656
858 52 26 32 0.237082
795 520 28 34 0.234925
849 464 52 61 0.232402
120 449 28 33 0.229895
155 498 31 37 0.228564
338 81 40 52 0.227854
375 140 24 30 0.22599
772 74 25 33 0.221401
177 96 43 56 0.22044
95 510 31 35 0.21944
979 403 41 57 0.217558
84 437 26 32 0.217246
710 219 20 28 0.217042
312 165 27 34 0.215682
353 465 30 35 0.214392
339 57 32 44 0.212397
846 414 41 50 0.208962
254 446 27 34 0.207433
134 66 48 58 0.206528
555 284 27 29 0.206217
937 39 23 29 0.203571
380 523 33 38 0.20137
218 4 52 61 0.195585
698 23 15 20 0.193342
56 527 24 29 0.192417
-1 444 22 31 0.189866
844 312 28 35 0.181914
435 175 24 29 0.176528
195 418 27 34 0.175834
55 39 46 53 0.175269
567 321 30 41 0.174981
148 538 37 44 0.173466
142 399 46 56 0.171617
993 529 25 32 0.171485
722 275 73 89 0.170922
129 445 28 33 0.169971
107 544 23 28 0.169942
401 461 40 48 0.16913
116 416 30 34 0.168977
471 423 21 26 0.162777
977 47 28 35 0.158804
190 457 27 36 0.158765
924 419 29 36 0.157739
177 496 30 37 0.154654
982 460 37 46 0.154065
26 425 32 37 0.153998
144 129 31 37 0.153106
852 19 26 31 0.152437
234 478 32 37 0.151547
75 325 41 47 0.14942
85 522 25 31 0.148336
886 526 39 45 0.147318
266 60 32 40 0.146819
811 81 51 61 0.145795
861 389 54 70 0.14392
513 437 31 37 0.142131
188 476 19 25 0.141967
942 86 26 33 0.139819
51 419 29 36 0.138391
687 474 30 38 0.136265
880 13 31 41 0.135642
297 442 42 47 0.134
205 482 26 33 0.13389
248 401 55 60 0.132246
385 467 44 55 0.130976
324 530 28 33 0.127288
944 395 35 43 0.125943
751 395 59 72 0.124569
495 490 32 41 0.124289
125 167 71 90 0.12379
395 342 47 54 0.120507
174 -10 56 66 0.115356
23 138 35 43 0.113605
711 364 20 24 0.113056
153 455 36 43 0.11294
402 508 40 50 0.109319
332 476 28 34 0.106468
632 308 27 36 0.105698
281 526 30 35 0.104561
515 486 29 35 0.103706
355 419 25 31 0.102487
493 91 22 27 0.10015
