rain/rain_00962
330
212 303 20 25 0.998179
736 258 22 30 0.990861
491 329 36 47 0.986556
793 69 28 30 0.963249
493 272 50 62 0.944943
577 105 29 37 0.908744
207 367 26 32 0.89621
331 799 30 42 0.870435
306 779 25 33 0.837016
244 569 26 31 0.822646
172 522 30 33 0.802634
826 140 34 36 0.78997
503 315 30 38 0.789939
153 329 34 43 0.779504
990 149 25 28 0.76527
475 63 30 34 0.74261
848 29 20 31 0.73904
668 48 40 45 0.734353
928 59 30 43 0.728291
183 247 57 69 0.72223
892 210 13 16 0.721944
135 1104 23 31 0.711791
761 203 37 38 0.705406
422 496 36 48 0.700168
294 484 22 27 0.685624
855 939 33 38 0.674355
166 383 29 40 0.673826
304 107 33 42 0.663289
834 203 28 31 0.658638
963 1133 33 36 0.632401
220 148 29 40 0.618215
458 593 23 32 0.616998
293 754 29 38 0.616892
675 280 25 33 0.614946
363 42 24 29 0.612622
235 511 29 37 0.611847
852 868 23 27 0.60211
232 486 22 26 0.601069
785 353 99 118 0.587653
162 737 26 32 0.585751
90 977 83 105 0.584734
418 365 39 53 0.579896
722 457 30 34 0.575434
629 151 22 29 0.574681
166 263 52 57 0.561321
837 220 35 48 0.560504
599 40 35 39 0.5478
940 95 36 47 0.544511
392 722 39 54 0.53454
855 202 18 24 0.529215
519 609 25 33 0.524877
362 829 28 37 0.521029
390 786 31 39 0.518127
142 192 18 22 0.514771
726 18 70 84 0.512687
493 437 22 26 0.510685
670 200 30 37 0.508711
50 545 21 29 0.508346
75 455 35 41 0.496401
328 777 32 45 0.490122
579 50 48 54 0.480937
332 220 34 43 0.479755
274 667 34 39 0.474152
154 358 29 34 0.468346
855 341 51 70 0.465277
501 459 43 57 0.459229
552 277 44 59 0.457264
219 1091 27 29 0.456156
78 209 21 26 0.455517
297 240 36 45 0.446616
152 304 20 25 0.440072
256 227 24 30 0.431881
523 667 19 25 0.427985
882 430 33 45 0.42522
716 156 33 36 0.423003
525 472 116 148 0.422155
292 435 25 40 0.42014
264 511 40 47 0.418215
615 356 36 40 0.417243
49 626 21 28 0.415717
99 1208 39 47 0.414472
841 181 22 25 0.413232
449 158 31 36 0.411804
105 260 35 40 0.406833
397 682 27 30 0.406655
515 887 32 41 0.406588
233 1119 25 31 0.404237
654 21 30 32 0.403665
932 1110 43 46 0.402265
562 259 34 42 0.396533
152 982 31 34 0.388353
471 745 46 57 0.383901
987 1152 27 32 0.383458
534 372 44 58 0.382413
491 155 37 43 0.373488
849 135 23 24 0.36864
34 75 19 20 0.367148
889 260 28 36 0.357911
397 588 27 38 0.35355
93 46 20 27 0.352636
113 74 18 24 0.351594
199 515 19 24 0.347439
207 1097 27 33 0.342384
491 788 39 50 0.342063
25 583 36 43 0.341783
178 776 17 22 0.335553
826 878 30 35 0.331378
603 231 26 29 0.330803
293 736 30 38 0.330777
895 304 35 43 0.328773
640 23 29 32 0.322021
987 125 21 25 0.320037
624 333 23 27 0.318243
214 900 35 39 0.316992
886 646 18 21 0.312943
388 761 31 40 0.310531
648 275 41 48 0.306244
395 496 30 40 0.303748
325 38 33 40 0.301684
794 253 28 40 0.300453
678 161 31 35 0.299393
672 73 33 42 0.298765
152 1184 25 31 0.296837
167 323 25 32 0.296192
308 649 25 35 0.293334
38 765 39 45 0.292081
262 266 33 37 0.29088
331 502 33 42 0.290373
476 115 21 26 0.290063
265 226 27 35 0.289584
630 366 41 47 0.289113
158 1191 24 31 0.289059
433 148 34 40 0.28757
947 732 30 33 0.283668
133 1080 32 39 0.283644
887 723 60 67 0.280027
28 52 27 33 0.279746
141 331 29 39 0.279049
389 843 32 40 0.277475
453 767 24 30 0.270542
479 30 25 32 0.269063
506 444 33 41 0.267175
301 708 25 29 0.266688
330 718 30 42 0.263633
426 739 22 27 0.263531
450 441 32 40 0.262935
661 300 39 56 0.259465
301 691 25 30 0.259235
288 305 28 32 0.258411
267 713 35 45 0.254458
469 481 27 38 0.253819
210 446 23 35 0.251918
916 153 33 47 0.24842
991 293 30 43 0.247825
392 519 26 35 0.246504
449 739 28 37 0.243517
467 134 18 20 0.241568
443 452 34 43 0.241184
260 579 27 36 0.240607
994 1219 23 28 0.240323
489 231 19 22 0.239636
231 534 26 41 0.237649
464 511 39 51 0.237629
537 156 27 31 0.230984
568 238 41 48 0.230609
69 643 28 34 0.230365
43 473 62 82 0.229471
503 807 41 54 0.229414
24 18 30 38 0.229215
492 129 24 25 0.228242
283 1049 29 35 0.226181
791 98 18 26 0.225666
476 783 26 29 0.225039
745 176 24 33 0.22449
545 888 33 38 0.223874
666 227 36 47 0.222395
972 155 25 37 0.222392
13 332 57 78 0.221968
501 420 22 25 0.220471
910 128 32 35 0.220434
225 574 25 36 0.216676
437 1188 48 51 0.216508
851 971 33 36 0.21581
157 192 25 32 0.21514
602 378 32 39 0.214839
596 174 25 28 0.214663
586 322 26 36 0.214154
604 58 35 38 0.214023
319 685 38 49 0.213659
609 113 33 42 0.213442
0 211 47 57 0.213117
883 521 29 32 0.210528
981 1024 36 41 0.208039
743 153 33 38 0.208025
503 408 26 29 0.207487
126 468 26 39 0.205694
143 517 27 31 0.20545
234 401 26 32 0.205412
766 1027 43 53 0.204721
485 662 26 29 0.204547
79 276 24 29 0.204054
876 355 56 70 0.20106
455 778 24 31 0.199038
644 895 40 43 0.198555
898 169 25 30 0.198459
509 781 33 39 0.198454
433 216 20 23 0.198413
482 375 22 26 0.197664
242 853 42 47 0.196378
164 1129 25 31 0.196168
328 830 37 49 0.192626
85 286 28 38 0.192615
293 1089 35 41 0.191542
423 471 19 27 0.191022
969 937 34 41 0.190529
149 412 34 41 0.18939
458 390 23 29 0.189016
49 701 23 27 0.188992
686 199 38 46 0.187749
265 623 41 44 0.187324
134 454 22 32 0.185748
818 857 35 40 0.18555
983 -10 40 43 0.179565
776 816 36 42 0.179399
10 301 34 46 0.179336
464 543 34 45 0.169821
467 861 38 43 0.169678
834 616 28 31 0.16893
521 786 44 54 0.168697
187 215 17 20 0.167707
119 1052 44 50 0.16746
487 38 78 99 0.165972
18 1012 25 29 0.165118
376 344 56 82 0.16001
24 125 32 43 0.159095
179 839 50 61 0.158755
897 210 14 17 0.158703
600 182 32 42 0.157587
22 304 35 48 0.157583
125 595 64 72 0.156761
520 806 45 57 0.155978
492 502 25 30 0.154658
126 172 27 30 0.154613
923 382 52 75 0.154238
761 145 59 71 0.153875
144 499 25 27 0.153562
381 871 42 62 0.152503
66 407 25 34 0.152047
204 742 23 25 0.1501
201 161 30 37 0.148641
450 699 17 22 0.14705
45 415 21 28 0.146552
468 710 50 64 0.145272
622 303 20 25 0.144504
80 759 27 30 0.14366
103 698 35 43 0.143491
335 523 26 34 0.142905
133 293 32 41 0.142601
125 221 29 32 0.141477
0 -5 40 49 0.141325
562 169 30 33 0.14076
-1 355 27 34 0.140489
899 824 20 22 0.138355
816 168 25 32 0.137339
57 641 31 36 0.136647
981 943 38 41 0.135835
677 729 25 28 0.134794
844 687 30 32 0.134322
173 1206 23 26 0.133272
248 411 46 55 0.133168
24 755 26 32 0.133122
470 171 23 32 0.13255
301 728 33 43 0.13115
176 168 24 32 0.130611
27 398 18 23 0.129929
285 517 32 36 0.129238
521 712 37 42 0.128958
624 623 35 42 0.128708
138 527 36 46 0.128006
351 873 32 42 0.127983
299 338 25 41 0.127936
395 801 28 36 0.127392
837 286 33 46 0.125994
-1 59 26 35 0.125634
29 481 25 32 0.125625
210 1064 19 21 0.125179
953 225 24 33 0.124396
502 435 21 27 0.124361
856 81 22 27 0.124281
1 257 42 50 0.123941
372 89 13 15 0.123755
427 902 66 84 0.122826
397 924 43 52 0.12263
394 543 25 34 0.12223
626 183 28 32 0.122149
588 422 21 31 0.122091
160 474 52 71 0.119878
129 247 23 27 0.119815
37 665 33 37 0.119007
658 436 33 45 0.115377
82 732 27 37 0.115172
960 907 29 31 0.114906
838 912 25 31 0.114587
437 419 28 34 0.113961
300 200 26 33 0.112248
63 -1 36 43 0.111206
411 841 54 73 0.111132
121 451 18 24 0.109248
486 848 23 26 0.108975
114 1137 32 38 0.106761
896 1069 33 36 0.106639
885 6 33 39 0.105577
207 489 28 35 0.105546
471 846 25 33 0.105397
234 605 35 43 0.105111
220 1106 30 37 0.105041
208 550 20 24 0.104781
45 719 23 30 0.104292
898 89 19 27 0.103201
419 806 49 61 0.102884
657 484 59 83 0.102583
128 1114 31 40 0.102269
883 141 24 30 0.10223
-1 158 27 35 0.101582
730 179 26 32 0.10153
108 284 23 30 0.101507
185 172 23 28 0.101359
16 117 21 28 0.101038
139 686 50 58 0.10062
636 741 42 48 0.10054
