rain/rain_00969
44
237 77 55 66 0.999251
235 332 25 32 0.988861
595 96 41 50 0.850134
566 105 54 62 0.687371
285 307 61 66 0.603357
827 181 30 33 0.533623
239 399 24 27 0.512972
908 654 23 26 0.445346
373 260 28 34 0.385322
199 322 28 33 0.380713
315 354 35 41 0.378694
643 125 18 22 0.377537
574 94 19 21 0.375635
288 211 30 35 0.347477
181 271 22 27 0.338918
229 410 25 30 0.324155
663 190 73 82 0.301313
767 573 22 25 0.296596
340 648 32 40 0.281034
224 102 19 21 0.279896
212 25 62 72 0.249553
707 259 17 22 0.235523
825 584 76 80 0.233901
711 263 44 47 0.212969
620 135 19 23 0.201516
581 146 31 37 0.194507
645 118 17 21 0.186576
743 323 14 17 0.18098
211 379 19 23 0.173784
750 319 18 21 0.170634
667 147 15 18 0.160473
877 186 17 21 0.156963
886 587 21 27 0.143219
202 272 22 26 0.13732
221 135 22 29 0.127876
406 259 14 17 0.126041
898 141 47 53 0.122512
699 259 18 22 0.121247
923 607 14 20 0.118441
261 390 24 29 0.118316
430 540 19 22 0.117053
630 317 31 38 0.111532
812 296 23 28 0.103772
740 366 18 22 0.102713
