rain/rain_00914
126
802 195 26 31 0.998695
243 553 30 37 0.963239
725 310 23 27 0.913146
911 226 24 28 0.862802
984 102 22 28 0.724923
360 185 25 30 0.717298
591 477 41 41 0.62136
692 143 19 23 0.619785
410 466 39 45 0.529319
691 127 21 24 0.520057
746 193 23 26 0.506075
932 53 18 23 0.493925
687 333 21 27 0.493594
698 71 33 37 0.462146
241 144 74 81 0.453088
758 505 85 105 0.447434
564 298 22 33 0.444953
760 166 27 31 0.439669
402 203 26 29 0.418654
847 16 33 43 0.40591
667 635 41 41 0.40322
685 124 21 23 0.397498
476 94 109 132 0.392406
305 568 63 68 0.365954
958 271 20 25 0.365195
673 38 24 25 0.355572
384 0 25 28 0.353225
653 382 19 23 0.346418
342 206 23 32 0.345949
621 189 23 27 0.334149
815 388 37 42 0.327658
362 197 27 31 0.325593
585 89 21 22 0.319367
385 72 18 21 0.312259
661 195 28 30 0.300251
772 120 20 26 0.293425
257 540 41 54 0.291114
360 52 22 23 0.290966
109 231 41 46 0.287457
963 228 40 56 0.279806
7 -2 31 37 0.268924
851 186 22 27 0.267094
612 98 22 24 0.262691
196 88 49 54 0.262402
648 418 14 20 0.252958
476 11 28 36 0.252695
206 29 23 32 0.252026
38 362 96 118 0.250001
394 38 19 23 0.244999
520 382 20 24 0.242253
135 3 17 22 0.241183
739 161 23 29 0.239303
600 139 21 27 0.239275
210 13 21 30 0.23669
333 514 120 137 0.23483
934 511 81 93 0.232606
402 95 25 28 0.229492
741 207 23 29 0.227026
645 0 31 35 0.226443
252 314 18 22 0.225682
102 555 136 162 0.222566
112 61 17 20 0.221479
144 116 21 26 0.219325
617 37 22 31 0.215588
769 -1 31 36 0.214678
847 145 21 24 0.214278
841 60 44 56 0.214029
439 563 27 33 0.212098
431 118 51 63 0.210831
215 427 24 27 0.210029
260 59 33 40 0.208197
699 85 31 34 0.206393
595 110 39 45 0.203741
381 90 27 32 0.201071
577 462 26 32 0.200969
632 205 45 49 0.197494
375 86 21 23 0.195858
949 222 40 56 0.194433
33 633 23 29 0.194192
276 79 61 69 0.19231
910 53 21 27 0.191374
775 191 20 24 0.190377
465 340 27 39 0.188466
626 15 26 30 0.186541
471 78 61 60 0.186513
44 233 25 30 0.178463
786 161 32 36 0.17615
253 115 24 27 0.174489
31 599 20 27 0.173068
583 469 40 43 0.171098
691 17 32 36 0.165742
338 46 24 31 0.164214
48 124 21 24 0.162928
687 300 28 30 0.1543
262 93 25 31 0.152975
292 601 25 29 0.148985
922 43 19 24 0.146882
707 363 29 40 0.144802
166 44 45 60 0.135696
755 341 50 68 0.133646
649 29 21 23 0.132016
723 243 19 24 0.131053
713 -1 33 36 0.129988
954 36 18 21 0.125687
21 316 24 28 0.125213
2 221 29 38 0.12297
269 383 37 43 0.118907
228 103 32 37 0.114348
543 184 52 75 0.114095
35 26 26 28 0.113347
664 38 23 26 0.11314
676 326 25 31 0.112735
846 326 19 23 0.110421
50 648 20 23 0.109584
950 94 24 34 0.109101
788 9 24 29 0.108584
22 118 23 28 0.106792
114 257 31 36 0.10541
908 105 32 39 0.104359
674 10 33 39 0.103424
995 285 17 20 0.102961
273 597 22 29 0.10273
756 405 20 24 0.102229
528 610 40 54 0.102075
418 72 18 25 0.101816
712 26 19 21 0.10045
