rain/rain_00006
127
471 187 78 97 0.999996
261 265 251 298 0.899862
85 186 37 47 0.895481
379 190 30 38 0.832625
338 221 26 34 0.805172
296 158 30 37 0.804785
957 306 66 74 0.794002
100 31 27 34 0.781241
179 67 47 56 0.776076
748 208 32 38 0.769793
107 191 36 47 0.750712
778 216 33 42 0.738221
449 601 24 29 0.733049
915 189 27 34 0.70814
707 156 33 36 0.699925
810 207 25 32 0.688572
74 330 30 39 0.659324
871 185 55 61 0.646239
170 369 51 70 0.63045
20 187 26 34 0.619098
269 218 51 60 0.611973
158 348 48 63 0.595897
664 170 37 43 0.59541
162 525 42 48 0.589818
61 34 25 31 0.559033
50 1 32 40 0.538529
-3 176 37 50 0.514007
144 -2 25 28 0.492715
789 237 36 44 0.49054
213 291 25 31 0.477232
-4 123 35 43 0.468978
741 173 30 38 0.464866
229 256 29 38 0.447659
913 346 47 56 0.44615
109 75 26 31 0.445117
140 34 35 39 0.441122
240 337 24 28 0.433674
380 231 45 53 0.411191
159 288 39 50 0.409156
346 176 36 43 0.407795
161 328 41 48 0.397843
807 187 32 40 0.39733
145 55 26 33 0.393038
132 85 38 47 0.392225
767 181 27 35 0.382075
195 110 33 40 0.370506
239 499 49 56 0.352152
407 206 25 32 0.347937
969 147 25 32 0.347035
625 145 20 23 0.343774
234 236 31 36 0.343638
997 220 21 26 0.339191
375 172 24 32 0.335432
179 30 21 24 0.333393
311 93 47 58 0.32931
127 550 38 46 0.327744
263 50 25 28 0.326256
182 321 35 42 0.314277
200 160 40 50 0.307005
100 42 28 34 0.300266
164 150 32 38 0.298018
154 225 54 69 0.289563
236 373 55 71 0.288745
41 127 38 46 0.285748
14 24 29 35 0.28135
778 195 38 48 0.276563
973 261 36 42 0.275726
108 325 38 52 0.272969
926 167 41 49 0.272857
816 555 43 48 0.266383
96 585 38 45 0.261443
236 47 40 47 0.261395
996 118 26 31 0.234726
140 245 49 61 0.2283
223 335 19 26 0.227299
78 595 29 35 0.220027
775 157 34 41 0.210491
17 0 38 45 0.205642
95 417 58 68 0.205618
758 152 29 35 0.200733
-1 578 67 74 0.199131
71 368 44 55 0.196842
845 251 44 52 0.195095
274 82 52 59 0.193622
167 -3 23 25 0.191768
150 14 33 42 0.189774
106 -2 35 41 0.189489
31 373 39 53 0.187095
403 232 49 63 0.182518
103 182 27 30 0.178555
197 498 70 78 0.175148
621 635 23 29 0.165581
331 122 36 45 0.165374
199 176 47 56 0.165089
953 212 55 63 0.162327
65 -4 33 36 0.159246
534 228 44 47 0.158894
277 206 29 35 0.157173
6 104 19 23 0.154285
823 233 37 43 0.150081
323 248 40 48 0.149671
273 158 37 45 0.146009
50 38 28 35 0.145064
738 150 38 43 0.144132
14 568 65 77 0.140099
114 82 25 30 0.138792
204 233 42 50 0.137847
168 167 43 56 0.137491
89 107 33 47 0.135563
129 5 30 37 0.131438
299 84 45 52 0.129699
820 175 39 41 0.128035
206 330 29 42 0.127364
143 74 42 49 0.125328
84 222 23 29 0.125035
17 45 34 44 0.122824
5 16 30 33 0.12278
-1 344 19 29 0.122593
196 136 47 58 0.121331
176 397 63 75 0.11917
184 53 31 37 0.118623
152 138 30 38 0.113196
473 253 65 83 0.111026
209 362 31 39 0.11088
828 284 47 54 0.103472
498 325 29 37 0.101661
556 309 44 54 0.100649
