rain/rain_00937
28
856 191 41 57 0.949412
883 247 48 52 0.764023
861 28 28 35 0.723797
779 274 139 173 0.599427
636 134 39 48 0.515799
542 152 61 91 0.473519
96 517 27 32 0.471254
599 -2 23 28 0.454857
713 74 22 26 0.328883
507 166 25 30 0.286783
616 103 40 47 0.240696
385 92 51 60 0.220278
51 391 22 26 0.219856
702 368 65 89 0.204617
304 126 22 28 0.200147
933 260 30 39 0.194635
551 135 25 31 0.167816
533 69 45 53 0.167353
800 244 45 57 0.145818
887 484 36 44 0.132653
407 307 28 34 0.123024
254 114 26 31 0.122773
87 79 28 32 0.121435
400 110 44 54 0.119204
608 163 25 30 0.115154
426 304 30 34 0.112786
963 313 26 33 0.108995
95 118 29 35 0.103572
