rain/rain_00011
51
512 251 119 163 0.999997
965 605 45 49 0.641765
481 444 41 46 0.540481
534 384 71 82 0.539102
925 588 24 28 0.522703
521 588 40 46 0.512651
364 386 42 48 0.483541
67 107 99 112 0.462911
864 225 49 53 0.460167
203 396 56 65 0.430802
912 9 77 96 0.40008
42 338 29 36 0.390133
520 149 24 28 0.364275
501 144 21 23 0.345074
407 606 55 70 0.319363
391 634 20 27 0.312905
830 526 62 74 0.312158
407 31 23 26 0.308789
130 392 53 65 0.296452
597 453 25 31 0.295086
557 508 24 27 0.274587
25 539 27 34 0.265436
724 33 25 30 0.251619
178 452 176 208 0.229411
439 598 42 57 0.212181
350 23 43 45 0.211379
494 509 66 86 0.211308
57 235 82 105 0.200491
85 549 57 68 0.198114
290 223 80 94 0.187512
123 186 86 95 0.184291
608 439 23 30 0.182189
480 11 31 34 0.179097
680 6 34 38 0.167966
224 164 19 23 0.160311
165 521 22 27 0.155652
86 437 43 51 0.154129
792 503 40 49 0.151053
293 112 27 36 0.148772
369 106 18 21 0.148386
79 17 37 48 0.145068
292 626 40 51 0.134866
492 75 14 18 0.133977
350 152 19 23 0.12115
303 80 23 23 0.120652
810 121 20 26 0.112842
139 607 29 37 0.110268
100 516 63 74 0.109712
907 487 44 49 0.104935
798 577 34 39 0.104934
567 29 21 27 0.103549
