rain/rain_00917
42
327 29 74 81 0.999797
808 376 51 75 0.995129
363 189 108 135 0.988686
807 34 66 76 0.967025
499 174 129 168 0.757551
521 626 43 51 0.71851
711 20 34 42 0.717827
863 32 24 29 0.672592
38 502 49 60 0.663217
47 566 25 31 0.630725
332 138 18 22 0.598574
339 176 85 109 0.558376
290 658 37 44 0.46267
148 326 23 29 0.453851
277 609 46 58 0.411688
100 322 35 42 0.329913
573 269 87 103 0.282485
417 664 34 45 0.276105
119 625 23 27 0.27059
145 589 26 30 0.245042
75 173 42 52 0.240996
13 336 27 34 0.234661
818 149 98 120 0.233146
493 622 40 45 0.22685
477 165 25 32 0.218983
711 464 59 86 0.210672
323 704 22 26 0.180724
230 642 31 37 0.172162
296 239 24 31 0.170073
2 174 31 42 0.154573
63 649 64 76 0.145392
93 387 32 45 0.142914
221 391 22 29 0.137474
188 467 21 28 0.131843
332 322 27 35 0.117277
50 459 24 29 0.113035
63 564 23 29 0.112708
22 647 17 22 0.111682
152 311 22 29 0.109906
538 140 23 31 0.106262
173 113 35 43 0.10607
97 599 23 28 0.10212
