rain/rain_00978
128
564 284 91 112 1
170 120 34 45 0.999998
833 272 94 104 0.999986
220 109 27 36 0.999973
172 55 23 30 0.999939
269 91 38 48 0.999859
969 130 24 29 0.997832
912 102 13 17 0.994261
419 96 17 22 0.961181
481 108 30 36 0.928089
969 103 17 21 0.776255
680 394 22 27 0.752835
490 269 24 26 0.747492
0 125 15 21 0.742554
739 630 22 25 0.740528
657 252 59 71 0.739513
79 53 31 36 0.723342
705 345 38 41 0.696126
209 275 24 31 0.69015
975 414 36 42 0.679786
675 712 60 83 0.641232
58 251 29 31 0.623111
63 102 20 26 0.577964
141 408 34 43 0.532579
206 320 22 27 0.511676
76 75 25 30 0.502655
724 717 26 36 0.499389
642 14 59 76 0.494229
480 341 22 26 0.491864
400 136 20 25 0.476302
158 144 81 103 0.471059
355 35 25 29 0.464375
949 245 27 32 0.43599
444 366 27 33 0.432917
716 284 25 36 0.37948
97 245 14 20 0.376034
760 373 22 23 0.350488
924 767 24 31 0.347473
480 83 22 26 0.343127
639 652 24 27 0.333743
420 243 31 46 0.325588
345 84 63 76 0.319829
722 636 34 43 0.316744
142 313 34 43 0.316154
1 192 22 29 0.315139
151 440 25 32 0.304024
415 216 33 38 0.288935
740 727 35 50 0.288054
349 201 30 39 0.276329
736 484 39 49 0.275047
114 205 36 51 0.27467
709 442 29 39 0.272042
10 118 22 25 0.268626
121 237 26 33 0.264088
399 574 23 26 0.256929
342 290 29 34 0.255437
649 702 21 24 0.255032
30 183 39 47 0.25407
525 408 23 36 0.252691
123 270 16 21 0.247326
436 225 24 31 0.247243
960 122 25 27 0.24358
887 357 34 41 0.239001
875 52 33 42 0.235839
52 189 26 31 0.232123
524 288 22 30 0.221638
193 315 26 29 0.221484
258 65 26 31 0.22129
288 72 19 25 0.219051
969 440 45 52 0.212813
946 23 24 31 0.212494
875 428 19 24 0.206107
297 99 28 43 0.205759
328 336 26 30 0.203687
101 14 21 25 0.200512
881 99 13 18 0.197919
224 205 30 47 0.193333
636 683 18 23 0.19184
657 665 35 51 0.191178
45 63 19 27 0.186523
446 238 31 37 0.182677
807 56 35 38 0.181596
398 145 23 31 0.18106
543 11 21 26 0.179479
996 132 19 25 0.17459
280 305 32 36 0.173985
795 667 24 31 0.167539
140 272 32 41 0.167363
5 280 19 22 0.167332
211 88 17 20 0.165638
190 76 21 30 0.165056
107 165 14 19 0.160381
810 7 37 45 0.156629
30 134 33 39 0.156563
235 94 23 25 0.149071
873 366 39 53 0.145762
985 311 24 27 0.143694
484 678 24 29 0.143031
969 406 33 42 0.141829
366 304 57 59 0.141195
380 13 30 32 0.137411
679 405 25 31 0.136525
524 428 24 36 0.13559
725 547 22 26 0.134362
269 83 19 25 0.133618
705 309 52 60 0.132857
55 27 22 28 0.132267
189 345 28 36 0.124312
24 192 18 21 0.122953
747 417 24 29 0.119415
490 215 38 48 0.119314
324 347 31 40 0.118125
142 333 33 45 0.118034
373 451 16 19 0.117841
746 658 18 21 0.117779
525 220 24 28 0.113219
979 176 34 44 0.113039
318 470 22 26 0.112286
675 350 35 47 0.110639
752 389 28 35 0.109314
766 263 26 28 0.107734
263 307 15 19 0.105752
125 71 16 22 0.104792
203 342 27 33 0.102754
16 -1 40 57 0.102421
361 200 39 57 0.101887
623 634 31 46 0.100617
474 52 36 46 0.100362
