rain/rain_00910
36
406 246 89 107 0.997718
199 188 46 51 0.865497
248 268 88 111 0.773144
657 462 36 45 0.619586
306 371 21 25 0.594627
758 144 44 50 0.499311
241 251 62 78 0.47264
233 239 31 34 0.462591
836 132 24 26 0.447154
783 91 26 30 0.412533
202 103 28 42 0.341385
201 129 32 48 0.334902
608 336 19 24 0.312685
420 340 37 45 0.3097
859 571 30 34 0.309375
438 362 28 33 0.297162
688 533 21 26 0.287749
229 138 36 50 0.28687
796 82 22 26 0.277375
370 491 24 32 0.272849
166 152 28 29 0.271298
433 213 26 30 0.218015
306 601 31 38 0.211291
801 456 41 53 0.201199
157 151 26 29 0.178822
393 362 21 25 0.174948
461 216 17 20 0.146022
592 452 19 25 0.145159
652 510 20 24 0.14162
194 169 38 42 0.140832
516 149 44 54 0.140208
749 519 23 27 0.137622
710 531 27 33 0.127379
213 197 48 54 0.127297
303 392 18 24 0.123387
461 199 21 24 0.108486
