rain/rain_00948
52
439 215 25 31 0.968803
516 110 25 27 0.733559
53 8 62 71 0.696545
699 176 24 30 0.578181
225 90 19 31 0.554671
692 108 18 24 0.553528
86 111 30 40 0.523407
953 170 20 22 0.513462
282 117 18 22 0.489505
655 64 20 20 0.473505
774 73 38 49 0.355933
306 115 22 25 0.350676
20 34 37 49 0.328569
537 409 25 30 0.317642
757 76 19 22 0.315287
379 67 30 33 0.307379
646 82 22 30 0.291795
436 119 32 33 0.291311
430 101 19 20 0.279673
310 80 28 32 0.261805
175 28 17 20 0.242677
460 453 19 23 0.232415
633 43 26 30 0.226799
619 76 28 33 0.22517
876 333 20 24 0.209413
515 92 28 32 0.208502
627 61 21 25 0.208314
697 156 20 28 0.205592
433 158 24 28 0.200934
618 99 20 31 0.200282
517 160 20 21 0.194382
953 134 26 38 0.190355
671 109 16 20 0.184327
538 362 35 48 0.181549
564 87 25 33 0.172802
317 112 24 29 0.171865
318 197 13 14 0.170272
294 114 22 26 0.164792
939 265 28 34 0.161036
720 55 16 22 0.151701
643 88 20 30 0.141064
654 412 26 31 0.136256
663 84 18 22 0.135474
531 255 20 29 0.128167
777 127 35 45 0.126046
1 0 39 44 0.124248
99 32 26 36 0.120582
720 82 43 60 0.113465
935 210 17 21 0.111098
563 240 28 33 0.107776
220 87 18 28 0.104137
498 256 40 53 0.102608
