rain/rain_00932
81
343 89 45 55 0.999999
205 311 39 45 0.999999
690 249 38 46 0.999997
466 288 61 90 0.919578
457 221 47 64 0.82854
752 368 41 54 0.730681
955 269 21 24 0.66534
82 104 24 32 0.571661
270 368 36 47 0.567408
152 124 29 37 0.535478
54 28 20 25 0.531407
797 212 20 27 0.505309
696 486 33 37 0.504255
334 97 18 26 0.502766
335 126 26 37 0.493611
658 439 20 27 0.483996
735 291 39 47 0.441587
433 473 28 34 0.410167
191 488 29 32 0.392417
724 222 21 26 0.364786
634 6 21 27 0.361375
729 572 17 20 0.343764
732 463 40 54 0.334108
432 64 18 24 0.333164
131 383 24 28 0.323354
151 454 35 41 0.322059
705 505 23 28 0.315847
236 532 23 28 0.314903
633 437 21 30 0.309311
907 125 15 20 0.308227
454 366 25 32 0.288592
130 32 14 20 0.285911
941 164 18 23 0.267582
705 558 35 50 0.265203
224 183 47 57 0.255126
15 296 26 37 0.254165
209 158 18 22 0.233461
66 263 24 30 0.226431
654 467 17 22 0.224147
262 356 37 47 0.222256
230 241 25 30 0.220621
390 313 36 43 0.220167
90 127 25 35 0.216813
144 190 48 61 0.207023
661 339 20 26 0.205478
205 519 31 39 0.201704
897 238 24 31 0.190574
296 250 26 40 0.188111
18 241 38 48 0.18794
50 261 32 43 0.184984
990 290 18 24 0.184352
111 242 31 39 0.182082
4 293 19 28 0.181298
66 467 38 41 0.178397
80 11 16 20 0.17651
751 424 33 43 0.174512
17 117 20 25 0.169806
741 207 22 32 0.1688
704 320 27 33 0.167746
616 20 20 27 0.167309
277 106 31 41 0.15636
964 63 16 20 0.154413
855 261 33 34 0.151546
700 556 17 22 0.150257
886 484 30 40 0.134274
372 168 27 43 0.126956
402 602 24 29 0.125094
387 514 36 55 0.121883
88 76 18 23 0.11977
354 47 21 24 0.11965
832 419 25 29 0.118693
121 685 25 29 0.117574
268 101 18 23 0.117387
147 138 30 37 0.116839
370 123 32 45 0.114539
951 188 18 23 0.113141
74 366 33 37 0.10955
526 127 27 34 0.10324
226 155 16 21 0.101569
694 478 25 29 0.101453
753 17 17 21 0.10125
