rain/rain_00935
95
736 279 67 85 0.999992
466 347 75 97 0.999979
517 177 58 71 0.99997
349 285 73 92 0.999965
688 211 45 53 0.999793
197 156 75 97 0.999284
651 425 61 89 0.989629
654 394 39 56 0.988697
450 263 74 88 0.986753
318 394 42 59 0.984671
613 246 36 48 0.953117
333 144 25 29 0.901267
280 140 19 22 0.875411
445 328 27 35 0.865929
577 221 24 30 0.848376
740 231 25 28 0.702448
267 208 73 101 0.698922
661 679 46 51 0.689581
279 193 27 36 0.601971
274 359 50 65 0.599347
95 112 24 31 0.579694
585 566 31 42 0.579184
318 554 29 34 0.574793
404 359 47 56 0.534101
354 412 24 28 0.515046
712 641 26 29 0.496629
310 324 35 46 0.495161
916 606 20 22 0.494934
916 212 35 49 0.492536
845 592 26 31 0.488049
388 348 49 65 0.466631
330 309 20 31 0.462159
864 287 30 40 0.402547
941 223 18 24 0.390726
667 207 46 61 0.347429
717 582 24 32 0.332758
107 94 31 37 0.331598
756 473 35 48 0.311425
256 266 28 33 0.29044
296 399 38 56 0.286214
764 531 24 29 0.280915
877 573 23 28 0.27982
838 241 30 38 0.276184
566 316 30 42 0.26715
849 186 44 53 0.25921
597 534 22 32 0.247058
362 148 22 27 0.24655
581 708 21 26 0.243033
302 339 39 58 0.220005
722 71 31 41 0.218355
901 240 35 50 0.217889
848 504 25 29 0.209862
324 185 27 37 0.200588
199 634 27 34 0.19574
744 575 37 38 0.195651
662 571 23 30 0.189069
649 549 25 32 0.184915
697 580 28 35 0.184365
824 301 32 39 0.182645
449 229 64 98 0.176833
704 548 30 34 0.173425
921 483 21 27 0.170148
499 144 32 43 0.165561
658 595 27 34 0.163346
580 601 34 46 0.163252
553 268 28 37 0.160735
653 206 26 37 0.159333
808 298 16 24 0.15508
339 197 24 36 0.152657
600 267 80 124 0.150966
319 196 25 36 0.146754
682 549 31 40 0.144312
175 300 62 80 0.143225
439 320 25 37 0.142242
567 224 18 23 0.14171
837 192 32 44 0.136545
972 200 24 32 0.134606
419 200 46 55 0.134138
752 435 24 32 0.132991
848 246 46 58 0.132971
638 422 33 49 0.13179
216 328 73 99 0.12478
303 78 22 28 0.119763
538 279 32 58 0.118629
220 612 24 27 0.116466
56 129 23 29 0.115864
862 599 39 47 0.114643
305 139 23 29 0.112481
210 456 52 71 0.111852
751 557 20 30 0.107903
358 597 21 29 0.102909
226 518 29 37 0.102713
50 127 23 27 0.101115
418 296 36 46 0.101027
710 178 25 34 0.100685
