rain/rain_00964
98
575 324 21 30 0.998856
729 399 18 27 0.997501
542 162 19 23 0.977067
630 330 40 43 0.949564
753 340 29 39 0.894832
285 211 20 26 0.876641
394 244 30 32 0.844787
334 318 36 54 0.821213
96 184 23 29 0.818432
247 336 55 73 0.815946
780 341 23 32 0.793674
658 504 77 91 0.792366
58 138 19 24 0.78899
170 187 27 33 0.713712
551 293 22 26 0.711084
181 242 20 28 0.668397
525 545 24 32 0.640049
232 225 25 32 0.630544
537 296 21 25 0.629019
388 239 23 32 0.620283
320 334 46 60 0.610259
651 390 26 32 0.609938
930 416 23 27 0.584359
226 360 114 136 0.577976
121 313 148 198 0.564736
546 257 41 49 0.512295
481 437 63 83 0.51069
534 501 46 53 0.492641
290 282 46 65 0.481863
712 449 82 108 0.472163
437 280 58 68 0.448729
472 338 21 30 0.448019
323 245 16 20 0.445974
629 353 32 38 0.425382
502 218 43 51 0.422256
16 259 32 46 0.410706
950 424 29 36 0.408461
932 595 24 30 0.400897
634 457 28 38 0.394848
478 292 36 50 0.387247
932 435 19 23 0.369984
532 434 29 32 0.367153
508 372 24 32 0.366945
444 350 36 49 0.358804
572 403 33 51 0.319781
68 212 81 119 0.319017
405 395 80 100 0.313942
27 246 29 39 0.307437
722 384 18 22 0.297441
592 290 21 24 0.288561
270 289 27 40 0.27109
621 379 44 52 0.265685
951 525 34 41 0.265597
594 429 26 39 0.262668
322 315 31 37 0.259436
998 542 22 30 0.248845
65 305 134 175 0.246352
676 388 21 36 0.243085
352 336 79 95 0.23612
530 383 21 27 0.222447
1 326 37 49 0.219747
528 352 26 31 0.213389
838 465 28 35 0.209704
538 258 15 22 0.209118
466 382 42 51 0.202488
564 217 22 32 0.194644
405 298 27 35 0.190168
769 343 26 33 0.189297
236 285 47 60 0.187634
156 266 34 46 0.184431
558 254 43 49 0.182814
592 386 33 35 0.182096
36 221 19 25 0.179857
330 250 37 41 0.171565
37 291 73 104 0.166282
960 533 43 54 0.165764
266 249 45 62 0.157893
661 389 25 32 0.153159
570 419 36 55 0.152814
919 643 19 26 0.147686
210 280 27 42 0.145068
510 384 23 33 0.142757
981 511 38 42 0.141777
331 348 67 92 0.141068
33 203 24 33 0.136938
48 188 21 26 0.135228
318 223 23 32 0.134954
117 210 53 71 0.128488
688 341 35 45 0.127274
271 343 83 94 0.125079
523 512 24 38 0.123335
358 242 24 30 0.118398
114 245 52 78 0.115846
401 303 25 38 0.115659
940 478 35 40 0.109834
712 402 20 22 0.108105
726 343 19 23 0.102594
635 550 44 56 0.101733
