rain/rain_00911
142
946 88 35 41 1
612 104 44 50 1
395 59 51 57 0.999962
283 94 47 58 0.999909
820 74 51 82 0.997648
330 112 33 44 0.975009
334 230 39 48 0.916715
308 243 33 41 0.848088
781 509 50 61 0.825589
229 240 24 28 0.809802
863 90 35 49 0.779861
968 624 26 29 0.773165
831 517 67 81 0.765907
779 580 24 31 0.755029
185 694 21 26 0.73174
819 611 18 26 0.71458
164 635 28 34 0.709743
484 345 34 41 0.681369
925 165 38 43 0.674547
217 407 66 78 0.673869
937 309 30 38 0.66944
528 564 21 26 0.650697
918 555 30 36 0.645665
794 210 44 52 0.624051
386 349 26 29 0.614459
764 330 41 57 0.604308
937 247 30 40 0.602476
713 230 74 102 0.585156
712 196 24 28 0.575314
421 341 40 51 0.5696
313 566 29 37 0.554924
919 340 35 46 0.522298
942 654 23 29 0.511134
587 291 25 31 0.491485
918 183 38 47 0.484424
937 696 23 26 0.483786
726 507 22 26 0.476012
718 355 28 36 0.456049
333 93 29 34 0.454468
526 71 24 28 0.453493
371 698 23 28 0.449953
201 381 25 31 0.431507
298 132 34 44 0.420548
664 356 20 23 0.417153
721 183 83 110 0.414444
900 690 22 29 0.409477
668 475 34 45 0.392542
241 101 58 83 0.389353
291 516 23 29 0.388119
618 68 31 36 0.387809
719 649 23 28 0.384479
783 305 53 67 0.380954
914 99 22 31 0.379619
659 454 27 37 0.371465
779 692 27 33 0.362289
568 693 25 29 0.361724
978 225 16 21 0.358144
925 670 24 30 0.347713
713 680 19 23 0.341847
560 270 25 31 0.336098
302 411 30 37 0.328667
930 263 37 50 0.327765
394 376 47 57 0.324459
644 410 20 25 0.321403
715 308 40 48 0.312748
375 487 31 41 0.307646
332 607 44 50 0.307002
674 680 31 35 0.304725
73 646 21 26 0.296779
931 534 25 33 0.287056
514 397 25 33 0.281816
914 356 41 56 0.275412
797 246 47 62 0.274159
349 358 18 22 0.272639
882 463 28 33 0.269622
11 605 28 35 0.269022
396 111 47 67 0.259043
129 643 22 27 0.25504
345 101 25 28 0.254753
917 594 29 35 0.245476
852 589 43 55 0.243137
706 305 25 36 0.239797
284 498 19 27 0.236887
316 97 25 35 0.235432
416 518 34 40 0.227631
592 390 37 45 0.225615
988 479 30 33 0.224336
383 388 40 60 0.216025
573 99 23 28 0.214647
507 175 24 31 0.208885
284 594 32 35 0.206092
271 259 36 42 0.204826
596 408 31 42 0.195016
508 378 27 33 0.192793
484 6 22 26 0.185609
220 493 23 30 0.182235
783 594 20 25 0.174739
930 575 38 47 0.172037
980 584 30 34 0.17203
139 380 27 33 0.167065
957 683 44 51 0.166412
856 29 20 23 0.164297
760 284 40 48 0.162764
637 411 18 23 0.161129
424 720 23 28 0.161118
488 245 57 66 0.160983
749 618 20 25 0.158849
917 605 36 43 0.157458
887 574 34 39 0.156251
474 554 43 52 0.144192
774 528 45 59 0.144136
664 329 26 30 0.142369
499 285 31 39 0.141318
618 472 18 25 0.140326
592 516 25 28 0.139398
324 240 35 42 0.13161
701 517 13 20 0.130285
476 446 27 30 0.130219
297 610 29 34 0.124777
460 276 25 35 0.123091
326 100 22 26 0.121989
166 402 66 76 0.121693
720 626 24 28 0.121492
475 488 29 40 0.120243
345 425 22 34 0.119594
953 459 33 42 0.119129
61 673 28 32 0.118949
975 408 23 27 0.11877
534 566 20 27 0.118755
468 413 34 43 0.11777
561 186 31 43 0.116936
946 118 51 64 0.116506
771 638 18 21 0.115095
65 240 25 31 0.11435
887 309 34 41 0.111896
45 698 24 28 0.111616
765 620 25 28 0.111524
775 678 25 34 0.10591
0 698 42 53 0.105329
881 451 26 35 0.104726
519 281 30 42 0.102075
334 594 27 31 0.101147
