rain/rain_00985
51
336 301 21 25 0.999997
7 301 23 30 0.999962
534 182 30 40 0.999914
203 296 14 16 0.998829
250 291 21 24 0.998063
270 300 16 21 0.977693
289 328 14 18 0.90011
294 286 13 16 0.897753
914 151 21 25 0.882139
101 380 23 29 0.831634
419 331 24 31 0.81102
424 319 19 25 0.801426
886 179 33 44 0.737795
764 159 39 50 0.71488
397 292 15 19 0.7041
780 146 32 35 0.681274
408 299 12 15 0.673026
771 323 26 32 0.638267
510 154 26 29 0.61754
455 279 33 44 0.59623
277 177 16 22 0.506246
165 327 30 34 0.481486
391 280 19 23 0.453503
266 294 17 21 0.380811
766 38 26 36 0.359214
633 340 26 38 0.351317
85 374 27 35 0.33915
932 493 20 26 0.326156
373 306 33 41 0.306701
90 405 20 27 0.272691
899 148 28 34 0.252717
47 189 16 19 0.236777
751 413 31 43 0.234591
87 362 19 29 0.231748
322 321 33 42 0.224282
685 289 14 20 0.21768
855 232 17 24 0.210332
74 395 27 38 0.206255
589 283 17 25 0.172621
251 274 22 25 0.163215
311 430 14 17 0.156926
111 472 19 23 0.145312
765 311 22 26 0.145287
135 398 14 18 0.14292
514 160 31 37 0.140624
822 364 19 28 0.138648
582 363 19 21 0.132676
39 332 26 34 0.117429
450 302 12 15 0.106737
483 300 17 25 0.106339
788 352 44 57 0.102641
