rain/rain_00971
24
313 307 30 36 0.933364
642 469 28 34 0.85039
282 24 29 36 0.59382
9 167 23 28 0.557331
455 296 20 25 0.441519
816 190 20 27 0.437079
606 393 42 50 0.415001
313 346 19 25 0.262438
275 617 18 23 0.237592
284 428 61 73 0.197911
363 611 23 31 0.18881
636 438 20 25 0.182407
624 357 28 34 0.177366
696 184 21 27 0.173833
55 470 26 32 0.154347
76 321 25 34 0.154321
67 212 30 35 0.15183
168 317 32 40 0.145752
223 625 35 36 0.145597
151 292 30 36 0.133746
429 377 39 50 0.125221
540 354 30 34 0.106657
23 18 19 26 0.103235
69 314 24 30 0.101348
