rain/rain_00102
43
376 166 44 60 0.999962
533 106 27 35 0.999912
617 117 24 32 0.99822
918 124 19 25 0.996761
673 104 18 22 0.992914
775 105 16 22 0.978644
203 79 13 17 0.963378
570 86 11 14 0.882514
340 101 14 20 0.8062
363 401 46 60 0.536286
419 271 18 24 0.517717
794 142 30 37 0.487707
678 136 59 78 0.426273
896 92 28 36 0.408109
454 117 20 27 0.357948
976 60 28 36 0.304526
937 95 20 28 0.303481
885 91 29 37 0.288148
928 559 25 30 0.281702
514 200 20 23 0.268186
862 87 33 40 0.260857
900 495 22 27 0.253513
930 42 26 32 0.229024
838 40 27 36 0.224733
449 216 24 33 0.221679
820 184 22 35 0.209525
449 93 17 23 0.209365
563 193 25 30 0.208155
938 72 23 28 0.208054
388 368 30 36 0.203358
525 228 25 32 0.199041
445 121 22 25 0.19525
778 225 20 25 0.178387
542 344 17 22 0.164791
917 148 27 34 0.150486
272 292 50 65 0.131553
572 158 19 26 0.127408
675 262 19 25 0.12017
394 273 15 21 0.119705
341 572 21 26 0.113804
18 17 28 35 0.105824
553 101 32 42 0.102883
829 151 18 24 0.101239
