rain/rain_00927
33
675 324 25 30 0.937461
11 224 41 51 0.858898
391 199 42 52 0.78699
326 464 35 42 0.76787
76 427 35 49 0.391593
777 56 53 63 0.390153
234 497 29 35 0.36992
632 2 44 50 0.367621
670 437 40 47 0.365783
22 497 35 41 0.365515
0 225 22 27 0.350912
223 489 29 37 0.297949
35 56 31 43 0.280654
579 6 27 39 0.276786
635 305 33 44 0.253687
23 87 33 45 0.245613
622 441 45 51 0.242384
590 326 33 42 0.221954
913 214 59 88 0.212413
373 212 52 63 0.209053
544 262 45 69 0.207101
468 284 32 38 0.201052
634 367 34 38 0.195401
360 518 28 36 0.176093
52 47 51 66 0.168429
28 336 35 44 0.160376
536 90 34 48 0.150517
912 110 26 37 0.128166
702 -3 50 56 0.117358
526 192 35 46 0.111563
570 182 26 31 0.111286
222 239 31 31 0.109078
613 38 38 52 0.101928
