rain/rain_00005
94
106 65 91 114 1
221 69 58 84 0.999759
12 173 39 46 0.995109
539 215 54 66 0.833572
839 286 33 40 0.812289
283 353 30 35 0.809814
56 560 52 68 0.73913
141 222 98 124 0.698869
473 426 33 53 0.690318
297 442 137 171 0.687179
257 290 43 52 0.660024
712 301 78 87 0.641062
81 472 45 56 0.624664
279 66 36 48 0.612884
219 405 51 65 0.548854
784 177 51 69 0.543209
772 331 31 34 0.535979
293 209 17 21 0.490363
548 136 90 93 0.467861
755 480 59 71 0.433388
907 131 23 28 0.398638
183 32 24 29 0.393544
522 224 46 61 0.379852
500 138 23 28 0.377458
310 229 22 27 0.356991
155 413 22 26 0.346899
974 277 35 47 0.343336
536 160 26 30 0.326975
246 199 22 29 0.317188
580 27 27 36 0.30586
489 658 19 23 0.30549
544 403 21 24 0.293948
810 469 42 52 0.290292
501 207 22 25 0.289762
266 165 20 24 0.278725
174 369 25 29 0.2695
833 602 61 81 0.268568
700 187 31 36 0.261459
262 211 24 33 0.256728
849 492 44 53 0.248988
527 163 22 27 0.246837
261 412 28 31 0.246749
639 3 51 59 0.240784
493 164 14 19 0.235167
447 361 16 21 0.233444
216 53 35 45 0.222987
967 138 23 26 0.222596
250 4 23 28 0.216224
378 234 33 40 0.214679
900 156 19 23 0.21316
643 501 13 20 0.2069
696 246 25 31 0.206369
778 320 33 35 0.20384
874 346 36 44 0.203106
245 13 23 29 0.197073
123 438 30 48 0.194104
6 565 74 78 0.192636
969 159 43 40 0.189075
111 23 63 75 0.187142
769 610 62 81 0.1869
419 478 31 35 0.185481
575 246 27 31 0.182517
417 384 21 27 0.181987
801 175 54 61 0.167707
978 456 23 31 0.16373
197 10 20 23 0.163343
525 471 20 26 0.159606
975 332 23 30 0.156754
268 78 29 34 0.154877
848 10 115 134 0.150984
745 381 30 35 0.150163
694 350 25 30 0.147612
132 168 41 51 0.146801
18 135 21 25 0.146222
589 5 33 36 0.13781
695 413 22 27 0.137785
128 230 41 54 0.136143
305 174 54 73 0.130869
222 41 27 32 0.130456
726 270 20 26 0.129708
-6 483 38 42 0.129423
361 50 21 23 0.126267
43 455 48 53 0.125909
213 127 11 15 0.12572
153 396 20 24 0.123979
983 484 38 47 0.120382
88 73 21 32 0.120067
677 391 20 22 0.116879
118 355 36 60 0.116184
258 369 28 33 0.113536
260 251 42 59 0.113312
278 502 27 33 0.112112
300 272 19 31 0.108738
514 461 17 23 0.105105
