rain/rain_00918
28
536 235 70 85 0.996075
697 524 61 63 0.916746
466 621 24 31 0.533472
544 516 36 44 0.453306
845 539 23 31 0.398784
615 336 83 110 0.360349
819 535 32 38 0.343345
824 289 49 66 0.328906
537 332 52 80 0.315565
490 511 57 89 0.307751
474 529 57 80 0.299712
782 462 73 93 0.295011
705 322 28 36 0.292304
536 474 26 36 0.242649
502 619 30 41 0.237312
569 489 26 34 0.200454
501 436 35 41 0.180377
477 457 28 34 0.165502
369 332 55 64 0.158068
583 237 44 59 0.145319
2 304 39 45 0.142663
478 624 39 50 0.141583
964 552 21 30 0.128975
626 405 76 92 0.119146
268 332 93 118 0.111559
573 431 53 71 0.110166
394 400 17 23 0.107392
468 640 27 37 0.103982
