rain/rain_00957
24
600 314 16 21 0.999953
404 536 21 24 0.56174
716 567 29 33 0.534699
588 386 24 27 0.533699
703 393 57 64 0.468744
276 372 52 59 0.4279
473 531 16 19 0.406164
729 350 17 20 0.277547
508 447 15 21 0.255879
558 388 25 32 0.25574
500 348 27 30 0.246385
713 336 15 24 0.233116
585 437 22 29 0.231194
533 357 28 44 0.221415
412 309 28 34 0.202909
262 320 59 65 0.196429
34 485 40 46 0.173437
482 353 16 22 0.166937
313 343 37 48 0.139854
517 394 30 33 0.128735
82 409 205 279 0.125999
543 353 42 49 0.118381
37 540 21 25 0.114309
494 354 13 21 0.109991
