rain/rain_00907
83
95 205 26 31 0.795156
953 394 31 37 0.712681
254 268 36 55 0.700419
186 332 23 28 0.656818
197 345 24 29 0.530211
815 465 22 25 0.519922
623 266 22 25 0.49486
774 177 33 41 0.488122
390 631 24 28 0.485886
30 211 12 17 0.479538
846 303 26 31 0.45092
441 297 21 25 0.437815
251 200 19 28 0.421877
480 259 14 19 0.397081
669 59 24 28 0.379614
194 594 22 27 0.378233
88 212 23 24 0.368216
340 578 40 42 0.361679
519 430 20 24 0.354708
629 258 22 29 0.35331
276 644 24 31 0.345883
360 362 23 31 0.341683
159 299 16 19 0.326241
743 410 21 26 0.307057
303 582 21 27 0.277599
383 569 49 56 0.266156
875 371 19 29 0.254002
454 159 19 26 0.251901
177 324 25 30 0.250711
-2 292 21 24 0.249693
790 296 30 42 0.248608
397 19 18 22 0.24436
457 598 20 27 0.237411
341 329 19 26 0.221513
449 103 21 22 0.220991
291 215 106 131 0.217136
34 234 19 23 0.21415
938 390 32 40 0.209841
674 367 20 25 0.207933
804 461 21 30 0.206393
804 208 20 25 0.194152
69 400 22 28 0.191468
744 372 23 33 0.190336
178 667 22 28 0.188199
229 197 19 22 0.18655
236 97 25 30 0.183842
903 353 16 22 0.182622
650 280 17 22 0.182319
543 231 19 26 0.179898
528 412 28 35 0.174801
101 310 22 29 0.172789
445 231 26 34 0.172106
344 619 29 33 0.170989
594 83 19 23 0.169401
763 501 25 34 0.16689
738 408 17 22 0.166456
530 189 22 28 0.165014
463 575 22 30 0.162969
432 213 24 34 0.159065
260 306 19 32 0.154104
790 134 22 28 0.152768
46 320 43 55 0.15127
762 493 22 29 0.14636
814 263 23 28 0.140372
556 210 17 24 0.136238
929 389 27 34 0.135894
742 494 14 18 0.135006
851 349 24 32 0.131188
264 418 25 37 0.128335
235 200 21 25 0.128225
544 208 24 33 0.127598
546 198 13 16 0.122568
165 651 24 30 0.117702
297 558 16 18 0.115935
482 267 14 18 0.115175
722 362 16 20 0.113232
856 435 19 24 0.111577
632 224 19 26 0.110534
175 310 21 28 0.108855
553 276 42 56 0.107318
192 660 22 29 0.101159
416 207 14 18 0.101136
719 245 16 21 0.100456
