rain/rain_00921
93
330 200 45 56 0.999995
632 297 55 69 0.999992
141 210 48 66 0.999969
738 247 31 40 0.999601
480 259 44 61 0.999125
877 245 28 35 0.996615
977 344 26 27 0.871468
904 294 48 65 0.86988
680 139 84 93 0.80244
233 498 20 23 0.789829
793 184 41 50 0.78664
546 423 44 67 0.780902
872 324 22 25 0.731603
418 287 23 25 0.726448
866 204 34 40 0.720127
554 271 47 63 0.660341
663 252 38 43 0.643595
583 377 23 27 0.629788
101 421 26 28 0.622539
955 294 33 39 0.611573
708 542 32 39 0.590825
71 268 33 37 0.566056
982 553 29 36 0.559126
279 373 112 128 0.546176
717 480 20 24 0.526426
885 219 24 31 0.506517
958 516 39 45 0.494425
624 453 26 36 0.467646
212 72 35 41 0.447866
768 193 25 29 0.44325
429 303 26 31 0.438472
1001 203 21 31 0.398966
946 152 56 76 0.39317
753 427 23 28 0.390428
701 253 20 26 0.388228
917 270 19 22 0.372206
33 285 22 28 0.365326
793 459 36 43 0.359786
814 419 28 33 0.351913
1 338 23 29 0.338522
827 435 30 45 0.334106
907 217 30 36 0.331168
543 380 29 35 0.330679
752 565 58 77 0.329322
828 601 33 42 0.32378
970 358 29 34 0.323279
339 185 31 37 0.322013
358 225 36 41 0.319956
697 332 30 34 0.319486
570 526 44 48 0.309403
598 312 26 40 0.295038
547 120 29 35 0.294143
264 201 28 34 0.275646
542 352 32 46 0.272407
937 269 28 31 0.270444
658 265 31 38 0.264239
888 538 32 40 0.258175
832 645 28 35 0.249804
506 476 22 28 0.248814
890 499 29 34 0.238265
556 302 31 48 0.230744
814 647 28 33 0.221154
851 563 31 39 0.216973
812 564 30 34 0.204559
835 567 31 40 0.197017
709 211 28 32 0.194431
831 179 20 25 0.187154
868 537 34 42 0.185834
860 332 52 72 0.183512
585 353 26 33 0.178793
791 497 36 44 0.176442
347 137 28 29 0.172842
926 650 25 31 0.16121
721 498 21 27 0.160085
369 383 41 53 0.156121
806 539 31 38 0.155346
27 335 36 42 0.151512
757 342 26 33 0.146011
734 416 23 28 0.13942
779 202 59 80 0.133263
202 269 70 107 0.130426
15 116 31 37 0.125666
573 389 26 32 0.122982
573 349 23 30 0.120931
604 606 24 29 0.119816
768 214 24 28 0.113815
794 424 25 30 0.11352
938 643 35 39 0.108258
536 502 21 24 0.107122
381 376 44 55 0.104575
956 602 28 37 0.104231
741 477 23 29 0.103166
258 371 21 28 0.101741
