rain/rain_00945
34
235 190 44 56 0.999861
241 561 35 40 0.564962
33 16 20 26 0.52642
811 267 23 27 0.470796
238 583 36 48 0.387633
223 287 29 38 0.299949
246 309 21 26 0.277229
193 42 24 34 0.276317
309 226 28 33 0.264889
241 619 24 30 0.24772
303 24 31 41 0.243315
189 201 31 32 0.241374
918 322 27 31 0.22182
345 240 26 32 0.209783
255 634 26 32 0.202783
545 658 16 19 0.192738
223 277 23 29 0.179242
922 429 24 28 0.175929
989 95 30 41 0.175586
231 153 51 58 0.162621
540 346 21 26 0.162455
89 48 27 38 0.157544
218 259 14 18 0.157324
562 303 29 35 0.156499
309 316 36 44 0.153854
348 179 30 35 0.13511
69 8 24 32 0.127768
232 579 20 27 0.118669
350 287 16 23 0.116939
252 534 15 18 0.11295
240 360 23 28 0.109941
950 136 45 57 0.107615
143 1 22 27 0.107073
374 172 27 36 0.10079
