rain/rain_00007
75
726 472 93 99 0.996016
475 413 31 40 0.916546
592 66 46 54 0.760048
954 128 33 40 0.724885
546 82 41 48 0.719365
642 82 36 42 0.654446
849 222 54 64 0.631519
683 260 77 91 0.621525
636 552 62 83 0.590593
638 107 47 56 0.561881
426 22 40 51 0.524698
845 23 40 46 0.523508
508 342 47 61 0.507664
687 164 45 54 0.483861
856 173 43 51 0.463035
967 116 41 51 0.458293
563 228 43 49 0.41066
259 423 72 85 0.355899
494 530 50 68 0.333723
666 100 52 61 0.332854
70 481 30 36 0.319964
707 152 33 38 0.315142
760 8 38 46 0.305382
149 507 34 39 0.299913
834 95 37 45 0.299603
146 565 40 49 0.296238
257 706 38 44 0.290792
729 185 28 32 0.287176
322 421 80 88 0.282787
720 35 35 40 0.279072
962 323 36 39 0.269274
933 549 29 40 0.260508
803 18 42 50 0.254573
653 199 32 38 0.245922
873 84 30 36 0.240861
516 22 43 51 0.238479
371 191 32 41 0.237179
829 241 31 37 0.232284
744 206 27 32 0.219915
968 56 41 46 0.216691
197 138 47 54 0.21623
580 230 42 49 0.207558
850 114 37 43 0.200346
385 321 54 67 0.195668
870 322 36 43 0.18974
651 659 27 30 0.189604
606 235 24 29 0.188137
678 579 56 67 0.18203
655 284 71 86 0.181655
633 476 88 109 0.180569
838 197 44 56 0.170902
594 375 50 54 0.165628
702 115 44 52 0.16199
308 603 31 36 0.161047
967 172 42 51 0.158372
70 69 36 43 0.153735
450 155 27 32 0.153403
77 222 37 43 0.143782
105 47 55 61 0.142275
932 229 49 58 0.140055
580 421 47 52 0.133701
788 314 37 46 0.132847
846 321 37 46 0.132387
636 364 67 71 0.128229
387 132 33 41 0.12793
395 597 24 29 0.12747
464 -8 72 95 0.126413
991 291 30 34 0.121114
202 172 48 55 0.118741
833 293 24 32 0.11845
313 497 28 34 0.111175
24 575 38 43 0.10762
974 21 29 34 0.103707
810 180 31 38 0.101187
590 318 19 23 0.100959
