rain/rain_00952
227
631 146 49 56 0.997521
717 126 47 59 0.877108
703 436 23 33 0.820332
838 346 80 105 0.817841
721 18 19 27 0.722428
815 370 23 32 0.719176
654 492 21 30 0.699989
613 538 19 22 0.699245
964 641 18 24 0.697947
639 192 29 41 0.682822
23 578 48 61 0.65635
186 403 21 30 0.647379
514 285 25 32 0.604061
572 221 28 34 0.599511
851 615 36 47 0.58294
729 296 19 23 0.579039
150 327 20 29 0.562232
940 565 20 29 0.532763
586 7 22 36 0.520873
54 430 29 38 0.461191
512 276 23 32 0.455371
813 437 23 32 0.452202
2 619 33 39 0.451887
922 263 19 26 0.443313
435 182 23 33 0.441118
727 254 15 18 0.439524
159 292 19 26 0.436075
791 364 37 51 0.425221
808 423 23 32 0.421497
527 115 18 26 0.419562
99 346 20 27 0.414094
715 -4 22 24 0.411395
976 221 27 37 0.404784
809 307 17 26 0.402299
689 650 22 30 0.390745
728 527 25 28 0.38301
92 226 24 30 0.368281
316 120 19 26 0.363006
328 37 20 27 0.361138
837 274 19 24 0.356803
784 228 18 24 0.353348
36 287 22 29 0.350703
995 236 21 27 0.346717
715 533 27 34 0.340778
23 404 18 26 0.316514
918 26 19 26 0.31291
27 207 23 31 0.312591
479 238 18 25 0.312224
475 624 22 31 0.311036
581 141 34 55 0.306723
825 29 22 30 0.303737
43 52 27 33 0.302844
135 645 24 27 0.301398
745 545 34 42 0.292233
93 420 19 27 0.288583
231 648 26 32 0.284862
428 626 23 34 0.278623
976 548 40 52 0.276773
826 181 18 23 0.274608
653 326 12 15 0.273173
8 396 18 25 0.270854
716 386 19 29 0.270094
882 640 14 21 0.267815
802 525 17 19 0.26663
225 623 24 29 0.266131
901 155 18 25 0.265679
633 379 16 22 0.258904
442 35 17 23 0.25843
457 310 16 22 0.257117
665 -1 20 23 0.255321
390 450 16 25 0.255183
25 447 13 19 0.254419
397 562 29 38 0.252587
782 456 20 28 0.252362
149 306 20 27 0.251994
611 298 28 43 0.246796
591 569 23 33 0.246542
410 39 19 24 0.243331
445 611 18 23 0.242995
932 607 23 31 0.240636
857 516 31 36 0.240068
521 647 14 21 0.239695
389 70 21 28 0.238495
765 523 25 30 0.238137
510 118 21 28 0.237796
298 500 23 26 0.234996
799 0 26 37 0.229856
779 377 29 36 0.229478
782 144 32 45 0.229441
418 76 28 41 0.228645
4 419 20 28 0.228362
540 209 14 21 0.226954
48 260 24 32 0.226733
893 450 18 22 0.226131
778 101 17 24 0.224786
987 272 21 35 0.22142
705 190 24 31 0.218599
175 141 20 29 0.211059
711 218 36 45 0.210429
809 491 16 22 0.209899
659 500 21 31 0.209616
75 652 25 29 0.207669
28 6 22 30 0.207256
969 154 18 30 0.206134
903 -3 19 26 0.205309
702 586 25 28 0.204996
74 468 22 32 0.203616
615 624 20 27 0.201821
13 335 18 23 0.20108
255 52 18 26 0.199673
891 181 22 28 0.19402
904 102 22 29 0.193417
976 502 24 29 0.192018
304 34 23 32 0.190818
912 573 18 25 0.190288
307 195 23 33 0.190229
237 142 20 28 0.188962
519 544 34 41 0.188288
945 483 34 38 0.186672
818 380 27 36 0.18609
44 155 16 23 0.185812
185 579 21 26 0.185159
759 608 25 33 0.18419
772 336 19 25 0.183599
589 601 16 20 0.17938
561 451 20 28 0.178525
348 492 36 43 0.178013
101 0 20 26 0.176882
612 474 20 28 0.176256
44 551 29 38 0.176088
338 548 34 41 0.175564
685 573 25 34 0.17555
706 119 46 61 0.17496
435 147 17 24 0.172865
712 256 26 36 0.172801
951 506 28 37 0.171395
95 637 28 33 0.170794
801 654 17 23 0.170209
177 616 19 21 0.170062
107 121 22 31 0.168318
681 39 46 61 0.16815
794 539 35 46 0.167519
953 272 15 23 0.166754
42 238 20 27 0.166552
199 407 33 45 0.166397
811 446 23 32 0.166019
901 291 23 33 0.165277
765 457 16 22 0.164969
721 363 29 34 0.164932
952 81 23 34 0.16415
438 158 18 27 0.163284
500 91 16 23 0.162918
88 543 23 28 0.159611
962 488 30 35 0.159304
40 374 23 29 0.15763
937 372 22 32 0.157626
986 352 34 56 0.157519
594 412 25 35 0.157111
448 58 22 31 0.157001
909 389 33 45 0.156064
602 527 20 23 0.153723
385 235 19 25 0.152308
701 15 20 26 0.150906
690 625 25 33 0.149396
615 14 22 31 0.148546
585 221 24 31 0.148008
393 614 14 19 0.146124
689 546 27 34 0.145769
514 177 19 25 0.143234
557 417 21 29 0.142294
765 439 21 31 0.139439
17 545 21 28 0.138809
832 626 20 27 0.138713
706 533 21 22 0.138165
466 426 18 25 0.138056
430 649 21 29 0.137981
109 421 25 34 0.136926
685 136 27 39 0.136014
872 40 21 25 0.135739
981 295 30 43 0.134191
49 516 20 24 0.130993
727 462 19 24 0.130252
983 512 27 33 0.12902
557 137 18 28 0.128876
604 608 28 35 0.12803
514 588 25 35 0.127089
636 449 16 26 0.124128
403 40 15 20 0.12357
807 505 18 24 0.123533
62 295 22 29 0.122276
290 549 33 40 0.120823
793 488 20 29 0.120805
606 415 21 33 0.120534
826 260 21 29 0.118793
98 247 20 23 0.118635
689 22 18 22 0.117701
135 119 16 21 0.117523
476 307 16 23 0.115883
612 -1 21 27 0.115304
722 647 22 30 0.114635
29 639 20 26 0.113315
742 293 18 23 0.112846
475 463 17 23 0.112513
820 520 19 28 0.111822
818 478 24 32 0.11162
28 484 17 25 0.111206
838 126 20 25 0.110943
755 385 25 35 0.110615
867 545 31 41 0.108395
152 241 20 28 0.106547
618 396 17 26 0.10591
216 319 19 31 0.105431
84 84 24 33 0.104315
144 425 22 30 0.1042
696 447 22 31 0.10388
785 548 29 40 0.103731
504 59 22 30 0.10332
696 365 13 15 0.102935
274 93 18 26 0.102868
830 194 15 21 0.102838
398 443 24 32 0.102822
596 26 25 36 0.102736
977 628 35 48 0.100988
171 277 16 23 0.100704
225 79 16 24 0.100563
873 62 24 30 0.10038
774 398 24 32 0.100092
