rain/rain_00977
103
536 43 60 68 0.999999
364 198 53 71 0.999992
893 30 56 64 0.99997
2 204 47 66 0.999942
270 217 48 64 0.997502
70 117 31 45 0.970101
822 213 30 32 0.828351
654 37 27 34 0.770319
734 90 58 66 0.751922
240 199 23 30 0.731724
264 317 28 40 0.699663
782 476 22 25 0.698016
725 133 34 44 0.697306
170 35 65 70 0.693834
614 133 50 59 0.64078
913 35 51 64 0.610506
749 -3 28 34 0.603604
284 49 24 28 0.594137
943 490 45 57 0.543083
80 24 36 42 0.527613
436 27 58 67 0.52453
751 42 24 27 0.520544
750 170 32 39 0.51736
973 113 20 25 0.494461
28 362 46 55 0.485752
667 12 32 39 0.484391
918 178 27 30 0.446541
83 338 19 23 0.445158
834 211 24 27 0.439876
125 490 57 79 0.430361
164 180 43 46 0.394344
834 97 26 33 0.393006
135 322 29 33 0.387657
693 195 31 37 0.387005
735 24 22 28 0.381111
115 173 30 33 0.378737
189 177 42 48 0.377195
718 27 29 35 0.375691
127 14 33 44 0.365737
668 157 36 43 0.349886
695 9 35 41 0.340932
328 6 72 85 0.324499
363 25 78 86 0.323529
896 154 31 40 0.319289
241 524 110 138 0.319089
142 10 56 63 0.313757
881 203 25 30 0.297299
293 24 51 62 0.289505
844 171 31 39 0.282228
600 161 44 50 0.280838
85 517 25 31 0.263339
810 206 25 30 0.259596
823 425 21 29 0.250834
113 453 27 32 0.247634
816 129 33 41 0.24485
672 169 36 45 0.233605
656 109 31 36 0.224515
697 88 36 40 0.223519
831 424 28 32 0.216099
63 -1 28 37 0.213957
777 105 28 34 0.207751
829 168 35 38 0.199394
792 104 25 28 0.198533
654 78 25 28 0.193975
739 211 27 32 0.190874
779 166 22 26 0.186735
656 125 39 45 0.182776
248 220 30 41 0.181975
687 118 38 44 0.177247
502 142 51 59 0.172328
797 504 20 27 0.169421
678 82 39 44 0.166804
97 11 51 65 0.166205
803 81 37 45 0.160576
683 48 23 28 0.157995
701 -1 22 28 0.156405
0 131 27 33 0.150262
468 425 23 30 0.150204
864 27 23 25 0.145001
787 172 33 36 0.142046
709 68 49 49 0.141636
301 262 24 31 0.139264
951 222 32 38 0.137929
592 540 18 20 0.136195
776 176 26 31 0.134068
918 493 51 64 0.132728
425 177 80 108 0.132551
628 123 27 30 0.130244
539 145 24 29 0.129415
243 189 25 33 0.129217
709 109 28 31 0.128008
790 155 32 38 0.123785
-2 392 26 29 0.121736
463 378 19 26 0.118756
114 547 21 28 0.118289
189 597 40 48 0.11742
77 374 31 38 0.116478
831 136 39 42 0.113412
731 222 24 26 0.11231
835 586 29 38 0.108558
105 113 33 40 0.108112
814 96 31 36 0.107984
170 367 29 37 0.102183
