rain/rain_00919
77
530 488 69 88 0.999984
510 749 40 50 0.846391
110 277 27 33 0.776715
226 166 25 29 0.635757
308 119 26 30 0.631587
622 0 70 84 0.610122
86 508 27 32 0.564541
149 448 21 28 0.536398
113 213 27 31 0.522244
0 459 24 28 0.481039
48 379 26 35 0.480407
247 112 26 31 0.447905
61 217 30 34 0.397972
840 582 23 32 0.390609
222 741 28 33 0.37734
473 751 48 66 0.374771
139 453 21 27 0.348735
502 612 32 41 0.336712
937 919 26 34 0.336459
151 379 35 43 0.31872
539 85 38 48 0.306135
66 272 49 57 0.294621
162 216 37 46 0.289958
182 495 29 38 0.284725
147 234 45 58 0.279964
182 678 69 81 0.263518
222 883 25 29 0.259764
541 596 31 32 0.256506
84 189 33 37 0.254024
196 239 29 36 0.251801
44 214 36 41 0.248799
320 328 228 269 0.241418
182 456 27 31 0.232998
550 1311 23 31 0.224927
204 186 38 44 0.223399
161 304 30 37 0.219333
232 204 31 37 0.214449
171 114 28 32 0.214214
646 709 39 51 0.213386
44 619 34 49 0.207366
0 628 37 55 0.195138
392 143 28 34 0.19511
459 691 47 67 0.188964
821 734 21 27 0.188865
161 410 21 29 0.177555
570 933 25 32 0.174669
196 451 30 35 0.171414
507 934 63 84 0.158753
69 383 22 29 0.156781
299 452 28 31 0.153914
581 438 26 29 0.152414
566 1290 22 27 0.151156
476 97 22 27 0.149517
917 1300 21 25 0.148748
177 208 36 45 0.141189
577 732 32 43 0.141071
69 322 30 37 0.136127
607 1478 18 22 0.135212
465 51 24 29 0.134628
686 163 25 30 0.1337
743 818 57 67 0.131458
838 526 34 53 0.131351
302 1476 23 28 0.131255
560 883 33 38 0.129268
700 522 43 59 0.128847
53 230 50 61 0.127641
511 12 27 35 0.127386
700 95 21 27 0.116843
683 6 23 29 0.115123
106 311 37 44 0.114871
53 342 26 35 0.114191
127 607 25 28 0.108865
124 198 49 63 0.107691
310 273 27 34 0.105978
651 525 22 25 0.103504
449 965 20 24 0.102256
579 593 23 28 0.100565
