rain/rain_00912
58
336 272 36 48 0.973744
383 267 29 47 0.967953
683 51 36 49 0.690665
326 536 31 37 0.627779
32 289 54 68 0.561715
664 224 33 41 0.549982
494 632 28 33 0.494051
754 140 25 31 0.488347
474 -1 25 32 0.480212
306 311 41 42 0.478655
440 410 40 50 0.436618
394 305 25 28 0.398745
393 275 30 40 0.394969
160 318 28 37 0.371998
692 145 26 32 0.344361
757 67 18 23 0.316992
546 158 60 80 0.288485
404 258 31 37 0.288392
866 128 39 51 0.287182
415 272 39 49 0.277202
47 476 24 28 0.275387
384 214 44 58 0.265283
972 541 23 27 0.261568
831 69 35 44 0.260939
421 477 38 41 0.253666
354 458 76 94 0.244421
734 91 24 30 0.226914
6 340 38 48 0.22607
554 58 23 28 0.221727
129 519 23 26 0.221157
757 80 18 23 0.220443
80 338 37 44 0.219887
216 73 27 34 0.219189
363 361 26 33 0.206815
931 613 58 75 0.198773
368 320 29 36 0.196645
248 482 48 66 0.191416
838 274 30 37 0.179116
784 135 33 42 0.161503
325 282 18 23 0.160847
127 313 20 25 0.154326
407 365 59 63 0.151916
983 463 19 24 0.147573
216 484 29 34 0.145136
688 167 34 47 0.142122
273 159 56 69 0.141122
91 334 39 45 0.130264
390 314 27 37 0.128572
899 536 42 50 0.124749
559 126 37 48 0.120956
998 65 21 28 0.117769
599 257 18 24 0.115388
424 411 26 32 0.11336
515 258 29 37 0.112708
525 217 29 38 0.10462
119 342 25 29 0.103457
440 427 38 50 0.101747
824 137 25 33 0.100868
