rain/rain_00943
30
448 142 19 29 0.9928
732 193 42 48 0.793766
405 276 38 45 0.763573
673 405 42 57 0.612385
46 298 27 33 0.610893
600 74 16 22 0.568726
712 193 37 42 0.49702
741 199 38 51 0.472728
636 380 22 27 0.46551
575 253 20 30 0.451375
111 325 29 36 0.374246
396 282 27 30 0.352115
74 354 26 32 0.286435
46 358 25 29 0.269639
520 151 26 34 0.263604
308 22 28 32 0.24813
388 226 39 51 0.236869
330 109 21 29 0.216273
423 179 31 41 0.208108
516 199 18 24 0.199475
992 466 25 29 0.183778
604 79 29 41 0.175721
788 300 23 29 0.159676
131 644 19 23 0.146478
454 339 22 30 0.143579
696 209 46 62 0.142571
800 235 28 35 0.137665
462 163 23 32 0.121127
750 114 55 72 0.10728
293 78 22 29 0.105077
