rain/rain_00118
40
354 288 28 39 0.999999
327 320 43 45 0.752447
976 598 26 31 0.666499
381 321 32 40 0.585179
399 404 18 24 0.554615
452 426 38 52 0.487374
102 628 30 32 0.436173
338 356 43 47 0.4026
231 379 57 68 0.371939
413 355 27 36 0.368088
485 447 24 28 0.366018
276 354 40 40 0.324445
386 339 37 47 0.295245
809 615 32 36 0.288328
986 627 32 38 0.259808
940 623 33 38 0.258205
397 424 47 61 0.256426
875 621 32 34 0.239534
838 613 41 46 0.229109
621 391 25 31 0.218614
585 397 23 28 0.209747
423 481 18 26 0.204297
670 649 25 29 0.197135
629 89 22 26 0.196142
975 633 29 35 0.194206
667 438 23 25 0.191351
432 376 29 48 0.189152
881 594 23 26 0.180149
133 525 21 24 0.166372
356 336 27 29 0.160169
43 620 37 41 0.15333
465 557 18 19 0.145243
691 417 27 34 0.14365
922 622 25 30 0.140988
956 227 23 30 0.132351
665 232 22 28 0.127834
457 273 43 73 0.120671
272 462 24 28 0.110488
42 523 23 27 0.10372
24 631 28 32 0.101692
