rain/rain_00965
222
779 142 31 44 0.999993
270 129 34 40 0.999993
532 169 34 42 0.99997
597 187 41 42 0.999948
907 149 29 36 0.999911
472 235 41 53 0.961257
184 449 40 48 0.928923
438 138 33 39 0.858992
251 174 21 29 0.840049
849 189 56 59 0.833769
448 389 31 37 0.825247
158 433 24 31 0.799254
809 287 43 49 0.776664
488 365 18 24 0.766185
897 286 23 31 0.75282
297 260 51 59 0.750473
858 172 24 25 0.748562
494 259 40 51 0.746081
497 406 19 24 0.738419
144 255 18 27 0.731678
350 437 34 45 0.712167
557 526 14 18 0.695499
305 359 60 66 0.693123
807 229 25 42 0.686144
989 261 18 26 0.681645
110 404 28 31 0.675916
34 515 18 21 0.664316
928 184 32 35 0.663826
474 416 24 26 0.662335
621 291 33 45 0.649658
42 514 29 36 0.647568
573 365 22 23 0.63217
102 292 32 37 0.619842
858 410 37 53 0.610068
697 481 17 19 0.609768
247 406 43 59 0.603994
216 242 27 28 0.602729
169 166 22 27 0.599768
366 528 28 32 0.593534
831 157 29 41 0.573489
148 384 25 31 0.563094
285 457 35 42 0.558922
941 377 34 44 0.549949
590 444 24 32 0.527414
854 28 24 29 0.520114
293 522 18 22 0.517198
250 238 33 36 0.515749
87 300 43 53 0.51324
242 95 19 23 0.505244
793 288 41 50 0.504896
272 303 31 33 0.50354
135 145 18 23 0.493354
189 247 44 44 0.491225
711 196 56 78 0.488074
692 322 63 74 0.455455
776 264 16 28 0.451067
256 315 25 28 0.447095
599 509 13 17 0.441477
987 325 19 29 0.436218
811 197 47 58 0.429815
128 289 25 29 0.424873
168 501 29 34 0.41242
389 517 26 36 0.41217
495 236 30 35 0.408503
533 156 25 32 0.407051
376 440 36 48 0.387093
740 12 25 29 0.381977
591 382 25 29 0.381839
412 161 45 55 0.373937
775 348 21 36 0.361935
984 238 26 34 0.361247
613 416 28 33 0.360871
965 178 25 27 0.360737
666 341 24 29 0.36061
676 2 24 29 0.359181
512 401 49 66 0.358777
470 211 43 53 0.357424
500 458 28 41 0.354778
783 300 33 50 0.350769
363 40 30 33 0.349051
147 645 23 27 0.348925
696 501 19 26 0.346607
790 546 21 24 0.346469
753 411 32 41 0.331154
663 434 38 58 0.326987
917 418 36 52 0.321131
29 539 27 36 0.314445
939 405 28 38 0.313332
792 418 35 46 0.30573
917 296 60 64 0.301511
618 179 29 38 0.292319
881 377 25 26 0.286846
976 208 17 24 0.284593
127 427 25 32 0.276924
293 504 21 29 0.275059
516 275 39 48 0.272162
834 523 17 20 0.268977
278 3 41 48 0.268097
666 326 22 26 0.267935
45 321 20 24 0.267882
375 169 69 90 0.265962
257 244 35 40 0.264663
229 274 25 34 0.261131
649 228 18 21 0.252787
918 144 28 43 0.242249
839 284 62 67 0.239223
531 289 30 45 0.235012
794 569 17 19 0.234813
16 355 50 83 0.234799
575 -1 39 44 0.234119
84 512 28 29 0.234016
431 291 46 49 0.232702
28 395 46 56 0.22943
565 167 22 33 0.228424
816 346 21 22 0.227861
173 351 25 31 0.217284
687 289 23 29 0.214618
911 531 18 19 0.213444
184 375 45 62 0.211498
495 530 54 61 0.211127
707 302 35 43 0.210475
613 544 25 28 0.208438
622 256 24 30 0.208275
795 148 33 43 0.208174
205 139 21 26 0.207066
789 477 20 28 0.206391
118 511 24 22 0.203299
590 203 31 39 0.202818
39 505 19 23 0.202344
361 176 27 33 0.201411
733 309 21 23 0.199488
16 133 23 27 0.199121
593 51 23 30 0.195489
114 246 40 49 0.195352
672 365 24 35 0.195084
605 164 31 40 0.193664
86 342 28 34 0.190846
504 245 26 31 0.1897
419 293 35 38 0.188765
40 417 42 54 0.185381
981 337 26 34 0.18407
372 13 24 29 0.18288
170 269 74 84 0.181796
672 182 53 61 0.180477
303 219 55 62 0.180267
758 91 23 28 0.179966
930 217 25 32 0.177668
238 207 34 37 0.17244
464 149 22 27 0.171527
786 174 17 22 0.170427
692 347 58 71 0.170157
879 401 22 29 0.167768
576 389 23 29 0.166164
609 113 23 30 0.162897
837 63 26 33 0.162558
451 163 26 38 0.162436
39 109 31 40 0.162429
926 352 21 27 0.16143
716 478 21 23 0.159741
451 372 23 28 0.157919
467 461 25 34 0.157825
3 147 20 26 0.15692
169 202 25 33 0.15662
63 189 27 31 0.156566
498 499 27 33 0.156274
403 2 24 29 0.156245
873 337 25 30 0.156031
167 471 30 38 0.151781
111 324 31 41 0.151481
804 397 43 49 0.150313
258 454 26 32 0.148762
788 245 21 28 0.147265
865 514 17 20 0.146956
305 245 51 53 0.146335
277 221 24 26 0.144828
224 483 26 31 0.14226
354 61 27 32 0.139345
399 310 21 27 0.136077
727 66 43 52 0.135614
949 413 36 48 0.135467
166 452 36 41 0.135369
335 532 21 26 0.134174
734 585 22 26 0.133847
477 273 29 35 0.133734
44 397 46 61 0.132031
977 224 21 29 0.130693
277 353 20 25 0.130447
663 332 22 31 0.12966
589 639 25 28 0.128797
783 25 32 39 0.128737
43 95 22 29 0.128713
679 527 19 22 0.126792
187 239 25 29 0.126127
133 435 23 29 0.125791
773 402 33 37 0.125616
85 139 22 27 0.12508
323 203 43 42 0.124975
301 316 40 49 0.124867
546 519 17 21 0.124857
840 503 18 21 0.123472
886 404 23 29 0.120301
843 475 21 31 0.120281
393 502 28 38 0.120279
782 501 23 29 0.118362
485 377 31 40 0.118325
413 432 53 77 0.116471
631 318 25 32 0.115223
986 196 34 44 0.115145
261 132 14 20 0.114499
272 242 38 49 0.113368
887 76 34 41 0.111851
514 383 32 49 0.111813
651 379 43 52 0.110099
424 315 38 46 0.109999
341 190 31 37 0.109962
235 449 39 45 0.108052
908 598 26 30 0.107534
529 437 33 50 0.106355
711 430 37 50 0.106304
116 357 30 39 0.10567
378 362 65 88 0.105663
704 406 33 42 0.105202
