rain/rain_00975
32
375 188 65 75 1
573 124 90 115 0.999999
160 250 70 88 0.999988
318 198 65 78 0.985625
459 231 82 101 0.959641
296 394 35 41 0.92775
274 37 52 59 0.765295
290 358 47 60 0.7062
297 177 25 32 0.496608
687 431 30 34 0.491013
297 427 24 33 0.442118
513 430 64 62 0.4218
411 194 45 53 0.384551
714 433 34 45 0.37785
734 386 30 37 0.372375
542 433 54 59 0.333652
588 204 51 58 0.271921
77 637 33 43 0.270055
626 352 20 26 0.268815
621 225 46 52 0.23492
606 397 77 89 0.209113
645 154 42 46 0.152937
324 183 34 46 0.152877
783 330 33 44 0.152308
466 192 96 112 0.151028
439 400 22 33 0.148139
761 188 87 104 0.1243
150 383 28 35 0.118494
719 248 24 28 0.117578
413 314 80 101 0.117174
783 487 160 194 0.114997
433 299 33 42 0.113846
