rain/rain_00987
35
570 203 29 37 0.984787
641 337 43 51 0.59907
972 593 25 30 0.423038
51 114 25 31 0.421654
18 417 26 32 0.40432
19 28 21 27 0.384827
291 52 68 92 0.38067
233 291 20 28 0.360125
18 150 25 29 0.345258
10 358 30 36 0.313743
268 86 35 51 0.286002
643 195 41 46 0.275753
678 361 26 31 0.265104
592 344 22 26 0.257106
965 283 35 43 0.250248
196 285 14 18 0.235185
30 131 28 33 0.230791
878 259 46 62 0.190124
482 644 28 32 0.187243
555 242 26 31 0.183051
781 175 49 65 0.152055
800 376 55 67 0.149674
348 267 25 29 0.140908
18 69 17 20 0.134956
225 368 20 25 0.126931
10 509 20 25 0.121392
153 489 26 31 0.119767
9 457 23 31 0.116809
20 76 29 38 0.116434
16 5 26 28 0.11229
121 50 36 47 0.111791
735 263 28 37 0.109318
712 331 23 28 0.108453
975 639 24 31 0.107191
25 388 20 26 0.10364
