rain/rain_00108
27
624 227 35 47 1
797 371 28 35 0.695309
785 347 26 31 0.601658
757 504 20 23 0.57018
563 421 22 25 0.442353
833 376 20 25 0.418344
754 400 22 27 0.385307
443 374 20 23 0.330698
630 325 24 32 0.300109
523 365 21 22 0.262286
34 394 23 27 0.238774
264 266 21 27 0.233067
721 545 17 21 0.22842
842 393 23 32 0.226184
218 419 23 22 0.221994
880 545 28 34 0.217147
823 398 24 28 0.190944
149 501 21 25 0.185152
842 282 23 28 0.161002
826 303 21 25 0.147016
788 404 19 22 0.14574
630 266 23 30 0.134514
951 311 27 33 0.129937
545 375 15 19 0.128939
713 375 21 27 0.123808
237 293 23 27 0.112243
310 500 20 24 0.103368
