rain/rain_00117
85
604 115 58 73 0.999982
726 132 58 72 0.99616
357 292 35 53 0.940631
119 190 34 43 0.865511
857 658 35 41 0.805905
192 449 22 27 0.774569
497 254 26 32 0.744632
19 361 35 42 0.74369
515 1 53 68 0.738974
252 343 25 34 0.728712
354 258 41 64 0.70943
100 342 30 37 0.696423
496 140 80 100 0.685018
920 555 40 48 0.672237
347 316 47 63 0.654747
142 49 27 37 0.651855
624 160 34 42 0.571214
96 299 31 38 0.551516
107 389 31 40 0.530797
209 195 32 46 0.516317
141 180 23 34 0.488521
105 49 36 46 0.486081
829 104 37 47 0.482949
515 418 25 35 0.473572
126 420 23 33 0.471689
758 297 55 71 0.422637
551 329 42 54 0.409072
226 41 35 41 0.402733
559 368 39 47 0.375404
744 225 70 102 0.358672
746 356 22 26 0.353586
553 160 34 38 0.344234
120 105 40 52 0.339525
397 431 40 47 0.329833
611 217 38 48 0.319554
137 101 39 49 0.319097
38 83 30 37 0.31312
31 267 24 31 0.311452
545 279 42 63 0.303521
479 286 52 79 0.301678
875 181 61 82 0.300767
42 358 43 53 0.291439
871 164 48 61 0.289217
168 172 27 35 0.283148
582 74 36 41 0.283046
411 148 45 58 0.26337
481 370 34 47 0.262067
579 156 21 31 0.259854
809 596 24 29 0.256495
818 251 35 49 0.247321
653 304 27 35 0.243266
85 449 25 34 0.242686
793 164 41 50 0.23877
504 550 24 32 0.231988
120 276 29 36 0.224122
635 349 19 22 0.224083
528 274 44 66 0.219741
808 558 30 36 0.219272
504 261 51 73 0.217382
15 33 52 63 0.212348
465 245 43 65 0.211689
172 405 24 29 0.211562
742 43 42 49 0.208312
521 481 24 30 0.187783
891 6 96 128 0.179884
185 28 62 76 0.174116
4 39 30 35 0.171839
-1 364 37 44 0.163489
638 213 46 63 0.15898
552 540 25 32 0.156084
780 358 16 20 0.15409
552 179 36 42 0.152591
236 229 32 39 0.151726
33 313 26 31 0.147685
775 205 35 49 0.142701
658 342 23 31 0.138311
536 462 21 30 0.131055
575 299 25 34 0.130283
403 626 35 41 0.127202
681 590 27 31 0.122775
640 592 29 35 0.122067
316 449 36 42 0.116985
222 467 30 38 0.110371
89 235 27 30 0.108379
383 222 33 33 0.101832
