rain/rain_00903
57
814 293 28 34 0.995595
383 340 29 36 0.952391
642 312 31 37 0.945109
991 402 32 38 0.920247
639 640 39 45 0.869276
396 683 28 36 0.794472
779 318 48 82 0.792231
797 437 29 37 0.787143
726 308 25 28 0.681268
817 345 47 63 0.641605
601 382 35 47 0.610552
539 46 36 44 0.605026
398 699 28 36 0.605018
391 679 22 27 0.515284
360 528 34 46 0.48876
322 395 43 52 0.449401
372 515 47 62 0.442414
677 564 21 27 0.424262
9 496 32 38 0.37564
834 537 25 29 0.359965
39 204 27 29 0.353437
550 121 16 22 0.329975
669 644 54 60 0.318332
287 417 26 30 0.280423
657 727 22 27 0.279409
626 640 40 49 0.269802
620 683 48 58 0.262072
673 686 22 28 0.256091
332 340 22 27 0.242651
809 526 34 46 0.239148
66 121 29 36 0.234912
321 293 29 37 0.217106
618 473 28 33 0.208465
174 441 28 39 0.198308
323 363 31 41 0.198059
655 358 44 60 0.197792
149 444 21 30 0.196213
344 551 24 33 0.196024
742 394 19 22 0.190171
813 271 29 35 0.185853
815 642 31 41 0.166527
205 437 21 27 0.162778
4 739 22 26 0.162652
625 383 16 23 0.160522
264 305 35 42 0.157426
621 100 29 34 0.156311
142 489 43 48 0.136418
69 504 21 26 0.130001
584 351 49 62 0.129138
75 625 24 27 0.122182
303 378 17 20 0.120947
565 397 28 35 0.120602
228 497 25 27 0.120102
670 606 23 28 0.119223
652 405 29 33 0.110704
676 404 22 28 0.105875
653 697 23 29 0.104412
