rain/rain_00941
143
645 166 22 28 0.999976
899 167 24 30 0.999968
598 181 25 30 0.999896
542 144 31 36 0.999862
356 151 40 51 0.99962
717 199 30 36 0.998418
670 174 24 30 0.9727
421 186 21 28 0.804884
961 310 22 27 0.753812
943 503 47 55 0.752985
746 581 26 29 0.744553
420 548 51 54 0.710609
30 107 58 63 0.70663
533 80 27 32 0.705929
790 192 27 31 0.702516
365 392 27 33 0.686119
786 179 29 35 0.613788
690 240 23 32 0.603032
-1 155 54 65 0.597634
439 237 27 29 0.557431
592 117 31 35 0.504236
441 212 24 28 0.488984
363 212 37 49 0.486192
796 101 22 25 0.47922
662 496 34 39 0.466415
600 238 24 29 0.456643
697 318 27 32 0.420489
697 222 28 32 0.419998
833 251 40 50 0.416766
286 253 31 38 0.406138
364 535 28 32 0.396022
471 136 22 27 0.383566
767 22 21 27 0.383348
492 160 21 26 0.382416
492 113 28 32 0.37546
447 294 21 29 0.372262
305 316 22 26 0.361897
798 332 30 40 0.357216
512 88 32 36 0.35647
804 313 27 36 0.356312
675 221 25 30 0.351811
357 406 36 46 0.331711
304 568 29 32 0.32774
937 337 19 27 0.316235
387 328 22 28 0.312247
946 249 27 35 0.296162
908 206 30 33 0.292448
178 83 31 34 0.290924
81 388 38 45 0.28784
190 386 20 22 0.287317
684 366 35 43 0.28634
551 241 21 25 0.284221
314 109 25 29 0.27249
564 192 21 26 0.270502
654 72 18 25 0.262577
289 264 30 39 0.260125
383 546 61 70 0.255847
405 116 21 25 0.254203
799 214 22 27 0.253213
375 91 37 45 0.249689
900 149 26 30 0.249431
456 217 23 27 0.249341
544 31 23 29 0.246951
2 76 22 28 0.246735
926 309 26 33 0.245334
342 211 36 44 0.240148
329 78 26 33 0.238879
497 197 26 30 0.236676
225 54 22 28 0.224258
290 233 30 37 0.221894
952 204 16 20 0.22026
45 31 22 25 0.219265
875 306 18 23 0.218416
724 290 35 43 0.218195
431 239 19 22 0.210787
275 359 26 31 0.209093
693 269 19 31 0.209032
47 76 19 23 0.203417
110 52 38 50 0.200513
867 217 17 23 0.197936
581 413 18 26 0.197692
498 433 16 20 0.192265
735 400 22 28 0.191725
20 137 52 65 0.191657
724 210 31 38 0.190929
935 121 19 23 0.18549
724 545 28 33 0.178614
98 498 29 31 0.178244
658 335 26 33 0.172737
894 627 35 39 0.172208
397 210 16 20 0.171513
796 223 22 27 0.171489
835 221 35 40 0.1714
805 92 28 33 0.16343
158 392 27 29 0.162123
469 167 19 24 0.153045
697 157 19 21 0.152829
583 122 29 34 0.151608
451 356 27 34 0.148715
60 34 32 37 0.148028
441 283 21 28 0.145062
6 129 29 38 0.14247
565 314 22 29 0.14173
325 103 22 24 0.141308
811 220 38 48 0.141043
997 98 15 18 0.14054
136 12 33 40 0.139971
383 360 25 31 0.139959
825 164 23 26 0.137522
636 225 20 22 0.136544
814 293 19 25 0.135892
567 571 29 33 0.134764
431 265 23 28 0.132897
506 120 22 26 0.130945
1 14 27 32 0.127966
847 302 24 27 0.126457
707 316 28 34 0.12636
910 221 28 36 0.124647
762 214 23 24 0.124241
-1 239 19 23 0.123157
872 238 20 25 0.121491
885 243 26 29 0.121375
395 496 37 44 0.120692
740 55 17 24 0.120538
613 25 20 24 0.118672
1003 263 21 24 0.118277
579 36 19 27 0.117527
698 191 23 28 0.114888
377 288 24 30 0.114478
365 371 29 38 0.114185
666 210 23 28 0.113442
905 198 26 29 0.111397
616 183 17 21 0.111377
433 278 23 26 0.110871
853 205 17 22 0.110756
462 554 44 54 0.1096
712 255 22 29 0.108863
680 334 27 29 0.108452
498 158 20 23 0.105532
738 272 26 31 0.105317
976 535 29 31 0.104147
344 111 36 40 0.103122
767 125 30 35 0.101672
