rain/rain_00976
53
341 184 53 68 1
35 447 31 39 0.999999
569 99 52 72 0.999994
213 457 36 41 0.999985
135 396 45 63 0.999169
174 415 35 46 0.998586
57 422 29 37 0.996363
162 411 35 49 0.863802
59 495 32 43 0.83733
513 488 74 88 0.666584
90 91 29 35 0.6178
223 600 22 26 0.614113
758 8 24 30 0.588783
471 155 27 34 0.550087
30 417 46 53 0.538673
49 531 47 57 0.522213
970 153 24 28 0.508318
127 506 21 30 0.505746
480 597 19 26 0.396244
494 482 29 36 0.355736
938 147 33 39 0.344936
607 374 22 29 0.336321
192 409 23 36 0.314422
333 181 28 44 0.313833
165 601 36 39 0.311415
6 500 21 24 0.300892
265 485 37 37 0.290597
90 443 23 27 0.282067
148 547 18 21 0.280908
873 372 26 28 0.27774
913 50 25 30 0.265672
545 143 38 44 0.251975
493 71 34 41 0.235868
582 225 22 28 0.221118
78 182 44 54 0.220257
580 487 48 61 0.198399
946 316 24 30 0.182406
525 119 26 29 0.177696
577 175 17 20 0.163222
801 182 21 29 0.154189
499 194 64 75 0.147556
808 46 24 27 0.14755
214 503 43 51 0.146211
203 236 35 45 0.141935
47 362 19 23 0.134725
476 165 36 42 0.132333
463 104 20 25 0.127083
829 356 42 59 0.127033
346 368 27 33 0.120633
607 237 22 26 0.115374
865 384 33 43 0.114624
567 20 24 32 0.107417
227 429 14 17 0.10565
