rain/rain_00990
25
437 194 79 112 0.999915
648 163 105 126 0.911239
561 103 138 165 0.896621
706 574 89 121 0.891241
556 357 26 31 0.794891
654 337 38 46 0.51182
413 199 36 40 0.438579
859 338 59 69 0.419961
445 582 50 67 0.379145
505 559 72 81 0.298734
490 529 22 30 0.263977
806 369 78 100 0.223888
825 317 54 72 0.221137
984 275 40 49 0.199601
757 224 25 29 0.184804
746 355 98 120 0.174573
820 73 191 213 0.168997
536 505 25 31 0.166902
167 180 46 56 0.164489
543 559 86 99 0.151611
946 307 36 42 0.148762
944 561 46 62 0.140401
470 542 42 49 0.120007
308 561 71 77 0.115035
978 593 30 40 0.106573
