rain/rain_00947
42
504 192 58 69 0.999993
271 380 27 31 0.845325
476 439 21 25 0.825449
470 320 58 71 0.72212
531 282 36 47 0.703439
606 510 26 31 0.684569
515 332 33 41 0.653462
486 411 24 28 0.596542
940 555 22 27 0.564478
433 314 27 32 0.537145
708 360 26 33 0.50509
606 304 23 26 0.399669
805 435 37 42 0.37141
911 543 21 30 0.363943
476 542 47 61 0.356707
559 439 49 57 0.30951
712 348 27 29 0.254714
726 344 18 17 0.252192
897 513 39 44 0.229428
849 427 29 32 0.223497
626 453 19 25 0.199813
607 104 25 32 0.194103
408 558 71 99 0.191294
445 478 30 34 0.180393
744 334 19 22 0.178228
854 100 22 29 0.17542
529 509 62 66 0.174291
889 445 30 34 0.169167
1004 532 16 21 0.161638
817 130 28 33 0.155161
634 374 31 37 0.153958
660 381 22 27 0.147496
395 386 38 44 0.144384
220 613 28 33 0.138583
512 472 24 28 0.120188
534 323 26 31 0.120061
491 577 38 46 0.119231
98 411 29 37 0.116485
639 398 41 55 0.114097
906 133 25 30 0.105389
405 374 29 33 0.102006
469 298 41 54 0.100399
