rain/rain_00963
42
388 126 73 90 0.999799
318 71 51 78 0.998356
361 526 47 57 0.911755
396 275 40 44 0.895627
734 496 29 33 0.880987
422 26 75 87 0.730268
569 387 32 40 0.528471
779 396 35 36 0.482765
200 349 114 118 0.44625
968 41 56 65 0.353261
773 0 34 44 0.33134
346 579 50 67 0.321146
197 116 88 115 0.308808
828 181 39 52 0.252494
934 165 28 34 0.249968
794 273 43 55 0.24183
759 330 35 44 0.234948
356 388 31 35 0.232013
777 22 39 45 0.229582
303 306 44 54 0.225505
812 19 104 122 0.221689
396 71 66 76 0.219868
349 287 32 40 0.209936
730 159 33 43 0.206385
363 44 42 48 0.201815
886 118 40 51 0.194353
672 371 47 56 0.183385
750 129 37 41 0.183108
499 491 26 32 0.177971
875 194 38 51 0.165612
295 36 43 56 0.152765
520 29 42 57 0.146411
127 567 51 56 0.134904
797 468 29 35 0.130515
411 261 33 36 0.122274
489 447 56 60 0.121134
453 270 39 49 0.114647
267 115 92 117 0.11385
564 533 37 39 0.111358
954 134 40 52 0.109758
859 523 27 31 0.102029
326 541 32 47 0.100211
