rain/rain_00928
66
728 183 107 134 0.999999
254 155 112 143 0.999993
357 34 83 108 0.999917
84 -6 113 131 0.996263
873 242 66 79 0.929681
445 12 39 47 0.849485
398 282 43 52 0.808305
98 281 40 54 0.704013
208 40 71 79 0.66225
687 49 92 117 0.611397
229 430 23 26 0.576411
291 431 32 42 0.569658
384 140 25 32 0.546677
405 154 41 49 0.542653
375 469 43 54 0.517273
304 296 28 35 0.517262
639 123 47 62 0.512506
245 421 22 27 0.455096
39 478 124 151 0.448853
671 617 28 33 0.433794
404 556 28 35 0.406687
405 579 29 34 0.405964
620 162 39 46 0.367973
537 290 73 85 0.319432
519 -24 118 153 0.311284
126 110 26 35 0.303762
-1 453 59 73 0.274877
278 495 26 31 0.258284
130 140 37 44 0.245905
939 251 39 49 0.24146
398 359 17 21 0.240554
453 0 37 51 0.240119
278 415 26 29 0.238818
931 155 32 39 0.23639
364 568 33 41 0.215172
208 634 27 32 0.214522
721 590 26 35 0.213025
487 249 59 68 0.212911
26 52 36 47 0.202812
24 -3 27 34 0.200182
199 562 67 77 0.197996
989 20 24 30 0.197242
306 128 31 33 0.183366
431 -5 23 29 0.179754
713 612 43 56 0.173531
731 466 34 43 0.169273
384 8 26 32 0.168972
463 650 24 28 0.166912
301 353 26 30 0.160682
608 243 24 32 0.158406
173 143 33 45 0.156425
401 6 28 32 0.155698
415 463 34 44 0.144738
974 106 33 42 0.14442
515 421 21 26 0.142936
562 443 25 32 0.127474
294 496 26 32 0.12688
255 495 27 32 0.126826
251 599 25 32 0.122287
522 633 24 29 0.114766
287 585 44 52 0.111355
571 500 47 59 0.110718
932 322 30 41 0.107945
743 493 26 32 0.107218
343 353 21 28 0.10508
262 74 26 31 0.104322
