rain/rain_00107
39
544 309 19 27 0.992943
242 333 16 24 0.974667
567 424 26 29 0.914906
230 397 53 69 0.710728
225 460 25 34 0.660248
127 591 25 34 0.599394
485 521 35 40 0.590155
546 587 33 43 0.360375
188 472 22 26 0.296378
733 428 21 26 0.281529
590 403 18 24 0.278828
204 366 25 32 0.273155
584 443 104 121 0.250346
821 426 22 26 0.247742
198 433 18 22 0.24728
512 334 39 50 0.244196
183 398 22 25 0.234243
448 510 29 36 0.214022
222 562 24 28 0.213264
993 426 25 29 0.211106
230 488 18 27 0.210934
257 544 23 26 0.209464
231 352 24 31 0.207915
261 503 26 30 0.204976
579 386 22 26 0.198751
631 571 50 60 0.186667
685 403 14 19 0.179545
472 424 29 36 0.179124
520 390 22 27 0.165937
505 598 21 25 0.154465
22 395 20 24 0.145744
107 462 21 26 0.136958
469 391 33 43 0.135249
70 436 17 23 0.134122
293 520 23 25 0.125991
293 437 15 18 0.123113
159 496 23 28 0.12087
220 352 26 36 0.115145
481 454 29 35 0.11504
