rain/rain_00966
127
507 439 25 29 0.995356
204 440 19 24 0.93839
31 383 25 32 0.895227
608 235 29 34 0.857341
811 666 21 26 0.813614
860 119 156 200 0.795644
244 580 29 35 0.735083
813 199 75 92 0.680607
450 601 18 22 0.677458
774 582 22 28 0.642634
567 188 38 45 0.60324
236 538 28 33 0.583543
699 364 24 33 0.555116
187 594 20 25 0.548773
907 669 24 32 0.541006
358 317 22 27 0.539019
462 351 20 27 0.533625
930 652 20 28 0.502236
189 466 24 32 0.490426
293 634 24 30 0.475612
717 521 20 25 0.467867
721 421 33 35 0.45911
565 388 114 137 0.458604
78 531 44 61 0.442144
492 472 23 31 0.430482
175 454 16 20 0.413168
944 489 23 27 0.412584
673 287 40 56 0.402834
271 435 45 51 0.399764
817 608 27 30 0.399679
3 203 38 47 0.397251
592 370 32 37 0.395793
456 517 30 41 0.379101
965 367 36 45 0.353927
470 465 17 21 0.346011
385 530 17 21 0.345947
48 301 28 37 0.329926
173 25 22 27 0.321228
918 731 24 35 0.311417
274 397 53 66 0.309195
259 713 25 33 0.303787
452 448 20 32 0.295002
359 710 22 27 0.288123
87 295 26 31 0.28544
180 463 26 35 0.282003
39 390 29 45 0.279389
315 621 19 27 0.279181
938 39 72 79 0.274494
806 361 24 26 0.267567
728 666 23 25 0.262295
311 358 31 43 0.26173
24 319 39 61 0.260039
384 565 19 26 0.254579
374 540 23 28 0.24859
388 191 48 51 0.245346
996 330 24 30 0.245187
92 245 45 51 0.244446
163 425 20 30 0.231697
23 502 41 57 0.230262
625 161 36 38 0.223597
651 249 29 34 0.217462
989 429 30 36 0.212001
307 535 18 24 0.206424
703 212 46 57 0.205383
595 546 19 26 0.202868
262 722 26 33 0.19546
776 728 34 41 0.193086
982 377 38 47 0.192753
154 457 14 19 0.192427
514 621 24 33 0.192357
516 508 22 26 0.189483
40 305 28 38 0.189249
689 315 44 68 0.187016
779 261 18 26 0.186708
825 186 22 31 0.184052
650 694 15 19 0.183272
734 734 15 19 0.175109
329 577 14 18 0.173131
766 418 26 31 0.171691
879 548 25 36 0.170295
171 638 20 26 0.169941
632 238 37 45 0.168233
589 548 18 27 0.167988
651 291 17 26 0.164786
167 277 53 62 0.162525
512 486 30 37 0.159766
326 334 32 46 0.149321
708 524 24 28 0.14637
301 678 24 28 0.145898
179 484 19 28 0.145044
845 346 44 58 0.140887
685 578 32 50 0.140444
793 397 14 16 0.136871
186 370 23 34 0.136809
194 20 22 31 0.135905
949 421 32 40 0.129604
2 181 24 31 0.12948
751 505 21 25 0.128226
672 208 61 79 0.126472
451 381 19 24 0.125952
696 298 28 41 0.124357
315 575 17 23 0.123265
901 502 42 47 0.12276
247 176 28 31 0.12267
82 363 35 47 0.121676
853 613 30 45 0.12071
435 609 13 18 0.120646
503 509 27 33 0.119892
825 621 28 38 0.117752
934 423 35 42 0.117649
26 486 44 54 0.117339
814 450 25 32 0.114683
713 641 21 27 0.113706
795 480 26 29 0.113008
597 240 33 39 0.112934
464 360 23 28 0.10916
252 498 33 37 0.108062
141 570 20 33 0.107011
77 652 33 35 0.106755
393 484 31 37 0.105821
737 39 46 52 0.105409
835 629 33 46 0.105395
422 217 81 97 0.104431
763 502 35 41 0.104148
296 325 24 28 0.101453
739 364 17 26 0.101112
411 502 24 31 0.101072
