rain/rain_00916
27
22 136 20 24 0.86302
652 165 34 38 0.858933
179 117 33 41 0.783214
215 125 31 34 0.695541
667 266 17 22 0.640836
632 271 19 23 0.566538
37 262 30 35 0.425615
578 198 21 25 0.306145
68 45 24 28 0.291106
710 219 27 38 0.230645
659 303 32 38 0.210714
112 213 24 30 0.205499
321 189 30 33 0.190272
629 174 34 35 0.186527
637 264 19 27 0.175899
546 193 29 35 0.175734
99 99 47 62 0.171274
649 195 25 29 0.165949
172 137 24 31 0.164355
483 214 26 36 0.156087
672 183 41 55 0.152522
100 172 23 28 0.143429
193 165 17 21 0.141197
123 161 33 45 0.137997
2 281 27 36 0.131896
477 191 37 46 0.129605
562 240 80 91 0.115564
