rain/rain_00920
62
406 55 111 141 0.999988
433 133 76 94 0.616142
123 193 35 44 0.591196
175 334 55 70 0.519357
545 -6 32 32 0.517729
255 4 46 56 0.419368
954 458 41 50 0.411722
365 611 25 33 0.407274
574 226 144 190 0.406197
207 287 38 46 0.404918
420 8 41 48 0.394975
401 24 53 62 0.389378
360 200 50 67 0.388531
99 278 35 42 0.356848
928 416 35 42 0.351551
348 643 28 35 0.323125
1 471 25 31 0.316201
346 463 58 75 0.315215
203 109 49 61 0.305385
513 129 83 121 0.29606
342 402 62 85 0.295161
724 52 45 56 0.275145
127 248 32 40 0.270575
307 185 70 98 0.264985
237 68 46 59 0.263297
217 590 33 41 0.261425
793 569 26 35 0.241094
122 546 28 34 0.238084
274 265 70 101 0.235074
45 218 59 71 0.226722
591 114 31 36 0.222359
821 29 35 42 0.205619
851 128 53 65 0.200779
246 587 32 39 0.195972
932 227 28 35 0.194497
125 9 41 50 0.182134
38 346 37 45 0.180797
370 533 25 33 0.176519
691 28 31 39 0.17006
878 461 34 45 0.168651
11 587 35 45 0.161981
844 378 40 49 0.15729
249 490 31 39 0.149953
233 481 34 43 0.145948
152 261 64 78 0.144486
247 257 35 43 0.139494
360 306 24 33 0.138359
662 93 29 35 0.132919
225 168 26 33 0.132279
984 526 38 47 0.125299
516 60 48 57 0.111776
724 460 56 69 0.11067
200 237 53 63 0.110128
342 369 46 55 0.109426
744 582 44 55 0.10744
580 77 35 49 0.103174
132 458 32 38 0.102965
128 289 32 39 0.102874
813 114 27 34 0.102738
322 65 48 59 0.102578
804 380 30 39 0.101396
816 271 75 96 0.100057
