rain/rain_00106
47
899 146 84 123 0.938215
344 133 20 29 0.925541
310 131 35 51 0.494618
322 123 18 21 0.487553
117 386 188 242 0.45946
973 348 18 23 0.45411
856 505 42 48 0.428093
433 302 24 31 0.329972
564 294 24 34 0.324643
512 458 24 31 0.319192
511 228 51 75 0.307874
436 543 80 89 0.304292
329 348 85 114 0.301302
376 563 31 41 0.296567
220 129 83 100 0.290978
385 329 16 25 0.271811
825 58 21 33 0.254628
334 250 20 24 0.242331
569 456 32 40 0.232414
391 589 76 94 0.231676
493 721 24 28 0.226157
194 369 20 26 0.224213
871 83 24 35 0.218519
756 0 20 25 0.208174
586 35 24 29 0.201002
505 651 22 26 0.194139
806 394 15 21 0.192613
319 480 23 32 0.18043
813 495 30 38 0.177336
446 169 32 45 0.175117
952 19 23 29 0.171327
419 155 16 18 0.157093
459 250 18 24 0.145036
801 436 24 33 0.143284
833 389 16 22 0.143054
530 150 25 29 0.132957
852 77 16 27 0.132394
953 336 17 22 0.124283
356 479 17 23 0.123782
471 200 18 23 0.123072
886 437 18 28 0.114702
127 355 17 23 0.110724
982 53 17 20 0.110585
532 319 21 31 0.109876
774 565 27 33 0.10877
968 349 16 22 0.106204
740 145 27 43 0.102176
