rain/rain_00970
61
405 69 24 29 0.999972
20 30 36 43 0.999901
364 25 32 36 0.999877
339 97 25 26 0.990794
550 99 31 37 0.973981
509 158 22 26 0.903534
169 159 73 89 0.888266
108 88 23 31 0.702877
541 138 23 25 0.668043
279 157 27 34 0.654052
676 23 33 40 0.628406
786 16 31 45 0.587929
495 221 23 28 0.538219
784 558 25 30 0.528261
825 434 29 34 0.499598
365 127 23 29 0.498623
101 59 19 25 0.476001
400 195 23 26 0.452583
575 52 27 34 0.402001
672 84 33 44 0.353615
474 167 25 28 0.348012
102 77 26 34 0.302259
561 0 34 40 0.300108
783 77 41 53 0.27984
369 218 20 25 0.267461
268 210 25 30 0.259292
399 123 19 22 0.253667
307 146 29 34 0.245739
375 151 28 33 0.242334
366 57 24 31 0.237428
527 137 20 23 0.229911
457 170 25 30 0.217356
56 224 34 39 0.21282
705 139 30 37 0.210631
644 93 26 33 0.210561
681 132 24 29 0.203838
46 179 28 33 0.199212
346 167 31 39 0.197439
382 234 15 19 0.197195
749 53 16 21 0.194813
560 85 47 63 0.191042
427 130 28 34 0.186883
77 196 37 49 0.179007
688 47 25 31 0.178366
649 0 23 26 0.176972
323 228 29 35 0.176686
640 11 32 35 0.171751
513 216 43 49 0.169237
622 42 38 46 0.155245
350 137 24 30 0.145247
311 106 33 41 0.144902
943 516 23 27 0.134417
670 68 33 46 0.131052
94 167 27 35 0.128684
398 116 20 22 0.127092
460 200 31 36 0.121646
987 449 32 40 0.120758
728 86 26 29 0.11788
95 129 34 44 0.111709
882 45 25 33 0.104401
408 31 34 41 0.103023
