rain/rain_00953
33
449 501 27 31 0.847349
534 543 29 42 0.718059
200 461 19 22 0.696273
71 558 18 23 0.631156
446 486 21 26 0.592369
243 469 57 73 0.588659
590 458 34 46 0.51427
193 467 17 21 0.40072
432 569 32 43 0.394503
24 496 23 34 0.345902
563 458 19 23 0.318963
429 517 40 55 0.310632
374 639 26 29 0.310627
664 481 24 32 0.294001
121 508 18 23 0.289024
512 473 25 33 0.263449
538 528 22 30 0.261235
107 524 28 37 0.241945
156 609 22 28 0.239133
612 455 26 31 0.220554
357 470 27 31 0.219348
210 499 36 41 0.211396
457 507 34 41 0.209043
24 471 31 35 0.197122
742 557 36 40 0.191772
136 484 39 48 0.169471
324 500 30 37 0.168484
71 495 28 31 0.158066
400 593 27 35 0.133061
0 445 18 21 0.126679
479 638 33 38 0.118455
419 500 45 56 0.112053
34 539 27 33 0.101367
