rain/rain_00955
107
335 147 39 48 1
431 177 42 54 1
632 82 37 44 0.999999
497 130 38 47 0.999992
754 143 36 49 0.999972
159 250 39 45 0.999964
305 203 35 42 0.999773
203 344 34 41 0.895892
209 301 23 29 0.870196
504 207 53 68 0.856436
748 639 19 22 0.807911
794 560 24 29 0.795366
233 525 20 23 0.705258
349 207 35 47 0.705066
765 670 21 24 0.64573
535 298 22 27 0.575915
676 228 22 29 0.543989
210 403 25 33 0.540822
116 497 17 21 0.521905
108 570 29 31 0.5098
216 674 30 34 0.504545
802 507 26 35 0.492429
87 663 20 23 0.436031
262 106 27 31 0.424367
521 310 33 42 0.416213
220 125 33 45 0.380674
599 304 20 27 0.366735
240 473 27 37 0.365863
437 556 25 31 0.36467
370 598 28 36 0.35446
409 491 25 30 0.321413
991 704 24 28 0.312941
193 445 46 62 0.29553
30 61 26 29 0.294594
738 347 44 47 0.290772
432 152 27 27 0.290057
261 584 21 28 0.288113
247 301 20 25 0.286344
196 352 29 36 0.280405
60 617 26 30 0.269311
500 561 20 30 0.266148
718 726 23 28 0.264051
47 331 12 16 0.263803
946 718 26 31 0.244929
361 216 35 45 0.227974
782 467 25 31 0.226024
426 637 29 38 0.220968
95 621 71 87 0.219914
537 690 33 40 0.216529
822 542 29 33 0.216079
195 193 28 36 0.210846
80 155 30 44 0.210793
866 602 19 23 0.20854
286 376 37 45 0.207138
563 697 21 26 0.194764
252 260 20 23 0.194209
343 649 27 29 0.191442
552 303 35 44 0.19132
794 410 16 20 0.189587
814 440 26 31 0.187614
206 325 37 46 0.186208
202 497 24 29 0.182317
568 127 34 38 0.179536
670 334 31 39 0.17883
509 237 49 60 0.17556
973 718 25 29 0.175112
437 587 32 37 0.174553
168 666 26 29 0.171414
837 543 22 28 0.170487
61 534 34 36 0.166103
658 227 20 26 0.165599
593 222 55 65 0.163828
193 661 25 31 0.161844
477 477 27 36 0.155809
548 616 25 29 0.155572
460 400 28 34 0.154259
222 683 29 36 0.15358
212 118 34 43 0.152643
568 373 28 37 0.146689
673 429 24 30 0.144625
524 629 29 35 0.143445
361 639 36 48 0.141692
225 549 22 28 0.139764
211 213 29 35 0.138491
58 23 22 27 0.138181
992 722 24 28 0.138004
108 289 34 40 0.134067
753 478 15 21 0.133887
96 536 30 35 0.132797
677 258 20 28 0.131653
545 491 24 30 0.130412
535 647 28 33 0.130179
790 543 18 24 0.129634
512 552 21 26 0.128075
729 351 27 30 0.127697
248 564 23 27 0.126578
155 348 36 44 0.125535
142 58 31 35 0.118638
740 637 20 23 0.118635
377 443 33 40 0.116942
222 36 29 37 0.111464
204 696 25 29 0.109893
817 321 24 35 0.109579
556 458 28 36 0.109268
459 380 23 29 0.105172
308 580 24 31 0.102938
85 300 24 35 0.100099
