rain/rain_00104
69
132 374 103 126 1
689 376 88 111 0.999999
420 541 89 101 0.999974
850 697 71 85 0.79202
4 589 33 44 0.714868
94 319 26 31 0.686132
398 610 148 201 0.625361
937 920 29 33 0.600443
553 714 63 76 0.595915
226 906 27 33 0.581048
63 221 21 26 0.574437
516 908 30 36 0.537778
107 1042 26 29 0.510072
756 1245 24 31 0.458355
684 1238 26 35 0.443608
128 924 28 33 0.399518
230 242 31 38 0.39095
101 237 58 76 0.379085
335 538 36 43 0.373803
631 899 28 31 0.358413
729 929 27 37 0.348496
1 517 26 30 0.346832
487 853 62 74 0.343558
406 1096 20 22 0.343556
314 634 27 35 0.33349
171 252 30 41 0.325548
278 321 39 53 0.322706
326 526 27 30 0.314198
475 835 49 59 0.290896
331 569 38 43 0.283801
609 1212 89 101 0.282477
328 826 37 49 0.277646
806 702 42 58 0.276684
987 1009 24 29 0.263641
767 777 49 67 0.242088
28 297 29 34 0.237584
756 1265 29 39 0.228561
559 688 29 35 0.22274
681 706 32 40 0.219835
217 1228 39 42 0.217259
242 512 33 36 0.206405
0 833 60 75 0.20421
539 509 66 74 0.203689
699 512 59 73 0.202501
291 683 42 59 0.196905
868 835 23 35 0.18907
297 512 25 31 0.186247
757 1215 36 45 0.185425
387 1035 47 56 0.181808
3 393 28 36 0.178978
747 727 24 29 0.167213
116 1223 29 34 0.157954
757 492 73 86 0.156
244 869 25 32 0.154773
312 261 61 68 0.150889
386 525 35 46 0.146849
12 26 22 25 0.14134
49 506 22 28 0.14049
148 1308 17 22 0.140461
909 770 26 34 0.139181
446 860 23 29 0.135548
3 333 19 24 0.132412
104 334 55 69 0.120215
934 670 52 55 0.118585
141 1300 19 22 0.115213
236 653 41 51 0.111984
1 281 25 31 0.107706
697 1233 26 35 0.106722
788 684 34 40 0.101183
