motion/motion_00845
77
137 80 38 43 0.996312
796 371 44 53 0.965703
65 285 63 77 0.964017
949 273 35 42 0.906275
817 67 60 67 0.903984
137 323 54 71 0.845984
795 116 37 44 0.801735
880 257 22 23 0.785709
47 114 22 24 0.707725
106 287 41 51 0.69412
943 323 46 55 0.672944
766 291 79 100 0.621756
834 130 37 46 0.615914
919 351 42 49 0.572631
833 183 35 41 0.537095
737 163 50 60 0.508224
916 220 42 55 0.506966
839 98 44 53 0.501386
827 223 31 37 0.500841
895 432 37 44 0.48822
927 334 41 45 0.487959
973 223 24 31 0.442412
752 215 24 31 0.415418
465 36 38 47 0.398308
887 349 21 28 0.386814
777 178 47 63 0.373491
872 286 37 43 0.360377
974 173 31 39 0.353112
746 140 52 60 0.352553
800 88 17 24 0.339727
97 141 23 31 0.330999
20 141 74 96 0.324939
15 209 60 79 0.311449
865 103 49 59 0.309508
82 129 23 26 0.291738
746 101 27 32 0.27684
779 229 29 40 0.266305
872 315 28 33 0.260456
861 238 20 30 0.25405
71 199 60 77 0.252065
830 444 98 111 0.250216
855 125 40 50 0.245556
804 230 29 36 0.231393
29 364 54 56 0.224313
514 13 20 25 0.224078
871 168 31 41 0.223175
829 334 49 68 0.210374
910 202 27 31 0.202201
151 169 26 32 0.197234
858 344 30 33 0.194173
120 286 46 60 0.185218
129 180 57 71 0.18491
969 189 45 55 0.180311
-7 216 51 70 0.165065
289 67 21 24 0.149618
914 160 37 38 0.147698
108 112 39 48 0.146375
808 376 68 81 0.14107
848 220 24 25 0.140721
313 70 25 28 0.138736
50 29 24 27 0.135766
925 284 16 20 0.13546
10 124 40 48 0.131531
916 305 34 37 0.127558
887 186 30 38 0.127055
401 73 24 31 0.12682
940 301 52 57 0.124811
299 190 27 33 0.123729
143 300 51 75 0.123685
846 386 46 57 0.12353
7 106 21 28 0.118311
181 205 62 74 0.11385
97 178 55 80 0.113619
788 456 40 53 0.112183
754 351 36 42 0.10511
363 42 24 29 0.103617
901 318 41 51 0.10357
