motion/motion_00780
73
222 128 48 60 0.999996
482 96 32 39 0.999957
585 127 41 52 0.999952
731 79 32 43 0.999805
56 64 47 66 0.99673
325 62 39 52 0.959586
868 295 30 35 0.877989
633 32 49 65 0.807118
649 140 28 34 0.77448
418 340 31 42 0.708741
33 195 42 55 0.682337
524 43 25 30 0.681128
118 59 22 28 0.613445
756 114 53 74 0.585691
517 190 28 30 0.544608
742 460 23 27 0.538225
137 92 37 50 0.536999
508 274 32 39 0.526344
733 52 27 32 0.495617
103 525 27 32 0.489728
455 177 32 44 0.48669
546 71 36 55 0.409967
628 443 55 68 0.401297
380 105 39 56 0.393467
385 140 50 65 0.393158
144 482 27 33 0.380186
509 9 32 37 0.37572
793 53 28 41 0.375347
299 249 40 50 0.363137
426 7 23 28 0.346646
667 94 31 44 0.311629
295 97 25 34 0.297571
720 77 33 45 0.287093
232 30 27 32 0.282413
340 199 62 92 0.270557
281 141 32 41 0.269297
289 77 34 39 0.253478
234 111 42 55 0.250877
513 214 34 45 0.243513
304 473 29 35 0.241014
552 163 66 92 0.23989
534 263 32 41 0.235993
603 92 38 45 0.232729
594 92 30 37 0.232098
63 204 25 35 0.214891
575 23 41 52 0.214314
399 50 31 41 0.210746
78 39 54 69 0.209034
312 270 41 55 0.206312
325 152 54 81 0.195758
57 41 45 53 0.193606
116 311 33 38 0.18666
789 164 42 51 0.182222
49 238 27 36 0.181473
216 234 33 46 0.180791
231 265 75 100 0.175219
373 52 24 29 0.172879
226 349 40 50 0.163994
144 493 30 37 0.159394
637 11 47 60 0.158588
545 30 34 51 0.154887
272 91 37 44 0.146813
707 121 34 41 0.141211
276 132 23 27 0.141038
155 0 41 58 0.135407
96 216 51 62 0.131881
133 264 61 83 0.13165
1 212 23 28 0.125531
39 111 66 83 0.120756
339 48 40 56 0.111921
292 159 30 37 0.111675
66 24 44 53 0.110583
320 88 26 31 0.103019
