motion/motion_00869
24
503 136 97 129 0.999999
864 329 52 67 0.999999
741 299 56 72 0.999991
59 414 27 36 0.98915
821 355 21 27 0.955805
11 460 33 43 0.949214
12 385 22 30 0.701714
34 414 41 52 0.625761
578 533 31 34 0.625748
849 374 107 150 0.55733
423 483 81 100 0.55077
768 365 86 118 0.537064
821 414 68 82 0.356845
592 172 32 42 0.277544
677 376 55 71 0.241885
40 471 77 88 0.230266
768 418 95 130 0.145707
238 485 67 79 0.145644
602 393 18 24 0.143054
845 230 27 32 0.134147
563 314 28 33 0.132028
978 429 42 53 0.123301
835 236 25 39 0.116415
20 428 50 67 0.109266
