motion/motion_00783
23
225 156 105 128 0.99988
599 160 109 122 0.950952
14 348 38 45 0.74367
334 324 33 39 0.518407
313 338 21 24 0.482004
392 26 153 171 0.290491
79 89 174 194 0.284706
288 156 95 126 0.265249
461 100 126 164 0.261576
360 309 29 36 0.249534
-6 452 67 91 0.244844
390 135 121 142 0.212236
341 106 28 35 0.203818
115 416 68 83 0.199671
349 307 30 37 0.173537
146 419 72 83 0.170955
752 158 68 77 0.166067
197 314 47 59 0.159092
402 372 128 160 0.130937
779 297 78 104 0.127329
222 275 35 45 0.124981
388 266 36 48 0.123888
262 109 98 114 0.112095
