motion/motion_00094
83
680 579 41 63 0.994916
727 655 49 69 0.993694
389 547 44 63 0.99298
55 655 46 59 0.990066
362 665 64 80 0.973265
175 561 47 57 0.967187
214 615 53 65 0.967088
954 637 47 55 0.903892
624 789 62 80 0.865308
329 547 41 44 0.840859
740 931 67 79 0.816564
705 842 29 34 0.798055
379 935 54 67 0.794718
789 620 30 38 0.779434
581 686 121 134 0.776156
367 624 75 99 0.682491
567 553 55 67 0.641343
612 873 35 50 0.619308
278 643 50 61 0.593976
104 601 110 138 0.527392
641 782 64 78 0.512859
935 635 44 51 0.467036
723 772 52 55 0.460202
-3 559 93 99 0.441359
334 800 83 116 0.422242
713 949 36 41 0.422216
672 844 50 58 0.407312
538 731 49 63 0.400107
157 787 209 214 0.399496
586 919 141 176 0.398754
300 775 85 109 0.395332
227 94 112 132 0.380474
924 737 42 49 0.378033
667 796 59 63 0.373689
478 184 50 60 0.370824
250 625 42 49 0.361203
116 1056 27 36 0.358879
769 602 27 32 0.322546
53 896 28 35 0.320804
69 816 75 98 0.289333
379 1062 39 49 0.287506
312 717 44 58 0.282117
43 639 35 41 0.273997
99 770 38 50 0.270312
394 896 71 88 0.265423
390 990 62 72 0.264029
432 817 60 78 0.262612
71 585 32 35 0.245543
435 657 37 46 0.24346
551 764 75 95 0.239783
608 802 46 59 0.238551
547 943 78 103 0.235449
565 846 49 60 0.231829
911 627 42 52 0.223665
794 692 24 29 0.220291
-9 1034 71 98 0.219837
737 637 42 58 0.219094
829 958 29 37 0.216115
393 595 31 37 0.201935
13 877 36 49 0.200309
979 888 37 45 0.194244
778 772 53 73 0.193665
859 906 41 49 0.191517
433 924 108 132 0.190173
636 846 67 79 0.188448
596 626 28 36 0.188003
314 640 60 84 0.184736
290 696 35 52 0.171979
540 830 48 55 0.167163
489 803 49 59 0.159028
525 672 29 35 0.147671
374 828 68 88 0.139358
623 883 31 48 0.132889
799 961 30 41 0.132168
768 759 22 38 0.130622
31 741 60 77 0.130089
870 807 90 96 0.127318
112 1065 26 35 0.127277
942 605 31 36 0.12318
323 563 63 70 0.116873
681 562 43 56 0.114188
881 587 56 62 0.103844
442 864 92 116 0.101796
