motion/motion_00810
21
555 135 19 25 0.999831
581 142 14 18 0.999323
686 121 21 32 0.998319
696 185 22 22 0.881092
662 329 27 26 0.875345
940 89 33 39 0.625806
896 179 24 35 0.572514
850 114 54 68 0.519672
603 185 23 31 0.371089
719 214 27 34 0.31781
591 266 21 27 0.286663
768 127 51 62 0.262039
721 125 24 29 0.199868
914 100 37 45 0.19158
925 39 44 55 0.171882
577 266 24 30 0.167666
972 311 24 34 0.143693
568 304 30 42 0.141908
523 167 80 99 0.113563
548 250 38 45 0.108849
896 114 50 62 0.10382
