motion/motion_00782
42
606 295 85 110 1
699 165 71 91 0.999998
381 84 87 103 0.999997
83 147 25 29 0.999856
166 64 77 98 0.999646
195 159 96 112 0.997817
876 44 114 158 0.996205
761 335 103 132 0.83931
923 455 37 56 0.739055
102 236 66 70 0.686886
300 359 105 137 0.583776
805 183 51 70 0.570327
697 261 28 33 0.569991
49 493 22 30 0.540028
63 132 26 36 0.506804
805 266 40 52 0.475123
500 188 30 33 0.467701
538 129 63 85 0.453079
81 359 21 22 0.335528
866 516 39 54 0.320131
964 435 30 36 0.316636
507 203 26 33 0.287268
34 451 36 44 0.248848
115 295 22 30 0.237412
255 87 20 26 0.235389
786 277 21 27 0.216067
31 248 33 38 0.214608
685 225 21 23 0.211241
84 389 28 31 0.20547
889 411 46 59 0.195011
61 329 28 31 0.17489
156 94 26 37 0.166603
25 192 25 35 0.162031
224 118 78 101 0.159793
715 371 81 97 0.158375
681 237 32 36 0.14966
351 312 62 75 0.121273
623 209 18 22 0.119259
25 293 29 39 0.118196
664 87 114 124 0.112487
388 62 54 59 0.111083
913 342 43 56 0.104948
