motion/motion_00862
142
398 221 22 31 0.999213
453 227 27 33 0.831865
522 312 34 37 0.797035
324 103 23 29 0.787293
133 326 24 28 0.7832
670 241 31 33 0.739671
110 271 33 38 0.720144
634 277 34 42 0.685643
488 322 39 49 0.674783
-1 310 28 30 0.644632
236 401 25 29 0.628302
435 162 26 35 0.620451
982 167 25 31 0.618158
328 365 26 28 0.616128
461 258 32 38 0.575769
256 231 27 32 0.558987
865 284 29 32 0.545109
528 140 27 31 0.485837
259 334 32 34 0.482541
404 235 33 43 0.472972
564 219 27 31 0.456622
518 271 26 29 0.439492
188 130 22 28 0.437275
477 295 24 28 0.422946
841 171 21 23 0.42196
750 13 23 29 0.416202
31 270 38 43 0.411879
547 138 25 29 0.41113
596 285 24 28 0.398046
122 187 25 29 0.384578
46 181 45 53 0.383472
866 165 37 44 0.383337
612 220 27 31 0.372847
21 132 22 28 0.363353
55 263 28 31 0.358929
86 253 28 32 0.356083
547 256 27 33 0.349837
677 228 23 26 0.345839
789 123 26 31 0.342096
330 309 29 34 0.341418
782 85 42 49 0.33204
648 61 22 27 0.331314
58 251 26 32 0.324909
719 263 26 29 0.314922
484 286 25 32 0.309599
393 178 42 48 0.300126
379 393 25 33 0.295067
338 367 25 27 0.290366
275 216 21 25 0.288798
364 300 37 44 0.287834
571 359 22 26 0.286578
261 145 21 26 0.28639
344 241 38 48 0.274517
626 347 20 25 0.261116
682 279 23 28 0.258523
719 223 30 34 0.253964
277 282 24 28 0.249802
99 325 32 38 0.245012
833 195 24 28 0.238078
706 128 37 46 0.238051
30 67 18 22 0.235291
829 262 20 25 0.228712
558 239 40 48 0.228435
390 343 23 29 0.226788
639 16 27 35 0.226245
241 279 23 28 0.225655
657 86 26 33 0.220218
0 67 27 31 0.219187
298 215 44 50 0.215193
750 210 17 21 0.214805
188 194 23 28 0.214123
420 86 22 31 0.213715
947 142 20 28 0.213707
451 290 20 25 0.213339
417 297 20 23 0.212642
507 225 25 28 0.211613
835 113 25 30 0.211343
912 27 18 24 0.209961
358 192 22 26 0.203739
964 32 23 28 0.200591
599 45 20 25 0.199454
147 310 25 28 0.199259
738 241 23 28 0.196116
795 225 24 26 0.189643
905 252 22 28 0.184696
788 -1 20 24 0.17952
604 157 30 37 0.179089
460 167 45 55 0.177282
62 110 36 46 0.174401
960 168 35 43 0.173763
80 43 24 27 0.171128
332 343 23 28 0.171074
590 183 25 30 0.169058
830 228 28 36 0.168889
840 226 27 38 0.166096
499 230 21 24 0.164581
337 110 19 24 0.163934
463 229 27 31 0.162736
397 139 44 64 0.1609
807 275 31 35 0.160542
110 155 25 33 0.160221
59 279 51 62 0.159793
787 156 22 26 0.158331
707 264 25 26 0.157933
191 117 22 26 0.156083
623 43 22 28 0.152457
978 229 27 31 0.151826
945 173 27 36 0.150605
460 214 26 30 0.149796
686 191 24 31 0.148303
551 301 22 25 0.147254
423 151 27 40 0.146521
431 208 39 52 0.145734
203 144 22 29 0.140618
28 168 18 24 0.13914
612 303 20 24 0.137714
224 120 22 27 0.132587
844 249 30 38 0.131569
614 271 26 36 0.131403
581 156 33 39 0.127483
825 185 19 24 0.127395
614 357 26 30 0.124688
397 0 18 25 0.124564
912 153 31 41 0.123941
265 284 24 26 0.123537
761 145 20 26 0.122758
589 258 29 32 0.119203
629 104 25 32 0.119076
633 82 18 24 0.116922
683 135 25 31 0.115454
616 183 26 30 0.114415
777 232 25 28 0.11088
469 131 23 27 0.110243
315 139 23 29 0.107104
933 41 26 31 0.106056
599 -5 25 26 0.105278
426 303 30 38 0.105064
646 252 23 26 0.104326
418 219 26 34 0.103321
0 176 24 29 0.101875
138 248 20 23 0.100739
324 264 38 42 0.100231
