motion/motion_00890
41
128 163 66 83 0.999971
618 201 42 64 0.999355
387 391 112 154 0.852292
184 297 66 72 0.724836
185 276 34 36 0.645092
455 228 26 33 0.614192
561 292 24 30 0.500638
320 442 158 181 0.449358
88 181 56 62 0.437176
507 392 31 37 0.435704
821 366 21 26 0.413773
548 292 23 32 0.397871
866 405 86 102 0.392973
340 368 95 108 0.361525
716 378 98 109 0.35138
26 236 35 46 0.311997
566 287 24 29 0.297251
536 317 22 31 0.290718
751 295 34 40 0.279156
487 556 48 60 0.270724
604 198 22 27 0.263548
155 263 53 54 0.235807
453 254 26 30 0.234871
833 210 26 35 0.223262
807 295 19 22 0.215754
418 341 77 98 0.206721
778 307 22 27 0.190129
546 356 136 154 0.188972
609 331 22 29 0.174801
819 201 25 32 0.173154
736 491 74 88 0.171604
776 351 32 37 0.146688
277 552 34 42 0.146609
572 334 33 36 0.143492
536 349 24 34 0.127858
800 402 35 38 0.12612
251 216 37 48 0.124735
596 277 26 30 0.119069
629 315 26 30 0.116901
516 393 42 47 0.103119
595 550 21 25 0.100492
