motion/motion_00809
43
312 247 38 47 0.999668
578 271 33 41 0.960747
178 38 38 42 0.820637
921 232 20 27 0.73586
659 131 26 33 0.63298
155 395 129 141 0.629016
839 264 66 74 0.605539
874 257 70 93 0.535659
338 246 74 94 0.525849
720 98 41 43 0.500153
292 286 44 54 0.443514
156 0 43 57 0.439424
659 155 25 29 0.433053
297 50 30 34 0.399018
236 379 31 38 0.340091
99 6 18 26 0.339902
264 29 43 49 0.320684
151 269 44 60 0.315414
164 495 61 71 0.300672
235 56 28 33 0.285013
493 375 99 140 0.279556
356 54 40 43 0.27623
88 15 65 74 0.272193
959 134 43 57 0.260149
824 313 47 55 0.252959
443 66 29 33 0.241289
577 443 61 79 0.23
748 341 64 71 0.223832
802 238 74 87 0.213926
323 15 28 34 0.210931
400 44 56 54 0.194002
767 104 52 49 0.190947
611 242 69 85 0.177152
468 7 38 43 0.156287
867 223 54 71 0.153388
202 279 54 62 0.151625
832 76 35 49 0.139704
869 327 66 74 0.137734
182 327 44 56 0.134579
867 127 23 25 0.124227
467 56 30 37 0.121037
91 282 45 58 0.101186
164 32 37 46 0.101068
