motion/motion_00159
41
-2 -2 65 87 0.998479
91 68 42 45 0.744715
587 183 34 44 0.742723
396 81 35 45 0.633626
357 31 62 73 0.61553
355 242 38 53 0.594332
519 236 41 45 0.563069
361 193 47 56 0.537485
331 320 54 62 0.526391
500 106 48 53 0.511581
406 113 21 27 0.508299
451 58 59 62 0.466243
172 82 42 45 0.456816
838 66 99 108 0.432531
388 227 72 102 0.431928
114 72 45 51 0.431188
489 100 39 60 0.372503
246 212 93 130 0.361992
413 119 21 27 0.318032
428 167 99 120 0.313406
481 23 68 72 0.249011
393 186 40 43 0.236038
452 275 77 87 0.225461
174 315 24 30 0.221645
353 230 32 40 0.191908
306 182 32 36 0.189685
416 263 79 92 0.189097
505 315 69 79 0.180812
575 285 61 75 0.167855
75 287 35 45 0.162826
370 96 32 37 0.153095
153 255 36 48 0.149052
58 104 60 77 0.14872
286 126 40 45 0.141184
183 108 58 68 0.137038
204 79 34 35 0.135679
606 249 57 78 0.133838
159 166 24 27 0.118067
432 61 39 50 0.115083
59 50 26 32 0.114577
162 108 40 46 0.112701
