motion/motion_00829
31
737 161 49 71 0.999316
308 197 19 24 0.996621
281 190 19 30 0.834939
385 194 24 33 0.751066
803 509 40 51 0.727851
176 59 46 64 0.709629
404 44 46 62 0.604048
59 318 28 35 0.602996
169 113 59 75 0.498474
778 31 49 56 0.487075
810 38 36 40 0.472539
320 303 28 52 0.445815
880 378 47 69 0.389873
54 172 24 29 0.353705
768 150 38 55 0.339284
71 441 48 64 0.311977
45 190 24 32 0.291389
255 313 25 35 0.261249
703 457 45 62 0.251515
467 220 36 46 0.213654
307 145 35 48 0.194295
467 199 25 30 0.178144
270 193 24 31 0.155944
783 453 48 60 0.153082
605 239 46 54 0.151189
689 392 82 97 0.137919
152 531 30 35 0.13084
703 149 59 80 0.12527
231 557 21 28 0.116741
869 201 63 81 0.113266
369 183 18 22 0.11031
