motion/motion_00799
103
345 282 112 141 0.999966
211 107 114 137 0.999957
526 144 44 52 0.979686
773 174 121 144 0.909971
583 242 22 31 0.889764
738 6 80 94 0.864829
629 -15 62 86 0.859291
499 23 74 93 0.838038
503 271 60 65 0.804436
324 396 41 52 0.792383
577 286 75 90 0.773934
684 171 26 35 0.741751
726 48 27 40 0.737342
358 31 65 82 0.698264
570 0 51 70 0.638892
910 17 41 54 0.631859
930 398 44 50 0.601391
430 1 66 79 0.588872
830 421 55 72 0.578587
569 126 39 48 0.575735
499 293 68 80 0.563013
598 46 37 41 0.5613
488 259 54 57 0.557963
184 269 30 34 0.554169
412 19 54 63 0.550971
893 102 75 93 0.536308
285 8 25 33 0.530513
486 223 54 64 0.513898
704 25 39 49 0.496596
525 371 51 58 0.493223
253 289 23 31 0.474821
464 139 30 39 0.468289
345 237 42 52 0.465966
831 31 103 103 0.455637
603 280 78 102 0.454005
91 60 77 122 0.441376
697 223 45 58 0.439279
670 49 47 61 0.423307
546 22 43 68 0.411391
684 36 48 61 0.394942
736 374 37 52 0.386036
475 456 37 49 0.381628
224 299 31 40 0.373616
227 268 36 47 0.363705
416 65 37 52 0.350577
450 368 26 41 0.345509
482 57 49 58 0.317281
693 200 39 52 0.295876
683 219 43 55 0.291098
264 274 33 50 0.290129
709 96 36 43 0.273429
335 167 40 51 0.272088
448 39 64 68 0.271126
889 417 93 118 0.260844
868 108 43 49 0.260571
948 51 39 49 0.253445
255 402 29 36 0.242078
652 74 63 63 0.239972
564 422 44 55 0.23895
332 359 33 42 0.237234
482 420 44 54 0.236811
940 18 22 28 0.228405
497 527 28 35 0.217122
334 -1 44 53 0.21173
734 238 82 104 0.207333
2 14 49 60 0.204622
859 -12 56 57 0.2039
296 41 57 76 0.195823
838 293 37 47 0.193893
565 22 46 68 0.189316
684 73 46 53 0.189146
615 152 77 90 0.187071
213 266 36 49 0.176862
559 236 22 27 0.173005
277 349 53 72 0.168243
564 392 26 32 0.164296
164 205 42 48 0.162928
310 238 25 31 0.162505
493 167 29 36 0.160404
578 187 35 55 0.154752
818 25 24 27 0.153765
250 225 43 48 0.152022
321 20 33 41 0.149651
361 75 47 63 0.148813
136 26 40 52 0.145696
507 505 21 26 0.138356
975 276 42 45 0.133993
674 200 42 49 0.131641
598 91 77 108 0.130362
513 422 72 95 0.127724
881 220 34 42 0.123871
724 205 28 34 0.122958
76 199 109 133 0.122458
836 -11 47 51 0.121766
622 252 56 72 0.120981
253 0 26 33 0.119179
313 346 38 49 0.115779
242 330 23 31 0.115523
212 1 30 37 0.1124
533 260 29 33 0.11021
388 516 27 32 0.108923
632 237 35 45 0.108727
386 182 115 132 0.100111
