motion/motion_00855
26
-9 -3 135 192 1
644 37 74 107 0.999964
118 27 65 79 0.999797
232 29 46 57 0.982101
673 33 108 127 0.981571
416 226 87 99 0.938732
56 412 85 107 0.916685
523 213 45 56 0.886691
1 510 28 33 0.762907
164 202 44 59 0.682205
619 67 34 42 0.658374
206 170 63 74 0.481675
488 187 61 78 0.449159
256 74 52 54 0.447729
635 4 60 70 0.358172
731 265 79 130 0.347277
180 69 36 40 0.344757
123 306 90 107 0.300067
207 34 48 60 0.298242
172 147 43 52 0.264498
179 2 41 47 0.220776
31 497 47 60 0.192552
204 353 59 71 0.184571
587 230 162 221 0.145584
355 378 41 55 0.137981
547 196 29 42 0.119249
