motion/motion_00842
40
627 173 26 34 1
770 149 29 39 0.999998
450 101 82 111 0.999979
136 166 19 25 0.802476
616 272 28 36 0.782775
816 188 32 44 0.639251
647 210 31 44 0.584266
552 172 28 37 0.537762
474 245 44 63 0.490153
219 176 19 25 0.463707
149 199 20 22 0.403755
794 233 25 25 0.363115
43 334 24 30 0.35034
217 195 257 299 0.341671
773 442 32 34 0.330356
455 306 32 44 0.328896
805 158 21 29 0.304858
593 443 37 48 0.303885
503 18 25 31 0.30128
714 222 26 37 0.232149
77 261 19 24 0.217774
627 378 62 80 0.21502
957 167 20 26 0.209454
557 322 29 39 0.196724
824 164 19 21 0.195295
584 347 37 48 0.188928
542 194 60 67 0.186535
734 414 27 35 0.18237
525 18 19 23 0.180829
49 193 25 30 0.175629
816 39 20 26 0.171455
102 225 23 25 0.164577
702 0 22 25 0.158119
742 152 34 48 0.154246
724 213 20 29 0.152761
706 220 26 35 0.136846
90 184 32 41 0.122002
604 150 30 46 0.11654
979 203 17 21 0.108751
461 -3 33 42 0.108688
