motion/motion_00397
49
947 159 31 35 0.821775
299 196 44 64 0.813697
657 108 46 73 0.806808
672 104 45 68 0.76682
609 351 73 96 0.693546
280 202 38 58 0.586745
581 371 91 116 0.56715
813 376 22 33 0.543758
541 489 72 93 0.537672
271 198 33 45 0.50185
580 576 29 32 0.429032
534 380 112 117 0.415104
646 261 34 38 0.39857
526 106 95 100 0.394251
262 594 42 49 0.389514
845 152 77 77 0.380013
753 338 28 31 0.330385
318 200 39 54 0.326806
147 559 39 41 0.290341
698 79 76 88 0.289359
520 455 24 28 0.283054
720 309 47 68 0.272899
247 516 27 32 0.238099
314 177 28 31 0.233308
384 360 35 42 0.227236
957 341 39 45 0.221905
419 256 20 27 0.21631
122 584 29 34 0.204685
833 159 37 41 0.203988
278 420 68 89 0.199236
254 172 48 56 0.189599
282 378 63 72 0.187831
460 466 60 62 0.186855
746 476 16 23 0.182601
546 568 41 50 0.181682
427 382 27 30 0.169051
811 386 23 37 0.168098
198 294 108 133 0.168079
631 129 32 36 0.163622
170 92 58 62 0.159046
730 458 23 33 0.141684
428 235 39 43 0.139866
667 269 58 67 0.139172
258 504 23 29 0.13447
758 568 24 32 0.129701
555 599 22 28 0.125297
784 575 16 21 0.121089
311 315 59 63 0.116218
613 72 56 71 0.113672
