motion/motion_00790
60
525 208 27 37 0.965301
333 202 22 33 0.961094
937 161 26 33 0.936013
271 239 33 43 0.843169
484 214 35 40 0.761823
530 166 42 48 0.70929
808 148 51 63 0.618678
747 52 38 52 0.609748
393 176 70 76 0.580149
115 141 23 26 0.573582
954 7 29 35 0.560824
435 280 22 30 0.552487
564 120 33 40 0.513502
574 177 37 48 0.503732
584 241 30 37 0.499562
618 158 56 71 0.445335
713 127 25 30 0.423451
7 -1 20 26 0.40824
339 250 44 60 0.406266
32 222 28 33 0.387217
185 415 33 35 0.383497
272 399 29 36 0.349181
116 192 70 83 0.342961
424 444 46 55 0.321615
382 236 60 72 0.321393
851 215 34 38 0.316551
321 420 80 95 0.314931
711 243 27 32 0.307156
280 187 28 34 0.292454
751 265 53 60 0.283241
329 221 33 42 0.236003
884 206 39 49 0.230495
766 199 46 52 0.219256
840 2 36 49 0.214987
363 237 35 42 0.213783
729 198 46 49 0.20774
691 209 31 34 0.206996
145 258 44 56 0.191001
654 172 40 49 0.189525
2 33 22 26 0.17248
689 -3 28 37 0.16264
494 121 22 27 0.156488
410 371 22 29 0.153536
413 72 29 35 0.14925
660 200 33 44 0.140807
436 195 41 47 0.138177
465 249 27 40 0.130578
227 217 32 38 0.129969
627 124 35 42 0.12825
557 8 26 31 0.126057
491 422 74 82 0.125649
931 113 35 46 0.125258
65 215 23 30 0.119186
378 295 25 29 0.11188
402 121 25 31 0.109927
983 80 26 34 0.105711
551 162 46 54 0.105538
568 252 38 47 0.105325
320 260 53 65 0.101418
120 84 28 40 0.100338
