motion/motion_00858
111
455 42 36 46 0.993541
304 138 57 72 0.984934
221 479 35 45 0.95712
9 26 50 64 0.9151
724 237 50 58 0.902526
191 84 29 37 0.901364
146 82 47 65 0.699576
734 178 74 92 0.697927
11 162 23 27 0.67533
180 278 28 35 0.648516
124 182 27 32 0.616294
564 244 18 27 0.616172
554 263 24 37 0.615146
921 378 79 107 0.613771
291 375 135 188 0.559191
932 88 21 28 0.526414
820 267 44 54 0.524224
849 423 33 41 0.512009
907 402 32 42 0.491317
16 353 57 73 0.479107
693 363 25 29 0.47622
842 230 29 35 0.475931
853 208 50 53 0.471534
-1 349 25 29 0.469193
857 336 42 51 0.467472
542 247 26 32 0.449372
892 453 31 36 0.447587
379 166 31 38 0.435066
837 304 49 60 0.434089
879 325 23 27 0.43227
575 297 28 36 0.422527
54 264 38 54 0.408464
46 135 23 29 0.405343
918 133 52 83 0.401772
678 134 44 49 0.394761
176 290 30 41 0.389646
22 375 55 76 0.385878
871 422 32 36 0.368763
109 91 56 73 0.36329
269 106 31 40 0.358699
133 72 19 24 0.354533
67 350 38 48 0.353117
740 44 22 30 0.345371
669 232 21 28 0.337159
288 196 25 28 0.333063
898 70 33 42 0.332718
854 263 30 35 0.330373
899 124 18 23 0.311148
113 343 79 103 0.308766
768 338 48 60 0.307105
139 180 20 24 0.306723
642 158 23 25 0.305927
697 498 24 38 0.303313
342 198 27 40 0.294274
55 249 39 47 0.288117
86 175 43 56 0.274463
266 197 24 33 0.273235
283 183 26 29 0.267325
890 367 22 31 0.261909
77 365 38 46 0.261335
383 272 22 26 0.253047
40 105 24 34 0.252887
402 189 33 39 0.251031
180 169 27 35 0.250252
35 239 44 51 0.245158
794 79 37 44 0.241112
42 477 33 47 0.241028
956 54 26 34 0.229526
82 141 28 33 0.224709
805 508 32 47 0.223701
968 197 42 57 0.220422
164 189 28 36 0.220267
464 90 69 100 0.218914
527 243 20 29 0.218542
760 483 36 41 0.216764
448 225 30 35 0.21644
266 147 38 42 0.210546
84 246 34 42 0.208065
798 238 25 34 0.200545
866 268 28 33 0.198794
459 188 31 34 0.184068
9 388 42 55 0.183996
876 409 27 29 0.158626
691 427 31 34 0.158201
102 289 23 36 0.158063
414 192 35 36 0.152183
917 259 32 41 0.144253
184 255 26 37 0.143497
507 432 23 34 0.143081
566 217 21 25 0.142759
702 99 27 33 0.140278
836 275 46 59 0.139233
220 525 26 36 0.137069
806 272 30 37 0.135984
878 277 29 36 0.135735
340 237 20 25 0.13369
11 312 34 43 0.13276
787 267 33 38 0.131384
962 173 35 46 0.130473
628 503 27 36 0.129803
932 199 62 87 0.1244
469 185 47 46 0.123826
192 302 35 55 0.122759
14 106 20 31 0.121707
893 329 36 40 0.12085
824 428 28 33 0.120287
674 393 25 28 0.116422
979 417 36 47 0.113627
189 463 50 64 0.104278
222 49 36 39 0.102273
693 381 26 35 0.101603
