motion/motion_00804
88
455 43 65 78 0.999999
565 70 58 69 0.999584
7 51 68 90 0.998824
38 214 39 49 0.928563
905 139 36 41 0.923944
272 383 31 35 0.918309
828 252 46 51 0.830045
43 277 39 48 0.815671
783 210 32 36 0.786696
49 290 47 56 0.765677
950 172 41 44 0.695106
128 181 52 57 0.694107
723 75 48 70 0.648248
21 228 54 60 0.646764
326 462 26 37 0.633515
945 129 47 50 0.627302
84 363 30 37 0.62213
314 77 27 32 0.611008
74 408 48 59 0.596492
437 152 21 24 0.592672
563 168 24 34 0.589196
845 196 26 30 0.545889
601 354 26 29 0.505545
384 220 38 51 0.495657
654 417 26 31 0.469684
840 7 43 52 0.430622
813 174 36 38 0.429985
347 486 52 68 0.42984
806 106 26 29 0.427765
929 90 50 58 0.426821
351 250 54 84 0.412321
824 166 36 40 0.392752
766 488 47 60 0.38909
502 367 24 26 0.38116
65 189 43 48 0.377524
839 137 32 35 0.368129
776 234 22 28 0.359686
68 327 39 43 0.331873
887 285 115 127 0.309343
801 325 69 74 0.30796
201 478 72 91 0.306364
795 177 29 34 0.296509
295 279 27 43 0.278349
580 161 25 31 0.276812
200 102 38 50 0.265051
277 458 26 31 0.259309
814 114 31 35 0.256636
525 84 26 35 0.252669
286 146 104 107 0.249717
743 143 30 42 0.247588
789 384 85 102 0.24556
749 412 28 35 0.237205
200 214 34 37 0.23646
316 287 43 57 0.235142
768 273 47 63 0.234221
738 506 39 46 0.228729
460 122 32 39 0.212726
285 464 25 29 0.211573
925 60 18 21 0.210879
742 181 31 40 0.206103
595 158 21 25 0.188616
918 112 51 57 0.184733
921 398 40 45 0.180665
394 130 20 24 0.174666
79 219 30 40 0.168805
265 447 27 32 0.166728
953 376 65 84 0.16545
803 240 38 45 0.161235
788 521 33 39 0.159426
964 239 40 43 0.158099
67 128 78 79 0.153871
323 308 38 51 0.147184
176 381 51 62 0.145457
900 185 26 31 0.13225
793 87 23 35 0.1313
534 115 29 41 0.131105
611 315 24 31 0.130426
412 140 35 50 0.129601
156 193 38 47 0.122864
464 149 28 32 0.122497
964 155 46 51 0.122018
762 249 23 35 0.118624
767 235 22 29 0.117465
747 389 26 32 0.112009
978 343 35 40 0.109399
818 500 61 73 0.106165
749 436 48 59 0.105218
547 171 15 22 0.101771
