motion/motion_00815
55
468 145 199 240 0.999949
1 428 36 45 0.999521
317 273 63 77 0.995899
-1 367 27 33 0.995183
295 332 27 37 0.988564
42 372 23 32 0.969577
431 326 104 125 0.962861
102 377 59 74 0.962696
51 391 23 28 0.822899
153 439 34 40 0.68773
946 341 16 22 0.624563
213 382 43 53 0.565587
522 37 111 125 0.548494
341 546 22 28 0.548147
310 473 30 43 0.516058
558 465 32 41 0.473219
1000 346 16 19 0.468125
101 459 54 61 0.430996
954 331 20 26 0.418887
12 481 26 34 0.388848
108 522 20 26 0.370846
137 484 40 49 0.370136
933 365 22 30 0.345804
993 359 30 41 0.343747
984 169 24 25 0.339105
738 262 24 33 0.333426
30 468 40 52 0.328598
184 219 27 35 0.305103
922 140 39 44 0.28114
39 273 55 65 0.270367
0 261 26 31 0.26783
82 291 38 59 0.263852
128 337 32 40 0.246681
971 339 25 31 0.242145
12 366 28 36 0.227754
15 405 39 46 0.221531
91 248 20 29 0.206355
956 365 21 27 0.191468
232 372 28 33 0.191416
157 361 82 99 0.190736
920 240 27 33 0.18532
259 448 35 42 0.17211
744 267 25 36 0.171587
220 347 39 45 0.170982
141 473 30 31 0.161112
613 485 63 81 0.151453
220 119 27 34 0.146047
83 222 18 26 0.140047
120 341 21 23 0.138678
286 340 27 34 0.132115
7 392 37 42 0.114108
417 427 20 23 0.114083
331 256 25 29 0.109976
28 456 24 31 0.104013
242 476 72 79 0.103551
