motion/motion_00844
39
438 184 29 36 0.909041
417 271 40 43 0.604059
412 304 33 40 0.57012
377 244 25 35 0.521909
653 200 47 55 0.517
734 165 20 23 0.480691
965 44 28 42 0.470301
947 199 23 37 0.448749
723 252 21 27 0.446629
380 300 31 36 0.444185
540 183 21 28 0.410267
503 331 57 78 0.405913
707 183 19 26 0.37619
428 216 32 42 0.345663
429 327 24 34 0.315864
406 194 22 27 0.309043
547 120 35 45 0.302803
942 176 31 46 0.289103
482 328 26 29 0.255166
670 271 23 28 0.241786
374 283 35 41 0.235862
394 329 27 32 0.23048
496 280 25 28 0.229384
962 11 31 46 0.226175
695 274 23 28 0.225846
443 103 36 48 0.205509
996 162 22 25 0.177832
724 235 28 32 0.172593
456 274 27 32 0.170508
448 221 27 34 0.166305
368 201 39 53 0.160318
725 290 22 26 0.147668
964 80 17 26 0.147232
719 228 28 32 0.147164
460 285 28 31 0.13545
484 281 27 29 0.119652
964 195 26 35 0.117518
954 168 29 45 0.104848
735 175 19 23 0.103725
