motion/motion_00841
49
665 358 23 31 0.82361
98 257 20 23 0.757103
140 388 33 45 0.695204
412 398 22 25 0.659886
533 113 30 37 0.645881
620 176 71 99 0.585925
66 363 24 32 0.557733
59 268 28 32 0.542994
363 168 23 24 0.537349
847 80 24 28 0.486127
345 397 30 33 0.479465
782 318 30 38 0.4736
166 220 71 90 0.457175
515 107 19 21 0.370756
233 323 17 24 0.363556
258 369 31 37 0.353039
517 343 33 46 0.352424
299 368 28 37 0.330349
232 237 71 96 0.305979
117 452 41 51 0.30047
662 323 20 24 0.298611
245 471 28 34 0.275412
74 382 38 46 0.236363
833 228 46 55 0.232108
69 274 25 29 0.2224
50 305 27 39 0.201095
964 380 52 76 0.193922
295 354 23 30 0.193476
842 263 31 36 0.189827
116 363 19 21 0.173523
577 311 38 43 0.173442
838 292 26 32 0.167988
634 68 82 105 0.163988
836 198 27 33 0.162066
844 296 31 37 0.157674
81 426 30 38 0.146511
3 249 20 27 0.145118
346 446 29 42 0.143104
832 108 33 40 0.140267
69 299 37 52 0.139583
234 404 29 40 0.136823
138 247 21 24 0.136298
458 344 26 35 0.129686
366 341 20 24 0.123331
20 245 49 58 0.120852
353 403 35 41 0.115338
129 364 18 22 0.110945
791 359 24 32 0.107888
341 189 83 111 0.106505
