motion/motion_00813
33
807 234 19 23 0.965137
309 253 76 102 0.824868
549 219 20 31 0.755593
692 222 28 39 0.748916
347 235 19 25 0.587823
97 260 43 49 0.543906
114 296 37 43 0.509845
704 244 67 79 0.476442
221 234 21 25 0.451124
734 235 55 68 0.43903
13 202 26 32 0.420354
592 314 37 47 0.402164
704 210 41 48 0.376163
811 220 29 34 0.352121
865 295 36 48 0.343668
353 344 103 119 0.335665
847 375 45 50 0.323783
582 224 87 118 0.320912
415 281 31 47 0.312899
754 181 53 65 0.310298
575 -1 22 26 0.290066
26 209 33 39 0.290039
686 257 41 59 0.275777
481 271 80 100 0.21936
831 206 24 30 0.185818
478 365 74 92 0.182254
0 227 38 47 0.174019
434 290 27 34 0.145571
736 196 31 39 0.130971
792 244 69 102 0.126461
462 362 54 65 0.121952
328 350 25 28 0.116382
819 213 27 34 0.101351
