motion/motion_00806
31
759 229 54 62 0.950308
745 192 24 31 0.74512
804 356 69 81 0.702793
541 193 28 36 0.589872
708 494 40 44 0.515016
806 219 55 62 0.511824
470 240 31 42 0.473971
812 295 39 49 0.350891
759 410 58 67 0.293849
722 425 36 42 0.238111
736 191 24 30 0.19716
646 526 24 31 0.178873
735 341 65 89 0.161173
834 168 22 30 0.156902
374 32 22 27 0.147014
600 193 32 42 0.145203
484 246 26 37 0.144681
297 185 25 29 0.136855
521 227 33 45 0.13526
493 177 18 24 0.133255
527 272 36 42 0.131102
457 145 23 29 0.129358
775 193 30 37 0.126294
901 160 32 43 0.123028
472 183 21 28 0.115423
860 146 21 25 0.113984
641 107 28 31 0.112693
762 297 43 49 0.107982
468 166 20 29 0.107941
365 455 22 28 0.107576
659 384 55 63 0.10364
