motion/motion_00847
36
385 134 38 49 0.999504
535 100 25 36 0.992392
181 192 36 45 0.991865
461 98 24 34 0.978697
599 200 34 39 0.969362
599 108 31 37 0.92923
696 331 80 112 0.900962
511 249 41 46 0.838014
507 348 89 110 0.798691
674 127 32 42 0.786578
737 227 58 66 0.672871
203 172 116 167 0.623864
685 314 49 63 0.606647
734 352 61 78 0.58473
703 246 25 33 0.549799
713 111 31 36 0.504545
702 275 68 83 0.447351
774 170 25 30 0.430605
300 140 97 122 0.378027
745 131 36 41 0.351819
536 294 75 86 0.259635
565 263 35 40 0.234994
405 223 18 25 0.208251
578 266 33 39 0.206526
704 176 46 53 0.200169
389 344 67 98 0.194806
479 240 49 64 0.189175
242 297 56 69 0.172046
531 113 41 56 0.154299
626 112 68 80 0.15306
492 115 60 72 0.152338
4 131 72 78 0.151467
247 385 32 36 0.145589
80 139 105 118 0.119984
43 330 49 58 0.116771
278 254 79 119 0.102468
