motion/motion_00781
58
222 263 29 36 0.998414
192 212 18 22 0.997683
588 212 24 34 0.991624
622 100 40 39 0.932995
706 300 32 37 0.918469
759 288 47 63 0.85378
780 238 36 57 0.735421
360 223 19 24 0.663884
769 200 21 26 0.660754
189 401 26 35 0.576276
989 225 18 21 0.541245
104 228 44 54 0.533736
674 319 55 73 0.441512
295 368 26 33 0.421365
177 265 34 38 0.408206
699 101 42 46 0.396547
309 396 38 45 0.391702
348 259 31 36 0.385446
87 190 36 46 0.367895
752 247 40 47 0.357582
681 102 44 48 0.350714
352 200 27 28 0.335258
352 282 35 45 0.328404
510 92 22 30 0.318901
867 274 52 63 0.289257
142 225 36 51 0.277008
635 385 49 56 0.273183
919 276 45 56 0.251835
175 475 27 33 0.244345
574 212 31 39 0.243639
1 244 36 48 0.234222
658 276 42 51 0.232401
177 319 56 84 0.232181
320 233 36 50 0.216355
372 336 29 32 0.215584
237 337 30 38 0.202654
292 308 61 76 0.195853
234 239 74 86 0.194926
343 412 34 39 0.189376
338 201 26 28 0.180321
327 262 23 35 0.162594
305 195 40 43 0.159502
604 316 26 31 0.158035
51 179 59 80 0.157561
560 261 19 26 0.15269
970 253 47 62 0.147088
330 23 24 28 0.146335
558 276 58 85 0.139559
179 249 33 38 0.136563
270 413 38 44 0.129486
667 266 21 27 0.128317
745 367 41 51 0.12608
639 313 33 48 0.119583
733 314 28 40 0.110595
794 312 27 35 0.106538
305 78 43 46 0.104894
547 230 11 15 0.103202
627 215 40 42 0.101028
