motion/motion_00891
28
342 179 41 54 0.927775
381 195 33 36 0.881147
435 151 82 90 0.877952
547 200 30 42 0.81369
84 101 32 40 0.761083
812 194 47 54 0.743682
508 199 18 21 0.699613
477 378 30 34 0.524227
941 194 32 36 0.463521
396 188 39 42 0.430108
115 121 37 48 0.390344
934 185 28 35 0.370169
486 286 96 114 0.291351
963 199 22 27 0.266684
525 401 34 43 0.249007
643 171 31 34 0.248091
515 374 30 39 0.233023
684 198 26 30 0.199707
154 185 37 47 0.183281
467 220 39 57 0.168141
198 166 77 91 0.160695
597 163 46 52 0.159231
871 184 39 48 0.131448
567 160 28 36 0.12632
455 385 48 54 0.125938
527 212 38 45 0.123548
707 207 20 27 0.119066
494 224 23 31 0.103914
