motion/motion_00788
63
556 130 36 46 0.999032
739 266 48 65 0.964483
285 341 45 58 0.917989
802 384 113 138 0.904016
759 91 100 158 0.88959
734 208 49 60 0.886044
343 341 29 35 0.861478
394 190 41 51 0.821591
528 150 104 131 0.710255
725 337 144 175 0.709036
458 -11 63 67 0.68833
443 514 30 39 0.611623
310 287 27 33 0.593656
221 367 55 66 0.582808
472 230 172 241 0.546759
350 268 57 71 0.541018
646 297 103 138 0.517178
353 404 28 34 0.508267
361 424 46 56 0.494667
588 3 73 87 0.431095
447 457 37 45 0.42608
621 409 59 69 0.40976
480 523 33 42 0.406965
767 4 72 86 0.404749
125 309 80 89 0.387555
397 490 37 50 0.383079
461 490 50 61 0.373274
497 165 97 124 0.37322
284 409 49 61 0.359098
883 -13 90 94 0.335483
195 409 70 96 0.320414
782 266 35 49 0.31549
49 177 30 35 0.311856
955 32 56 73 0.30555
405 412 53 69 0.288522
59 170 36 43 0.280468
430 430 44 61 0.280184
444 262 52 64 0.278851
449 208 83 102 0.272808
698 397 77 89 0.262325
362 395 32 42 0.248122
655 464 39 47 0.247599
14 206 74 94 0.231249
655 248 56 77 0.209851
642 254 40 55 0.197911
256 86 40 53 0.184455
690 201 47 57 0.161393
939 -5 64 85 0.152779
568 92 25 28 0.1495
103 160 22 27 0.148334
47 436 18 28 0.146735
450 121 22 25 0.136606
283 313 33 43 0.134903
710 190 54 71 0.132328
505 145 52 63 0.131881
398 44 42 49 0.12931
693 267 32 41 0.128443
270 521 37 45 0.127442
14 133 38 45 0.121569
379 383 38 47 0.120957
400 211 57 74 0.115467
341 137 83 90 0.103019
252 432 51 67 0.10265
