motion/motion_00786
23
716 246 34 44 0.999988
497 137 102 129 0.999866
906 78 93 97 0.703623
960 303 45 75 0.581231
977 37 34 37 0.556554
700 179 44 63 0.519592
437 158 42 56 0.490021
467 -1 144 170 0.413192
744 407 33 41 0.37136
840 173 45 52 0.234936
950 178 58 83 0.206362
725 126 96 126 0.203357
610 178 53 70 0.1859
316 334 63 84 0.181226
887 183 47 67 0.178776
946 68 24 29 0.17044
611 156 53 64 0.168212
740 284 61 72 0.159141
986 532 27 27 0.121218
610 247 31 44 0.115321
930 130 68 84 0.114816
810 60 44 57 0.113174
857 379 86 108 0.106096
