motion/motion_00831
61
818 26 49 64 1
244 253 30 36 0.999996
884 81 117 147 0.999993
947 340 36 41 0.999985
612 63 45 56 0.99998
220 350 38 43 0.999968
0 122 32 41 0.999947
7 353 36 43 0.999938
365 318 39 42 0.9999
91 300 31 37 0.999876
200 275 26 31 0.999804
546 333 44 50 0.999218
201 324 32 40 0.998917
119 279 28 35 0.998657
350 196 23 28 0.997372
471 313 39 45 0.996157
170 160 27 32 0.991941
286 303 33 38 0.985796
935 305 34 41 0.972845
126 339 30 35 0.97018
425 332 27 29 0.861296
235 348 36 41 0.857807
464 267 60 75 0.848275
435 310 41 57 0.829276
72 342 34 40 0.748741
249 462 59 63 0.710913
100 445 22 29 0.690026
127 443 31 39 0.680109
446 423 50 60 0.671162
71 426 26 31 0.618078
147 249 42 59 0.605528
966 340 55 86 0.597304
228 363 81 106 0.541255
104 336 34 43 0.514607
563 464 38 52 0.491913
168 416 19 27 0.464847
412 437 63 80 0.445205
297 287 33 51 0.438505
158 452 30 40 0.414964
502 378 82 124 0.411033
306 278 33 52 0.385394
458 434 69 84 0.346862
335 448 81 109 0.284745
34 283 43 62 0.275816
156 375 36 45 0.252249
57 368 52 64 0.248687
946 243 52 61 0.245762
586 131 318 353 0.244429
2 416 39 50 0.214403
175 371 33 41 0.207079
954 371 68 98 0.182167
241 267 66 84 0.157896
120 403 27 33 0.143417
138 330 30 45 0.142182
116 430 26 31 0.135106
143 315 39 52 0.130404
490 277 73 94 0.126597
89 412 29 37 0.124304
101 350 52 65 0.122394
831 84 33 38 0.105509
122 462 26 34 0.102322
