motion/motion_00840
58
332 175 16 21 0.999361
0 133 20 26 0.987296
739 186 12 18 0.979679
663 192 14 20 0.950382
819 205 20 25 0.924449
889 212 28 36 0.923057
496 176 17 22 0.85622
426 95 22 32 0.842045
944 179 14 18 0.817996
991 198 15 19 0.711379
14 146 37 46 0.652514
964 276 22 28 0.645947
187 208 22 26 0.638317
575 186 18 22 0.518268
295 279 28 32 0.513643
764 202 22 25 0.50392
166 350 21 25 0.49187
156 261 30 41 0.477904
196 420 25 33 0.468544
41 307 18 27 0.466263
993 210 15 20 0.446991
921 258 20 27 0.40372
804 189 13 17 0.397067
534 205 23 28 0.394614
643 196 27 36 0.381981
922 273 19 24 0.379333
214 248 38 51 0.360887
117 275 45 58 0.327673
932 204 30 41 0.313222
749 191 25 29 0.311937
217 382 20 25 0.282375
911 198 18 21 0.254673
115 445 37 40 0.252365
184 244 19 22 0.245894
188 343 26 31 0.239775
683 203 32 34 0.228575
121 249 51 69 0.206907
201 242 19 25 0.206164
870 220 29 36 0.194311
239 425 32 36 0.186259
629 218 21 28 0.179207
528 341 21 29 0.173298
165 119 25 27 0.171847
247 287 35 42 0.169513
183 212 21 29 0.159071
257 322 18 20 0.154962
305 199 23 32 0.148428
48 277 22 26 0.144462
240 318 25 29 0.141136
546 203 22 27 0.137346
329 338 15 21 0.124892
184 267 61 67 0.12348
224 238 39 49 0.120221
416 135 36 46 0.11785
887 391 30 37 0.115374
160 332 24 30 0.110456
178 334 18 24 0.102813
68 103 12 16 0.100577
