motion/motion_00856
151
566 253 44 55 0.999972
865 225 46 60 0.999956
530 365 49 56 0.999833
9 445 41 57 0.996594
802 341 48 63 0.983778
456 258 26 37 0.971386
978 236 30 36 0.970041
867 304 49 59 0.965937
568 174 33 38 0.938181
240 188 36 42 0.914767
910 281 24 31 0.913094
551 115 23 29 0.90927
555 152 20 26 0.883479
650 454 45 60 0.870899
731 468 42 51 0.845154
938 313 35 40 0.842041
902 268 24 36 0.794242
354 243 34 43 0.783949
411 202 31 39 0.776674
442 183 65 90 0.772359
26 135 28 31 0.758764
450 62 34 35 0.74139
230 224 27 37 0.711756
920 418 57 91 0.69193
452 270 21 34 0.671833
217 164 37 47 0.631483
397 334 25 32 0.618454
885 373 38 52 0.595087
117 288 27 32 0.549161
458 120 65 77 0.547461
856 198 21 27 0.53139
602 269 35 50 0.526111
531 294 36 43 0.513876
911 307 25 36 0.510388
229 201 31 39 0.501978
59 307 21 23 0.501345
271 233 31 39 0.493135
533 186 28 36 0.482226
337 395 26 32 0.47084
292 328 26 32 0.470166
348 288 21 27 0.4666
786 313 56 67 0.463982
617 109 22 31 0.463726
25 159 32 42 0.460575
268 253 23 29 0.453461
945 409 25 27 0.451005
918 401 19 26 0.447801
879 242 40 53 0.443181
604 161 21 31 0.425832
422 244 29 32 0.424098
881 211 35 43 0.41976
306 259 49 68 0.413623
921 292 39 49 0.401265
322 248 28 35 0.399715
310 365 40 52 0.390928
838 396 29 35 0.384166
939 206 48 56 0.380617
536 216 42 53 0.372206
472 291 16 23 0.370541
917 279 26 32 0.366573
616 229 27 37 0.356752
783 135 27 37 0.353419
218 208 17 21 0.351318
17 107 32 35 0.3356
186 -4 24 27 0.335393
509 371 28 36 0.333935
450 169 25 36 0.32798
961 285 35 51 0.320052
205 285 38 45 0.312945
594 129 19 24 0.310256
750 364 28 36 0.303236
754 234 26 38 0.286224
50 363 24 29 0.282826
597 441 37 52 0.280626
562 207 44 47 0.278046
180 348 24 33 0.277147
137 357 35 56 0.259484
681 411 46 55 0.255972
513 176 31 39 0.250009
246 74 66 82 0.249314
627 138 66 97 0.242437
102 222 40 54 0.237388
91 301 29 34 0.235763
890 289 37 47 0.235538
280 134 31 45 0.233871
382 348 35 45 0.231446
574 234 35 40 0.219718
572 99 29 36 0.217699
928 240 24 32 0.216127
297 257 24 33 0.211461
35 318 21 25 0.207518
640 172 79 101 0.207219
164 461 59 80 0.206365
282 261 21 27 0.205311
158 139 37 60 0.202924
780 400 43 52 0.189056
825 227 22 33 0.181399
674 439 28 32 0.179505
850 429 36 46 0.179427
212 242 30 42 0.178165
397 249 26 32 0.177812
368 294 18 21 0.176894
290 259 21 29 0.173993
431 357 29 34 0.169257
827 447 87 109 0.168863
884 509 43 56 0.167991
896 418 31 44 0.167696
422 376 32 39 0.166903
144 243 59 82 0.162274
278 216 25 29 0.162172
45 175 67 83 0.161122
594 153 26 36 0.16106
672 190 80 103 0.160461
969 360 27 30 0.156653
649 273 26 33 0.152916
535 154 22 27 0.15247
757 497 61 80 0.152335
199 194 28 40 0.151528
324 419 39 50 0.147386
802 133 21 30 0.146412
822 278 51 74 0.144442
597 494 37 50 0.143128
38 135 29 39 0.14272
525 70 38 44 0.141434
843 184 22 22 0.140981
494 388 19 27 0.139928
31 108 28 32 0.139454
53 141 26 36 0.138339
176 297 32 39 0.138233
625 256 25 36 0.13535
524 347 33 43 0.135235
830 173 24 29 0.134765
593 185 22 30 0.131982
298 385 23 35 0.130943
705 483 31 33 0.130356
548 286 65 80 0.126021
510 101 27 38 0.122516
204 25 25 29 0.121569
7 308 28 41 0.121519
124 316 23 32 0.117273
46 374 24 28 0.115735
429 174 26 31 0.11388
578 398 55 74 0.113653
108 292 27 31 0.113355
407 238 26 36 0.111476
158 27 27 46 0.108312
316 328 38 55 0.103836
905 338 22 30 0.103436
769 385 27 36 0.102285
635 478 58 58 0.101269
602 222 14 17 0.100107
