motion/motion_00850
95
163 271 15 18 0.999836
838 289 15 19 0.998988
885 297 14 17 0.998636
309 266 14 18 0.99806
424 222 13 18 0.995486
38 314 14 17 0.995216
687 238 12 16 0.992313
730 261 15 21 0.991157
405 222 27 36 0.990057
348 232 13 19 0.989539
668 269 15 18 0.961305
100 283 29 38 0.949211
47 237 17 20 0.931284
482 232 19 25 0.826839
155 292 39 56 0.753317
99 274 14 18 0.676036
664 277 25 34 0.657472
487 227 21 27 0.642949
700 323 28 39 0.625834
258 283 35 45 0.613267
380 119 22 29 0.608074
870 340 28 37 0.573807
216 321 20 24 0.56948
378 185 30 38 0.558054
505 170 26 33 0.538712
395 102 28 35 0.525913
757 290 31 37 0.521347
169 315 44 48 0.490497
874 348 32 47 0.450635
360 385 45 55 0.449876
326 325 24 31 0.437995
363 224 31 36 0.425873
289 340 51 63 0.408632
348 397 38 44 0.391249
47 269 51 77 0.386638
349 145 25 31 0.383315
350 259 33 48 0.382771
606 249 35 49 0.376151
655 374 37 43 0.366608
142 270 15 19 0.360885
266 310 31 41 0.34626
164 301 40 54 0.334612
633 303 32 44 0.33196
352 157 35 43 0.328206
707 269 42 54 0.324168
652 284 32 39 0.310275
203 324 24 27 0.286305
72 324 32 43 0.279053
744 276 27 35 0.271028
393 185 40 48 0.257218
417 384 43 63 0.257124
710 320 42 53 0.247829
317 325 21 29 0.247595
867 310 24 32 0.241618
802 330 24 33 0.238893
218 332 28 39 0.233887
344 115 22 32 0.229309
552 184 34 50 0.225765
352 195 35 43 0.225624
529 258 28 36 0.221454
282 328 31 39 0.212813
584 233 35 48 0.210709
384 102 29 35 0.196003
551 201 39 59 0.191374
535 228 23 30 0.190186
264 333 38 46 0.182783
361 201 38 45 0.179798
692 233 37 41 0.177116
403 94 25 31 0.171632
460 308 23 29 0.165819
396 120 31 40 0.162695
141 289 31 39 0.158147
209 303 28 33 0.153272
242 337 49 53 0.150591
552 262 25 32 0.147108
589 372 33 43 0.139147
337 320 25 32 0.138726
372 155 28 37 0.13447
750 311 26 36 0.13139
225 296 28 32 0.131086
514 274 26 35 0.130719
386 175 31 39 0.124882
348 303 38 57 0.122349
401 159 23 29 0.117654
483 157 21 29 0.114613
434 302 22 35 0.114592
491 176 31 42 0.114389
539 274 48 52 0.112333
332 25 25 34 0.111545
397 171 26 32 0.109924
79 311 32 42 0.106412
818 315 36 48 0.10269
471 19 36 43 0.102281
273 224 14 18 0.100867
949 318 54 68 0.100118
