motion/motion_00812
38
644 140 23 29 0.999997
679 181 27 33 0.999918
382 177 25 31 0.998878
476 179 23 29 0.993812
575 166 29 33 0.993335
609 142 17 22 0.770793
62 147 17 23 0.762576
414 247 50 63 0.682289
497 165 19 24 0.543952
596 152 43 62 0.525334
434 188 27 40 0.453793
1001 159 17 23 0.439652
157 190 77 90 0.383627
470 339 58 71 0.38307
493 293 34 41 0.347392
500 186 28 30 0.343814
572 274 32 39 0.332647
20 196 38 44 0.301072
318 272 32 40 0.296205
574 433 61 75 0.292203
987 260 27 33 0.290723
559 220 49 59 0.278765
799 358 71 74 0.238751
545 241 30 42 0.234206
575 209 44 54 0.212622
468 308 30 36 0.21087
59 206 31 35 0.187275
978 379 29 33 0.183915
498 415 34 40 0.166722
667 192 21 27 0.16273
569 376 29 40 0.155427
967 174 33 38 0.153393
512 286 36 44 0.147156
362 323 31 41 0.124569
542 329 31 43 0.124349
509 190 27 31 0.10765
634 334 36 48 0.103875
493 281 25 27 0.103468
