motion/motion_00877
36
415 158 39 48 0.969492
430 385 54 72 0.665828
636 189 106 134 0.636986
433 65 23 28 0.609873
61 150 21 26 0.484992
68 96 30 35 0.439509
54 155 23 28 0.390273
592 238 25 26 0.315706
228 67 22 27 0.31198
555 255 35 37 0.305413
163 181 22 30 0.23957
296 103 52 73 0.226454
548 95 52 80 0.221926
800 216 29 41 0.216225
667 94 29 38 0.21403
651 155 19 28 0.213734
653 131 22 34 0.208913
445 40 45 58 0.200511
197 244 23 26 0.180967
958 217 36 41 0.16985
411 387 38 50 0.163103
734 292 31 39 0.138406
547 233 31 39 0.133446
921 217 42 48 0.133048
972 202 43 60 0.132664
888 210 39 46 0.128726
687 168 18 22 0.127315
190 190 27 41 0.125885
133 28 41 48 0.121244
523 35 17 22 0.113641
929 25 33 37 0.112661
823 184 80 98 0.112464
205 61 24 32 0.112079
626 268 29 36 0.1068
491 38 23 27 0.106461
390 112 26 36 0.102527
