motion/motion_00156
82
497 385 30 36 0.999727
559 240 44 45 0.999679
241 363 41 40 0.983217
1 270 35 43 0.962208
376 154 59 67 0.942181
462 207 39 50 0.795746
612 432 23 29 0.793158
22 58 21 30 0.763774
66 238 26 31 0.759469
57 467 157 176 0.755333
437 142 41 53 0.739893
307 345 26 30 0.714529
871 446 19 25 0.687337
273 504 59 63 0.671481
539 467 23 28 0.648132
241 416 38 45 0.626785
351 436 50 62 0.619247
306 233 54 62 0.616881
56 346 34 41 0.593139
794 375 37 48 0.574117
160 380 37 50 0.537876
501 567 21 24 0.525542
333 290 29 37 0.496707
561 436 25 27 0.4875
47 546 29 32 0.475374
74 6 39 50 0.410596
498 547 21 26 0.408366
465 576 33 39 0.374769
476 521 29 32 0.347183
626 453 47 60 0.335866
64 251 26 33 0.330267
414 480 44 51 0.328974
595 442 30 35 0.325863
505 464 39 42 0.325201
405 443 25 31 0.296063
102 379 26 32 0.294095
829 357 22 28 0.28872
530 281 26 31 0.280327
522 437 23 26 0.266384
218 427 34 43 0.266301
555 430 22 30 0.256435
628 256 51 65 0.24535
173 410 28 36 0.244428
56 223 26 33 0.243531
13 -4 40 46 0.236621
212 555 17 20 0.233092
43 202 24 32 0.231666
492 586 26 29 0.209818
75 288 25 33 0.205885
139 388 26 34 0.203099
331 273 30 36 0.198254
1 390 27 32 0.188173
210 399 29 36 0.184675
418 445 64 71 0.17556
116 71 26 35 0.173769
752 443 27 32 0.172878
202 506 21 24 0.172605
385 405 47 56 0.164999
768 457 24 31 0.162491
516 408 24 26 0.162241
291 419 17 20 0.157685
544 401 21 24 0.152184
332 354 22 24 0.145847
304 493 27 33 0.13749
32 542 16 18 0.128191
499 534 24 31 0.127959
376 503 36 45 0.127599
58 430 56 71 0.125597
302 446 26 32 0.125007
603 290 27 34 0.124526
284 395 31 32 0.123775
610 305 23 29 0.122283
299 260 21 28 0.118456
598 259 39 45 0.116171
531 467 24 29 0.115644
284 382 22 29 0.11446
818 413 24 30 0.110538
-1 287 54 69 0.109594
397 400 50 57 0.104672
373 534 31 39 0.101644
726 515 27 29 0.100913
-3 457 19 31 0.100063
