motion/motion_00857
40
932 81 32 41 0.999997
797 60 36 45 0.999997
962 36 34 47 0.999992
238 26 30 35 0.999956
378 5 28 37 0.99994
625 25 32 41 0.999923
851 39 34 43 0.999911
464 54 28 31 0.999869
373 50 27 35 0.999732
742 19 32 41 0.99971
511 13 30 41 0.999221
599 78 33 43 0.995613
199 -7 30 32 0.980495
473 183 47 61 0.9603
852 -14 33 38 0.926547
498 1 25 30 0.85163
932 120 36 49 0.682201
795 215 28 33 0.648404
146 -8 46 67 0.634594
876 224 29 36 0.606975
777 87 54 69 0.462124
848 58 48 69 0.369353
367 309 88 108 0.354782
950 232 39 42 0.327079
706 117 73 92 0.29018
493 144 75 94 0.258114
906 119 39 55 0.257172
121 46 21 26 0.198281
317 52 38 48 0.197667
977 119 35 45 0.194782
79 76 28 29 0.193313
507 197 78 92 0.17581
650 58 45 59 0.163514
587 118 43 57 0.158821
727 58 31 47 0.145795
568 200 32 43 0.130922
671 122 33 38 0.122986
964 77 27 33 0.120052
450 0 24 35 0.118909
991 75 26 35 0.10765
