motion/motion_00776
28
612 161 141 169 0.970291
128 330 98 137 0.625887
667 39 34 41 0.618548
859 78 39 54 0.613663
656 308 63 88 0.590041
940 184 28 34 0.589478
911 45 29 34 0.509633
640 390 28 37 0.48956
814 97 53 64 0.476441
482 269 35 43 0.454962
687 151 96 139 0.410063
594 538 27 32 0.402333
926 124 54 63 0.381349
891 221 25 32 0.365284
649 436 60 84 0.305706
675 352 46 69 0.284291
796 226 26 30 0.262011
969 110 43 51 0.219902
631 41 32 38 0.216082
606 530 35 41 0.213806
972 179 31 39 0.204984
921 216 27 33 0.188692
775 81 38 51 0.164444
905 131 51 57 0.151905
671 377 41 63 0.148963
562 154 75 108 0.127295
586 538 25 29 0.12705
233 352 34 38 0.122249
