motion/motion_00825
142
948 289 32 36 1
821 280 27 36 0.999998
29 208 34 43 0.999997
392 118 31 44 0.999985
147 192 32 46 0.999954
737 279 25 33 0.999951
945 174 17 21 0.99995
446 264 25 34 0.999702
813 142 20 31 0.999338
293 106 20 24 0.997933
-7 268 48 69 0.989992
789 155 23 23 0.944709
530 157 25 43 0.856843
536 59 20 24 0.816423
328 168 113 146 0.794757
3 236 63 78 0.770173
546 529 49 51 0.754211
138 280 30 32 0.683796
462 468 23 27 0.67757
534 187 39 44 0.655641
729 300 51 55 0.637934
840 332 43 47 0.613185
565 418 23 26 0.604046
690 403 34 44 0.586232
654 114 16 26 0.584668
295 169 25 33 0.577613
485 149 57 65 0.569697
909 116 27 42 0.561093
436 187 26 32 0.532408
904 63 29 44 0.52741
842 37 21 32 0.519169
467 335 29 32 0.51628
957 171 21 25 0.511018
220 389 22 24 0.501607
665 536 27 32 0.485752
783 167 28 35 0.476524
777 354 27 33 0.463339
176 274 26 31 0.45924
835 314 24 30 0.436826
180 280 26 32 0.428608
413 42 26 33 0.419519
154 39 21 26 0.417314
895 322 137 159 0.411432
951 272 28 29 0.406194
586 166 24 32 0.388617
292 37 30 38 0.382986
125 333 54 67 0.382267
18 351 25 28 0.36537
785 177 28 38 0.358867
158 125 22 26 0.354618
-1 346 19 23 0.352479
753 83 31 46 0.34415
91 257 38 50 0.340977
20 205 33 43 0.335474
565 445 23 26 0.334872
110 307 33 40 0.329887
828 170 35 44 0.325296
669 204 26 32 0.319175
403 38 28 34 0.317011
255 81 28 34 0.315764
370 2 34 41 0.309992
852 268 32 36 0.30415
150 314 26 28 0.302318
549 242 33 39 0.297301
208 343 20 26 0.293016
675 427 36 48 0.292633
977 508 39 45 0.288463
961 539 33 37 0.288429
211 291 28 40 0.286174
961 475 22 26 0.282334
679 439 40 50 0.28021
132 102 16 19 0.277048
677 388 24 32 0.276709
481 197 23 29 0.274722
231 61 27 31 0.272273
852 428 33 37 0.264303
964 290 27 37 0.262338
199 384 21 23 0.261305
596 305 26 29 0.252511
30 170 24 35 0.247291
741 198 39 46 0.246764
78 278 55 60 0.245946
419 35 24 32 0.236852
686 223 64 70 0.235031
155 252 32 37 0.2197
744 131 26 38 0.212811
262 30 33 37 0.212246
480 276 24 29 0.211719
217 92 23 28 0.211703
491 268 28 36 0.201342
868 168 28 35 0.200357
464 36 26 30 0.194953
372 139 54 65 0.19277
318 548 23 27 0.191561
503 47 34 41 0.19124
287 263 36 51 0.185899
687 414 34 48 0.184628
774 403 29 36 0.184349
823 548 20 22 0.18197
553 130 43 54 0.176137
290 497 22 24 0.174679
462 308 35 44 0.172837
613 215 16 21 0.172239
884 0 20 25 0.171809
447 249 24 31 0.170838
431 27 45 57 0.168202
539 47 20 27 0.167277
900 0 23 32 0.165098
573 49 56 79 0.164464
392 27 32 40 0.160616
263 538 28 31 0.160309
618 44 20 25 0.160217
898 13 20 27 0.158512
743 169 24 31 0.155186
678 321 54 59 0.150339
39 19 36 43 0.149794
850 37 21 27 0.149414
425 184 27 38 0.143101
605 303 23 28 0.142608
756 64 23 32 0.141465
670 295 22 32 0.141033
955 532 22 25 0.136676
983 128 32 43 0.136197
844 264 27 30 0.131291
285 540 23 27 0.129728
19 65 30 43 0.127648
339 65 15 21 0.127119
617 93 21 30 0.126645
322 441 26 30 0.126018
800 422 31 35 0.124599
955 517 25 29 0.124125
418 428 36 51 0.120902
0 116 15 24 0.116946
24 553 27 31 0.116741
613 189 25 39 0.11407
909 70 30 48 0.109848
170 63 21 26 0.108342
695 177 18 23 0.107177
989 216 28 37 0.106863
73 145 22 32 0.106706
216 263 14 18 0.105425
906 461 29 32 0.102464
