motion/motion_00797
66
774 358 16 20 0.999936
451 121 41 54 0.999513
265 338 30 36 0.978801
207 482 27 39 0.926109
557 311 10 13 0.910869
759 324 14 16 0.867071
735 354 24 31 0.861956
875 373 24 31 0.843879
417 97 21 28 0.815764
378 87 24 28 0.708906
506 152 30 39 0.694218
207 462 37 41 0.668594
595 437 19 27 0.658896
628 401 25 29 0.633352
447 189 20 23 0.589108
219 418 36 43 0.58792
486 195 18 22 0.541817
770 186 134 180 0.532197
774 399 23 27 0.522646
825 368 24 27 0.491792
753 349 25 31 0.457086
283 437 27 29 0.448385
762 337 26 33 0.426447
659 448 25 31 0.425705
807 367 31 33 0.417819
430 313 11 15 0.397872
900 339 37 52 0.394362
948 371 24 29 0.36633
559 418 47 62 0.359579
203 439 25 31 0.349099
513 425 27 33 0.341879
196 439 25 31 0.324474
750 413 27 34 0.317467
746 370 17 23 0.315916
227 38 30 38 0.295171
629 425 17 22 0.292556
438 143 16 20 0.264215
266 37 20 26 0.256346
983 350 33 39 0.235317
437 96 21 24 0.213029
482 151 33 40 0.197638
770 390 20 24 0.194387
415 417 17 25 0.185152
983 456 23 29 0.181578
744 338 23 30 0.174648
874 407 22 26 0.174463
432 167 22 29 0.168512
905 350 37 51 0.160073
521 319 42 57 0.148685
192 3 26 32 0.145093
446 206 26 30 0.13733
280 391 23 30 0.136456
174 459 17 21 0.125525
982 319 15 20 0.123785
377 147 37 39 0.123783
831 356 17 20 0.122408
298 561 27 30 0.122337
923 347 29 35 0.121646
282 333 19 29 0.120794
189 439 21 28 0.117881
581 409 32 39 0.113502
274 566 23 28 0.112522
759 423 41 52 0.107569
179 535 28 34 0.106473
534 381 35 46 0.101591
430 215 21 25 0.101381
