motion/motion_00158
41
360 306 21 23 0.99473
711 448 25 34 0.784242
901 88 77 97 0.7409
319 512 19 23 0.717361
886 72 39 47 0.693101
903 172 70 92 0.686075
650 219 23 29 0.638285
694 254 20 24 0.582509
54 239 36 46 0.505183
890 156 23 32 0.495695
232 154 54 68 0.475658
604 216 18 23 0.379923
593 315 21 30 0.362226
405 181 35 42 0.358127
653 250 30 33 0.274203
887 138 22 30 0.256106
941 113 76 98 0.253708
160 370 23 30 0.245754
252 474 44 58 0.221493
437 492 30 38 0.22134
759 156 27 40 0.195782
318 507 21 19 0.19117
810 362 26 30 0.185546
393 510 27 33 0.18074
643 306 26 28 0.180353
779 174 24 29 0.172423
915 266 24 28 0.166155
777 522 33 33 0.153997
188 467 39 44 0.152287
348 461 16 19 0.150176
399 484 29 35 0.146183
697 454 20 27 0.14043
478 343 20 21 0.130415
321 479 26 30 0.129837
646 445 24 29 0.126391
96 441 20 25 0.114169
529 307 29 38 0.110409
604 321 17 24 0.108991
708 272 18 21 0.103965
439 348 24 28 0.101086
679 199 58 67 0.100797
