motion/motion_00832
60
446 127 111 164 0.998817
810 39 132 174 0.96958
937 177 25 28 0.928625
766 219 14 19 0.724948
166 182 34 45 0.641456
28 105 32 37 0.523686
542 245 45 60 0.489492
47 263 27 32 0.486785
274 1 31 35 0.459237
839 273 34 38 0.426998
723 271 24 32 0.422293
804 187 39 48 0.41469
702 368 28 33 0.410383
9 81 42 51 0.375862
615 332 25 33 0.368053
749 527 35 44 0.358274
862 332 36 47 0.351558
943 280 31 37 0.340442
53 105 29 31 0.338463
625 318 26 32 0.313733
374 480 46 56 0.311749
146 249 24 31 0.308327
601 334 30 39 0.307211
393 151 111 150 0.293406
527 217 55 72 0.288609
732 305 35 38 0.285344
524 515 35 41 0.269316
183 172 35 44 0.262947
426 53 50 56 0.260535
702 447 20 29 0.259581
984 284 33 37 0.251751
232 166 62 78 0.222057
802 253 30 34 0.220481
201 163 59 75 0.21859
698 492 48 54 0.213722
667 523 36 43 0.188951
869 404 70 81 0.182277
243 234 41 49 0.177664
658 505 23 27 0.177643
756 250 29 32 0.168492
145 185 18 24 0.165563
772 282 25 27 0.165097
546 141 29 43 0.162095
826 357 29 35 0.158081
767 312 28 38 0.156577
570 304 25 33 0.153861
685 307 36 43 0.15301
613 376 37 45 0.150632
790 277 26 31 0.14841
6 168 43 52 0.139815
109 258 32 36 0.136766
628 493 33 39 0.131304
653 521 31 35 0.129894
805 489 24 29 0.129436
382 -2 34 47 0.121818
815 460 44 52 0.120704
922 283 28 31 0.111477
985 174 23 28 0.109788
783 57 87 112 0.102104
886 323 66 82 0.101341
