motion/motion_00820
33
57 19 303 391 0.999964
663 317 43 49 0.996837
690 124 58 68 0.993334
816 337 69 87 0.842122
734 132 31 40 0.82226
517 243 67 77 0.806824
486 340 46 53 0.754133
934 150 48 62 0.678592
345 282 36 47 0.558544
649 282 52 63 0.524874
807 373 72 92 0.434117
708 262 52 69 0.428175
805 528 31 48 0.32899
524 306 37 42 0.309728
519 361 43 52 0.281919
721 240 28 34 0.276015
651 317 37 45 0.268204
856 256 44 53 0.263459
588 288 64 65 0.240974
590 242 59 70 0.238154
7 448 50 60 0.216566
666 268 65 80 0.213026
690 302 56 71 0.210083
793 264 63 81 0.185064
370 254 90 93 0.16665
740 342 52 56 0.166393
732 460 38 49 0.164959
348 430 50 66 0.163885
554 374 42 47 0.145412
450 295 42 53 0.12312
199 329 111 117 0.120326
582 406 34 40 0.111509
737 323 49 58 0.109656
