motion/motion_00823
84
4 160 35 49 0.998991
710 81 32 45 0.993677
218 166 32 46 0.990569
180 214 18 28 0.990118
856 225 24 36 0.743951
231 167 32 44 0.731899
817 197 31 41 0.725371
779 303 23 35 0.658112
792 91 27 33 0.638848
880 171 84 95 0.638314
348 373 30 37 0.626961
967 269 20 22 0.533879
665 271 66 86 0.524073
264 470 35 41 0.518388
195 242 18 22 0.493104
642 222 24 32 0.491308
352 428 26 30 0.489251
816 336 28 37 0.476791
87 212 36 42 0.448759
970 444 21 25 0.443284
550 279 27 36 0.427391
479 248 87 106 0.419408
846 169 48 52 0.410266
222 210 25 28 0.371304
729 411 33 41 0.339662
731 164 38 47 0.336165
605 232 23 26 0.320553
594 283 26 27 0.310733
307 191 40 48 0.307333
313 490 43 45 0.292398
886 102 19 23 0.291514
644 398 22 27 0.288846
354 286 24 29 0.283701
817 255 25 33 0.283427
339 234 22 24 0.267632
738 67 25 32 0.259293
753 359 53 67 0.258529
957 395 30 34 0.25325
955 242 28 36 0.253078
65 215 24 28 0.232413
258 257 24 30 0.229948
544 141 33 42 0.227379
63 226 22 28 0.226259
563 326 47 63 0.211437
526 103 21 24 0.20768
734 179 46 59 0.199207
91 43 60 81 0.196948
714 460 34 36 0.191369
991 320 33 48 0.186017
393 272 44 66 0.185259
566 151 21 25 0.184655
17 176 29 38 0.179081
247 478 25 30 0.175321
200 264 20 25 0.174045
499 476 20 31 0.170868
485 93 22 28 0.167522
663 226 22 28 0.157486
806 69 16 20 0.152938
68 185 29 36 0.144044
679 234 27 30 0.139703
979 435 35 44 0.137041
640 376 25 33 0.133314
166 246 30 38 0.133282
446 454 25 31 0.133098
110 215 21 32 0.13262
872 226 23 22 0.131568
945 222 35 48 0.130752
19 115 33 39 0.130602
953 195 35 48 0.130413
62 -7 38 56 0.130026
772 0 21 25 0.129853
345 186 34 41 0.128426
29 242 45 45 0.128269
638 336 42 47 0.121832
467 367 34 41 0.119925
468 282 33 46 0.119684
593 293 25 29 0.116926
721 240 27 33 0.116053
84 259 22 25 0.115958
731 462 26 29 0.109394
549 421 21 25 0.105902
417 277 31 40 0.105173
863 282 17 21 0.103854
753 16 16 21 0.101615
