motion/motion_00864
71
678 208 84 105 0.999971
630 377 23 27 0.964081
419 236 48 70 0.898034
862 203 95 123 0.798193
445 386 37 43 0.780756
31 161 40 45 0.759609
357 358 25 32 0.724471
630 204 42 58 0.677007
392 464 52 68 0.573225
341 282 29 36 0.562226
544 296 38 48 0.492949
23 230 28 34 0.475165
354 427 53 66 0.469886
433 121 25 32 0.468883
353 487 35 39 0.457028
571 123 39 53 0.456844
348 376 24 32 0.448678
631 186 37 48 0.443971
431 262 51 68 0.406623
416 286 37 44 0.399
750 259 46 60 0.391116
708 207 79 84 0.3814
347 241 29 36 0.358212
425 365 45 63 0.355869
41 38 27 35 0.307128
529 501 36 45 0.302985
31 294 17 21 0.297188
29 73 40 56 0.289289
49 337 35 41 0.277819
642 164 22 31 0.27485
234 40 38 59 0.265759
347 335 20 29 0.258049
783 285 93 114 0.256505
11 9 33 43 0.244973
519 277 51 70 0.237248
62 524 19 24 0.221403
346 390 21 28 0.208524
629 487 22 27 0.204876
310 47 64 84 0.200477
377 379 26 28 0.198773
630 515 38 46 0.19245
488 425 74 92 0.191205
542 134 44 65 0.182278
695 454 59 83 0.178481
27 125 43 50 0.174147
401 309 36 41 0.170688
922 461 89 109 0.166224
629 83 25 32 0.165659
264 212 28 43 0.165267
39 366 35 38 0.155073
406 294 34 39 0.149037
520 335 29 39 0.148307
422 498 39 47 0.146922
819 439 26 34 0.144408
48 52 25 35 0.14141
547 413 19 24 0.137846
6 39 33 42 0.136255
878 83 128 170 0.132563
347 514 20 28 0.131978
614 513 25 30 0.127378
461 524 28 35 0.123686
327 193 19 28 0.123158
351 42 47 64 0.108951
14 62 25 31 0.105604
15 113 31 39 0.105231
351 230 29 35 0.10426
611 386 29 36 0.10415
673 191 24 33 0.103574
45 2 21 30 0.100847
78 383 32 35 0.100242
583 106 29 38 0.100082
