motion/motion_00801
30
202 257 112 144 0.999993
692 140 115 148 0.999896
384 313 42 52 0.999893
552 243 169 199 0.99643
472 315 38 49 0.899733
127 321 77 95 0.786885
361 295 16 21 0.661143
488 297 31 45 0.535247
385 443 63 83 0.518772
418 457 62 90 0.33639
160 65 26 32 0.327255
0 377 31 39 0.297043
122 210 24 26 0.279639
504 269 22 29 0.272229
434 344 26 30 0.236414
324 274 36 57 0.219538
314 315 35 47 0.207948
981 361 44 64 0.207069
415 388 40 48 0.198327
451 309 16 21 0.179386
430 264 12 18 0.169654
335 231 25 32 0.166588
320 92 31 43 0.159998
86 396 29 34 0.148129
810 171 37 53 0.148085
8 355 26 36 0.144667
309 213 25 34 0.141077
85 503 75 89 0.137169
77 53 27 32 0.128927
338 284 33 48 0.10367
