motion/motion_00894
60
232 166 77 93 0.999982
362 197 52 60 0.999706
-8 127 78 110 0.999653
150 217 46 52 0.99256
631 234 98 114 0.958844
887 26 41 49 0.871518
207 8 28 34 0.834359
637 176 92 119 0.73639
732 263 28 31 0.655626
822 395 57 69 0.606112
818 348 26 33 0.59354
104 207 69 80 0.471767
820 360 23 30 0.464769
328 320 135 184 0.446788
200 48 35 42 0.444951
520 423 38 45 0.423354
567 -1 27 33 0.405712
437 8 21 22 0.401446
910 4 37 45 0.368042
768 233 38 50 0.357166
863 113 106 133 0.355261
604 97 27 32 0.332255
475 420 26 30 0.330385
769 196 30 32 0.325606
137 89 36 46 0.322716
743 20 51 62 0.318935
957 515 40 52 0.314599
-11 173 121 156 0.31368
700 381 46 57 0.292069
789 75 23 29 0.276718
246 207 76 97 0.272366
549 203 37 45 0.256188
112 89 27 35 0.255665
368 417 92 141 0.252885
942 340 34 41 0.240758
216 -5 34 39 0.237294
75 325 214 261 0.222531
794 215 23 27 0.220565
847 246 26 31 0.212334
218 188 40 50 0.212092
111 137 41 53 0.211107
107 43 36 48 0.183422
182 62 43 58 0.1831
636 2 31 40 0.179575
233 0 25 29 0.176282
885 359 27 37 0.174603
455 488 24 27 0.173059
416 167 27 33 0.16662
54 312 34 43 0.148011
487 34 36 45 0.139555
801 166 30 36 0.133478
922 398 88 119 0.131295
329 464 52 59 0.126387
727 56 25 32 0.12456
884 56 40 51 0.123316
604 66 33 40 0.122849
735 175 29 35 0.12263
535 163 29 37 0.119922
448 495 29 35 0.112628
484 76 27 32 0.108639
