motion/motion_00793
66
858 194 20 27 0.99748
593 207 18 23 0.995446
320 205 20 26 0.99219
716 228 26 39 0.933144
399 222 17 23 0.893484
475 397 77 91 0.880573
671 190 22 29 0.867096
714 197 19 23 0.828017
481 263 26 35 0.738241
153 215 23 29 0.728369
447 218 23 33 0.721048
633 232 30 32 0.720347
111 227 37 52 0.677147
769 353 21 26 0.657429
705 285 40 46 0.642196
89 323 45 59 0.637951
749 229 67 90 0.631718
517 214 61 68 0.589314
333 431 48 58 0.569624
170 305 22 29 0.523699
282 297 34 40 0.51259
584 265 39 50 0.508185
323 257 37 52 0.502057
21 377 99 121 0.474466
481 337 27 31 0.450268
305 215 35 48 0.444824
752 369 103 115 0.424039
413 271 56 71 0.416213
739 431 34 39 0.414032
198 430 31 37 0.3928
241 418 28 35 0.391019
845 423 47 54 0.369812
640 424 41 50 0.355025
387 320 53 68 0.341517
811 207 30 46 0.288488
394 403 83 106 0.283626
261 266 30 43 0.265147
689 454 59 71 0.233485
737 245 60 91 0.230237
587 332 44 57 0.227929
270 419 25 29 0.226973
267 319 72 83 0.211811
130 402 33 43 0.209101
439 265 40 47 0.207915
724 223 28 37 0.199489
452 239 35 44 0.194245
111 296 34 47 0.191104
99 268 43 61 0.189081
458 430 34 34 0.185629
472 230 40 51 0.181646
461 477 57 67 0.173205
237 266 35 40 0.171514
468 310 31 35 0.143668
336 404 36 54 0.143358
294 230 34 47 0.140634
372 193 23 28 0.126209
686 407 23 27 0.124602
535 232 54 60 0.123783
101 250 31 44 0.123526
98 394 52 63 0.114096
169 342 25 32 0.110799
624 285 45 61 0.108848
985 289 38 50 0.10799
674 429 34 42 0.105861
761 478 64 81 0.1028
896 271 20 26 0.101631
