motion/motion_00861
135
204 126 27 32 0.999991
91 67 35 41 0.999951
164 119 27 33 0.999919
329 98 37 43 0.99872
691 89 34 43 0.998296
-5 119 21 27 0.996122
815 112 28 38 0.98161
565 80 30 40 0.950526
745 189 22 27 0.943326
358 127 20 26 0.867131
753 321 24 38 0.848008
171 363 37 50 0.786361
461 165 39 48 0.779633
676 88 34 42 0.753423
481 77 20 24 0.75276
368 405 78 92 0.742771
506 -8 53 69 0.727777
309 412 29 38 0.692822
832 324 56 74 0.639374
395 145 18 23 0.59991
770 208 32 45 0.595292
527 145 21 27 0.590952
210 221 31 42 0.568209
16 176 31 39 0.563518
293 378 26 36 0.522157
203 322 29 45 0.503955
164 445 24 25 0.486039
785 169 26 34 0.467913
183 283 26 34 0.462145
725 363 32 43 0.461991
751 392 42 52 0.431617
710 146 21 26 0.429991
312 98 42 47 0.418362
614 188 42 54 0.416247
252 242 21 31 0.389438
141 105 22 25 0.388667
841 143 18 28 0.386998
104 418 25 29 0.386342
414 268 30 40 0.370928
720 277 35 46 0.367218
32 413 28 34 0.358884
699 373 38 52 0.353456
681 280 32 44 0.353285
643 119 22 26 0.352552
476 287 57 76 0.344777
883 348 33 41 0.344391
551 86 28 34 0.34105
175 234 26 40 0.339849
445 396 26 38 0.336814
859 398 59 63 0.330978
14 369 29 40 0.328481
642 133 77 96 0.323324
254 179 14 17 0.320576
328 437 30 38 0.320452
755 256 24 32 0.319278
72 434 25 34 0.316691
388 382 43 60 0.310682
294 409 34 44 0.303113
834 404 26 32 0.300105
46 443 23 26 0.293735
794 438 27 31 0.290301
240 392 29 36 0.289651
444 178 37 48 0.283338
521 402 40 55 0.275309
590 401 27 36 0.275305
581 214 34 42 0.274825
700 349 32 51 0.273739
429 125 23 31 0.259174
554 458 55 64 0.256541
268 124 23 33 0.251575
745 301 21 31 0.245109
365 86 23 26 0.239503
788 561 22 24 0.239135
759 139 30 39 0.238326
652 443 31 37 0.237101
440 221 54 68 0.233639
168 400 30 39 0.233523
83 288 25 30 0.230987
629 163 85 116 0.228147
344 224 28 35 0.224439
472 485 32 41 0.220223
91 149 14 18 0.218493
135 292 35 48 0.216486
418 204 30 34 0.213175
104 550 31 30 0.201982
491 476 32 42 0.188823
824 241 31 38 0.188358
1 364 19 30 0.187043
201 376 26 37 0.181131
692 248 42 50 0.179639
346 385 38 48 0.174658
811 312 21 32 0.170964
755 220 39 50 0.165689
371 349 55 74 0.16448
628 367 54 74 0.163198
111 218 34 44 0.161995
181 300 38 56 0.160704
246 196 27 37 0.159926
566 395 26 33 0.157039
8 384 22 29 0.156355
276 265 55 74 0.153884
496 139 33 44 0.151309
95 446 19 22 0.146728
808 297 24 34 0.146015
402 216 46 63 0.145551
365 257 59 77 0.145031
17 403 28 29 0.14311
348 495 22 25 0.140622
513 474 26 28 0.137968
864 542 29 33 0.130563
258 158 18 26 0.129899
309 159 45 55 0.129503
831 146 22 32 0.12852
126 395 36 47 0.124721
282 164 37 45 0.119788
532 305 81 107 0.118816
69 459 33 37 0.116396
439 189 36 46 0.112996
29 127 28 40 0.112818
241 147 18 24 0.110584
279 89 22 27 0.109266
742 423 32 37 0.10781
925 333 28 33 0.107668
753 365 45 58 0.107528
90 244 29 38 0.10746
733 135 24 32 0.105882
660 384 37 47 0.105647
841 515 24 26 0.105288
759 348 25 34 0.104491
574 416 40 50 0.103882
248 275 22 29 0.102492
420 160 21 25 0.102157
604 173 24 31 0.100715
105 103 29 33 0.100467
846 167 32 46 0.100005
