motion/motion_00893
33
948 117 14 17 0.99828
301 220 26 33 0.825273
448 225 30 42 0.643447
146 164 22 27 0.64207
361 226 25 38 0.525247
253 80 20 24 0.50216
125 208 30 34 0.452805
282 100 30 36 0.324129
283 225 30 34 0.30719
424 59 20 27 0.302568
231 0 44 56 0.302041
346 131 27 30 0.290755
92 169 30 34 0.282118
971 212 48 57 0.27442
396 82 36 35 0.247261
387 220 52 55 0.233777
979 188 16 23 0.231323
381 166 21 24 0.19241
417 61 20 25 0.182764
959 23 38 46 0.155481
243 240 41 49 0.152028
467 106 49 63 0.151907
376 139 15 19 0.136922
158 87 25 30 0.129739
218 220 24 25 0.12847
409 67 25 27 0.126327
395 190 26 33 0.121497
321 154 34 38 0.118563
223 152 18 22 0.117702
165 81 24 31 0.113454
293 291 26 31 0.111537
230 192 43 54 0.101783
266 148 24 29 0.10163
