motion/motion_00824
99
373 122 90 113 0.999998
83 65 36 43 0.998226
486 124 144 167 0.998145
868 15 64 83 0.972878
328 76 61 83 0.966637
204 82 54 65 0.954682
644 20 38 44 0.944476
162 468 47 58 0.926955
403 31 41 51 0.921965
175 -3 50 62 0.904637
844 77 29 37 0.863291
216 1 33 39 0.763751
363 240 45 50 0.757371
139 438 42 53 0.74081
255 2 28 33 0.740693
749 76 62 77 0.723659
682 214 88 103 0.706111
512 0 60 65 0.703542
941 122 32 39 0.701886
74 187 46 61 0.688604
776 192 82 108 0.684627
235 367 42 54 0.648023
734 -2 33 41 0.642385
136 92 64 85 0.625004
677 253 151 210 0.604938
739 169 34 42 0.590906
934 434 38 47 0.585281
252 281 52 67 0.568012
200 37 63 72 0.520365
247 18 51 62 0.5092
25 56 45 60 0.505171
81 440 21 27 0.444129
633 40 48 60 0.437657
299 58 38 52 0.435064
14 31 38 46 0.432652
69 12 32 36 0.425234
715 162 43 50 0.421749
135 64 25 33 0.421137
792 70 32 37 0.411618
72 23 53 63 0.376534
94 486 48 57 0.353779
70 75 41 47 0.351397
207 356 23 26 0.347836
342 247 31 37 0.344314
183 53 38 56 0.330173
267 14 46 58 0.320219
452 100 55 65 0.320148
844 -2 69 82 0.312227
979 33 35 45 0.309211
59 40 34 39 0.307608
618 23 30 37 0.286793
375 281 41 47 0.283565
743 125 28 34 0.282572
814 347 34 43 0.282486
231 388 37 43 0.264917
129 139 39 50 0.260737
-1 356 35 49 0.259981
80 211 56 71 0.254612
14 66 47 71 0.245278
872 163 48 58 0.232972
696 -6 28 41 0.229562
95 -12 54 62 0.228364
64 147 57 77 0.221931
343 172 33 43 0.221823
274 227 32 43 0.220688
57 55 44 54 0.215522
787 474 43 58 0.205464
277 353 28 36 0.205117
469 277 268 359 0.202579
643 86 30 35 0.201117
301 150 45 58 0.200157
58 183 49 58 0.197272
217 24 60 69 0.194379
70 257 22 29 0.190282
335 479 30 34 0.184794
401 224 32 36 0.180051
15 282 41 55 0.175241
103 126 20 25 0.172988
282 366 28 35 0.166599
870 60 70 87 0.164206
70 3 25 28 0.162646
991 141 30 42 0.160293
145 247 29 39 0.149561
62 123 47 60 0.146142
31 42 46 51 0.143003
249 178 34 42 0.136382
18 260 36 48 0.134089
35 16 40 44 0.129216
46 399 27 36 0.127686
190 367 53 62 0.127202
372 98 40 48 0.117489
250 66 44 64 0.1173
49 483 21 29 0.115688
221 358 28 32 0.108602
956 161 28 35 0.10611
149 64 36 44 0.103399
989 5 31 41 0.102558
953 402 29 35 0.101868
928 109 36 44 0.101165
