motion/motion_00157
60
641 311 25 33 0.990602
160 404 24 27 0.866789
903 365 30 39 0.8309
510 367 75 91 0.768865
215 305 35 38 0.749392
602 236 72 87 0.729519
78 228 125 149 0.673076
915 329 30 39 0.651551
261 255 42 50 0.457133
958 382 26 38 0.42725
922 393 31 40 0.424256
594 310 28 36 0.397906
651 385 33 31 0.384155
851 233 59 84 0.383333
908 355 28 40 0.375276
940 410 40 52 0.357329
301 249 27 40 0.346266
686 244 40 46 0.344194
336 261 24 29 0.333779
889 353 37 45 0.319811
382 349 32 55 0.316778
879 233 56 61 0.314349
67 289 22 34 0.310327
917 284 24 36 0.305237
926 319 25 34 0.290696
969 423 29 40 0.285578
264 217 36 42 0.268758
159 389 26 29 0.232064
596 405 38 45 0.227695
852 275 41 64 0.218915
747 238 30 29 0.201261
100 524 34 41 0.191593
700 223 29 36 0.189496
324 292 40 48 0.189251
176 382 28 32 0.177989
328 270 29 36 0.176214
915 413 24 34 0.171291
607 311 23 30 0.168004
952 399 34 45 0.165876
162 260 64 91 0.164885
979 326 40 59 0.162399
988 426 30 42 0.159406
57 422 89 109 0.14509
205 357 55 65 0.143116
934 374 35 47 0.140299
200 238 27 31 0.133556
257 276 36 44 0.13349
2 264 31 53 0.132819
366 263 19 26 0.131629
954 330 20 33 0.125226
21 309 46 52 0.122786
992 402 29 41 0.115944
267 436 62 76 0.113425
411 195 176 197 0.112426
306 476 62 80 0.107386
43 247 30 36 0.107197
724 256 25 29 0.104586
363 212 44 49 0.104036
904 501 80 110 0.103447
897 378 28 34 0.100033
