motion/motion_00886
21
741 387 37 45 0.967598
484 115 67 92 0.932651
214 422 51 57 0.653876
178 448 52 64 0.618492
403 136 48 59 0.477407
428 234 128 159 0.477121
565 309 24 32 0.458281
805 509 33 38 0.40873
174 12 49 54 0.371304
452 112 23 26 0.334556
391 158 43 56 0.321066
532 403 34 36 0.304049
825 282 39 47 0.276045
439 64 21 26 0.221539
751 376 29 36 0.205224
353 187 56 57 0.195129
359 251 26 31 0.185193
554 267 28 35 0.154309
419 220 41 56 0.153994
554 205 35 48 0.15152
790 447 26 34 0.108524
