motion/motion_00874
68
919 111 23 28 0.999997
832 130 22 26 0.999996
879 120 23 27 0.999978
732 126 22 27 0.999928
641 170 19 24 0.999884
983 131 19 25 0.999611
107 176 13 18 0.999476
27 183 13 17 0.999348
824 157 20 28 0.998617
58 182 12 16 0.996553
766 126 12 14 0.988703
973 294 42 57 0.987562
963 102 13 14 0.96939
466 174 35 42 0.909883
387 137 19 32 0.86135
523 214 32 34 0.856557
421 429 16 21 0.709576
632 278 37 42 0.637124
486 162 30 40 0.615858
691 262 22 26 0.612466
925 321 31 37 0.598806
565 313 49 62 0.556461
950 293 47 66 0.409698
325 159 28 32 0.405312
645 240 26 32 0.397118
472 165 14 17 0.39375
464 244 33 41 0.387553
465 198 32 38 0.358611
586 422 20 25 0.309412
379 124 23 29 0.288795
896 223 36 48 0.259836
700 240 45 60 0.258059
813 288 27 46 0.251709
818 230 41 56 0.250554
806 244 17 23 0.247771
883 342 28 32 0.235325
575 288 26 28 0.230092
642 219 25 29 0.225137
958 109 28 36 0.224566
68 185 34 42 0.207829
427 275 50 68 0.202781
403 248 36 44 0.197011
54 256 50 63 0.193025
559 145 31 36 0.18684
576 195 40 56 0.184485
560 254 23 32 0.183734
697 290 21 27 0.178484
34 202 24 33 0.174361
836 283 27 32 0.170024
364 134 28 34 0.151
598 241 59 79 0.148999
683 206 34 44 0.146118
724 291 71 89 0.144121
847 185 26 31 0.14322
685 169 28 36 0.138083
863 160 68 87 0.137827
670 170 25 32 0.136249
64 321 27 30 0.128986
27 197 25 33 0.125663
88 177 27 32 0.124833
861 239 24 32 0.117761
516 399 47 58 0.117547
109 205 21 26 0.112889
132 259 24 35 0.112799
516 131 41 48 0.108279
43 184 22 29 0.103613
889 141 37 43 0.102429
448 266 38 54 0.101902
