motion/motion_00882
45
411 144 101 137 0.999996
140 100 110 134 0.994484
300 164 99 122 0.99011
579 94 58 80 0.97605
90 24 62 86 0.879059
573 226 214 285 0.802005
970 206 30 35 0.774576
730 101 99 142 0.677922
817 247 33 37 0.666861
178 233 61 67 0.666788
574 72 57 74 0.63033
144 280 22 29 0.602132
519 105 96 144 0.52725
488 399 28 32 0.512146
819 117 75 111 0.468762
945 219 50 78 0.42249
767 257 51 68 0.405965
794 99 69 107 0.390475
496 126 34 44 0.374565
893 375 89 109 0.374323
613 19 98 145 0.362271
482 347 25 32 0.347993
236 515 41 46 0.341329
487 412 40 49 0.313541
70 346 57 96 0.290723
44 347 24 28 0.264521
121 304 26 28 0.247725
292 140 45 55 0.242472
904 86 27 42 0.237967
882 336 79 98 0.230606
809 417 32 44 0.226826
221 263 71 68 0.2193
510 362 27 37 0.214468
900 54 30 46 0.199664
476 337 27 32 0.184128
818 290 23 27 0.175221
812 452 31 40 0.167809
476 24 59 68 0.166566
883 474 44 55 0.16275
702 466 118 131 0.16
121 122 30 38 0.125218
313 10 25 33 0.12074
789 408 34 39 0.109256
519 282 37 48 0.107412
582 496 56 86 0.105951
