motion/motion_00872
48
320 228 16 20 0.999996
531 227 20 24 0.999991
556 274 16 21 0.999942
282 243 11 15 0.999862
263 5 20 26 0.89588
226 143 22 30 0.848888
495 251 33 38 0.806019
594 372 29 37 0.703451
279 332 20 28 0.633811
480 251 20 30 0.590822
495 327 25 31 0.513905
544 301 26 33 0.49245
785 277 29 34 0.472608
742 252 37 46 0.451216
672 287 26 28 0.45014
345 232 56 63 0.420111
687 226 19 25 0.406022
441 218 37 54 0.403356
495 224 20 27 0.355404
260 272 34 44 0.298003
187 287 30 38 0.289094
625 268 23 30 0.277104
809 276 37 43 0.270917
208 322 19 26 0.268727
661 248 29 38 0.265558
122 207 23 34 0.251227
517 336 12 15 0.249584
325 271 19 22 0.244046
340 385 24 36 0.236144
495 297 23 30 0.202498
920 180 21 26 0.201184
422 227 33 45 0.193023
138 225 20 25 0.190024
656 227 24 27 0.189121
499 351 24 31 0.16918
317 361 18 24 0.166765
251 348 22 32 0.158816
666 283 21 26 0.154513
583 402 23 32 0.152957
485 431 44 54 0.14416
487 353 29 35 0.140893
651 243 24 33 0.140406
867 159 28 39 0.137393
687 212 20 27 0.13724
466 349 29 42 0.132703
995 427 18 25 0.126575
292 334 24 32 0.106228
889 230 25 30 0.102405
