motion/motion_00827
39
757 132 37 47 0.999981
472 103 31 38 0.894784
304 266 89 107 0.705867
655 153 53 65 0.571887
637 160 59 65 0.558775
309 170 43 50 0.522635
873 215 56 61 0.486792
647 134 44 47 0.461344
216 35 40 44 0.447425
828 170 31 37 0.433958
457 69 48 58 0.432935
80 380 29 32 0.334084
443 24 45 56 0.324797
428 92 31 34 0.322914
918 84 52 61 0.305705
232 422 25 29 0.288815
107 181 27 34 0.273921
551 79 68 79 0.265654
635 221 36 41 0.243403
928 151 39 50 0.24206
703 117 62 75 0.237286
135 486 27 30 0.217825
601 161 34 38 0.215061
672 54 45 56 0.188868
445 164 44 53 0.178909
238 297 63 71 0.172409
777 376 58 72 0.171135
834 118 45 52 0.16174
621 54 77 92 0.161688
600 99 30 38 0.158995
802 121 43 48 0.153451
237 358 45 49 0.149836
847 195 29 36 0.138421
17 23 60 70 0.135433
254 98 28 33 0.130462
777 273 61 80 0.124088
969 191 30 35 0.119653
202 172 26 32 0.118379
121 491 34 38 0.105196
