motion/motion_00839
35
522 259 108 136 1
550 454 38 44 0.798972
540 412 62 71 0.624586
358 371 25 27 0.609798
623 449 64 68 0.538917
593 451 46 49 0.481922
432 485 43 49 0.440889
195 33 30 39 0.435762
327 476 87 95 0.422307
112 328 50 57 0.413646
781 145 27 33 0.404847
33 345 27 34 0.404256
665 506 37 45 0.387552
870 509 53 65 0.35286
663 447 58 72 0.327526
525 402 29 37 0.270252
311 173 34 41 0.268618
427 15 33 39 0.257752
476 416 79 91 0.257652
136 562 53 58 0.222937
582 457 47 52 0.210998
612 439 58 62 0.200739
647 519 47 51 0.198182
58 439 80 95 0.197745
843 363 58 66 0.173382
305 163 22 30 0.163117
716 553 31 36 0.159103
277 192 57 71 0.154113
262 142 24 27 0.151698
71 544 25 34 0.137191
727 480 35 40 0.133919
377 27 19 25 0.121822
721 368 35 40 0.116137
800 146 28 33 0.113392
396 487 49 60 0.107874
