motion/motion_00843
29
480 101 32 38 0.999979
692 137 17 22 0.998814
16 128 19 26 0.997369
20 237 41 53 0.929434
401 44 65 86 0.770067
895 135 16 22 0.745246
578 169 21 22 0.737307
531 238 57 62 0.631986
24 139 31 37 0.605683
954 210 19 22 0.481824
386 399 79 89 0.42637
522 123 40 48 0.398075
946 204 21 23 0.290821
347 205 36 41 0.271633
171 138 26 27 0.258482
887 181 33 40 0.226762
507 141 64 79 0.225437
499 289 28 38 0.184088
44 221 50 63 0.184066
402 80 60 81 0.161291
709 251 24 27 0.158873
824 121 27 27 0.131773
309 375 96 149 0.131415
676 244 27 36 0.129144
902 116 29 38 0.126774
917 206 34 35 0.115543
839 144 44 52 0.1078
922 153 44 50 0.105435
488 270 21 31 0.102557
