motion/motion_00779
64
511 210 59 69 0.998063
809 326 35 44 0.913908
189 443 49 63 0.909828
484 215 53 75 0.8736
408 59 42 53 0.69112
390 496 52 70 0.656621
414 29 42 52 0.552565
242 386 28 37 0.536369
373 406 29 42 0.5176
826 436 62 73 0.514873
909 470 26 35 0.505367
377 374 32 40 0.50331
957 61 33 39 0.500568
958 236 50 56 0.482091
991 68 26 36 0.463787
741 277 44 52 0.452681
43 16 47 50 0.42354
312 389 68 98 0.395326
971 65 36 45 0.366315
263 291 45 48 0.358939
353 373 43 59 0.356865
373 240 41 47 0.350036
637 448 35 44 0.346286
691 259 31 40 0.338172
903 73 31 37 0.336181
943 61 36 44 0.329109
552 307 51 62 0.325448
390 85 42 50 0.322074
174 69 63 71 0.313279
669 348 28 38 0.301516
462 432 43 53 0.28586
148 310 28 32 0.277332
67 323 28 33 0.277068
628 470 35 45 0.272545
41 227 45 49 0.268007
138 73 46 53 0.26781
33 533 21 30 0.256166
201 -6 85 104 0.249025
415 -4 53 61 0.234389
860 412 32 42 0.232653
565 213 34 50 0.226574
41 307 32 37 0.223882
532 269 62 76 0.21453
884 443 34 44 0.212566
175 14 58 65 0.187197
324 468 23 35 0.186658
828 98 39 45 0.184475
479 421 24 30 0.184149
703 438 31 42 0.175661
197 66 77 87 0.175358
-4 306 67 70 0.170659
870 302 24 30 0.164278
665 115 68 85 0.16244
826 280 46 57 0.151176
635 268 29 35 0.150386
677 374 24 32 0.146893
244 489 36 44 0.142961
102 313 35 42 0.133432
434 502 36 42 0.129579
981 330 32 40 0.127427
577 178 48 61 0.127146
775 375 21 32 0.104857
-4 216 58 65 0.103224
958 33 40 45 0.102929
