motion/motion_00867
87
586 103 32 38 0.999997
371 204 15 20 0.999961
116 214 19 32 0.999879
346 419 47 54 0.992569
180 210 19 28 0.992451
232 164 34 51 0.986324
424 201 14 20 0.979602
767 237 16 22 0.961841
242 168 35 46 0.912448
760 276 34 42 0.851026
916 204 28 33 0.718654
740 31 16 19 0.718344
100 215 25 30 0.68549
210 241 20 24 0.634671
455 243 22 27 0.579465
729 222 43 53 0.484828
105 177 38 50 0.482877
372 250 18 25 0.449594
233 252 19 26 0.440872
854 286 25 28 0.431861
483 249 20 25 0.430809
197 238 17 20 0.42328
5 49 53 67 0.414709
798 97 22 25 0.385057
244 131 45 49 0.371917
430 277 22 32 0.350112
793 92 23 26 0.34381
757 111 49 65 0.337014
75 187 25 29 0.334053
59 251 63 67 0.330514
604 344 25 32 0.31255
665 220 25 35 0.303444
445 455 25 30 0.303253
812 207 31 34 0.303225
498 273 55 64 0.281733
489 249 21 27 0.277482
873 194 20 25 0.271272
692 273 37 51 0.266448
456 284 21 26 0.264704
479 299 57 66 0.257959
639 362 37 43 0.254215
475 283 26 34 0.243901
679 222 19 31 0.238173
767 79 19 24 0.231529
848 315 29 37 0.226683
266 468 28 38 0.22316
573 423 25 30 0.21286
494 471 23 33 0.2076
981 276 29 37 0.20681
404 198 18 23 0.201774
105 255 30 33 0.195025
957 94 22 28 0.194003
615 126 26 35 0.193103
465 181 22 27 0.191215
522 351 28 43 0.190488
863 215 34 45 0.188356
990 230 20 28 0.17707
267 279 24 27 0.175888
929 43 25 31 0.175324
669 291 55 64 0.173435
729 358 20 27 0.168226
231 147 38 45 0.167809
85 59 24 32 0.163034
804 72 15 20 0.16067
316 492 39 42 0.159535
815 362 20 25 0.151067
384 160 20 24 0.15053
253 36 25 35 0.14775
819 341 27 34 0.145351
296 106 62 68 0.145063
987 85 18 23 0.143054
903 72 21 25 0.142563
96 159 33 50 0.140609
138 138 32 44 0.137717
880 32 22 27 0.126535
368 212 19 28 0.126469
335 118 34 40 0.123397
847 182 33 37 0.12252
953 196 30 41 0.118538
392 266 51 71 0.117764
397 331 34 55 0.115909
62 -7 38 56 0.111521
417 446 30 33 0.108209
341 480 44 45 0.107381
211 119 44 54 0.106171
763 338 29 38 0.103466
605 376 25 36 0.102752
