motion/motion_00835
29
589 -3 167 201 0.993307
656 372 47 72 0.920618
623 332 53 66 0.640093
857 78 46 63 0.58357
693 210 26 32 0.468065
975 183 28 34 0.429909
704 173 34 41 0.419336
814 103 50 60 0.40003
667 357 33 48 0.391743
644 454 43 59 0.279294
163 253 194 242 0.279289
789 85 25 29 0.258752
769 201 30 37 0.251393
640 521 81 93 0.227437
635 361 54 79 0.200666
632 416 32 41 0.183276
968 107 44 54 0.17961
183 136 51 65 0.169836
670 435 26 35 0.169538
155 154 57 75 0.154364
757 176 25 31 0.143382
922 162 55 68 0.135856
623 263 61 85 0.13543
815 192 25 32 0.123628
918 219 28 35 0.116042
667 448 29 37 0.111801
716 228 25 32 0.110245
414 529 39 43 0.109844
797 227 23 28 0.105929
