motion/motion_00887
24
628 124 56 72 0.999994
386 120 61 77 0.999919
137 131 56 69 0.999852
711 426 59 81 0.902393
615 505 53 66 0.732942
686 114 98 142 0.641206
118 218 93 114 0.610262
462 127 81 115 0.597231
367 302 98 125 0.579564
581 462 63 79 0.427082
765 417 26 31 0.341695
199 349 75 89 0.337762
714 487 61 74 0.328422
332 164 35 46 0.276793
504 22 132 173 0.218046
271 6 45 57 0.21302
39 440 35 43 0.209225
606 173 114 162 0.197141
332 358 183 213 0.187839
593 394 105 127 0.186627
26 89 115 167 0.184182
118 117 54 73 0.174148
225 478 55 75 0.140373
640 390 93 119 0.1295
