motion/motion_00838
75
791 62 16 23 0.994569
135 93 19 24 0.989843
453 108 18 23 0.965605
864 65 28 38 0.920153
339 104 11 16 0.821326
846 195 33 42 0.817437
575 73 18 25 0.79534
894 164 55 66 0.734222
687 111 34 45 0.731735
5 313 43 47 0.681008
611 119 18 26 0.679098
844 88 24 28 0.671754
267 365 37 34 0.650363
463 165 30 38 0.593237
469 122 39 46 0.577082
846 211 29 38 0.553223
547 434 39 42 0.546672
830 145 27 32 0.544544
657 313 38 44 0.524205
362 360 44 48 0.467837
811 171 46 61 0.467174
754 98 64 94 0.466723
107 392 25 26 0.424507
798 69 45 55 0.391408
676 113 27 37 0.382454
363 269 48 52 0.376293
617 454 34 38 0.356869
661 70 23 29 0.35624
111 197 28 37 0.349329
569 134 25 37 0.34255
440 161 32 45 0.318133
335 346 42 50 0.313364
528 84 24 29 0.310631
112 180 26 36 0.305113
989 394 29 36 0.301124
96 328 42 44 0.282637
396 276 23 26 0.274685
804 116 33 47 0.263151
463 376 56 57 0.262771
876 391 32 37 0.259646
882 123 50 68 0.249435
829 66 18 21 0.247224
748 357 70 71 0.243143
535 374 66 68 0.236832
333 301 44 52 0.228918
572 113 25 32 0.222534
453 207 21 32 0.222287
666 453 50 61 0.21758
897 89 42 55 0.210552
691 431 44 52 0.209782
480 339 23 26 0.207683
442 127 23 31 0.205521
900 410 39 37 0.201258
71 373 33 33 0.199575
664 266 63 70 0.188969
624 408 46 54 0.187797
108 210 24 34 0.187316
864 187 45 62 0.183138
0 398 36 41 0.178236
332 147 26 31 0.173932
834 127 32 39 0.158592
630 396 45 48 0.156591
946 379 53 60 0.147196
465 136 33 45 0.146769
214 347 30 33 0.143973
599 124 16 23 0.142892
671 146 22 27 0.134927
465 84 21 26 0.132642
300 359 32 31 0.12803
489 332 24 30 0.125532
188 269 31 30 0.119226
578 217 34 41 0.117892
676 246 34 39 0.111081
130 133 27 30 0.106718
132 224 27 35 0.105711
