motion/motion_00778
61
811 109 58 72 1
289 97 49 72 0.999999
433 161 43 50 0.999977
492 151 33 35 0.999046
968 321 25 36 0.846168
785 125 35 38 0.700273
461 89 19 25 0.647127
940 409 62 79 0.629244
548 251 32 40 0.596377
808 496 49 58 0.564272
299 323 51 58 0.5151
875 217 53 57 0.480982
514 296 54 65 0.445715
542 359 27 32 0.42913
385 266 29 37 0.428111
876 304 75 89 0.394356
723 157 169 174 0.37939
900 239 38 42 0.351884
918 208 21 26 0.332529
722 490 67 79 0.314391
552 483 25 33 0.29482
533 377 32 40 0.264982
75 217 33 45 0.252063
388 179 25 33 0.247154
352 229 18 20 0.245481
733 450 45 52 0.243883
633 402 21 24 0.238646
348 188 26 31 0.237932
540 262 19 24 0.210131
435 257 21 26 0.208842
506 154 51 58 0.207809
493 258 36 38 0.195175
141 49 21 27 0.186867
22 239 109 125 0.181616
386 21 24 32 0.178879
509 271 47 61 0.167566
542 408 28 39 0.164918
428 120 23 26 0.164236
196 205 35 42 0.157152
532 209 24 31 0.155721
230 320 36 39 0.155041
665 513 37 43 0.148882
403 112 35 41 0.141863
943 221 37 43 0.138968
190 290 28 30 0.130752
37 504 27 36 0.130637
361 281 25 26 0.127167
427 264 21 27 0.127131
557 495 46 53 0.12477
576 396 23 28 0.122716
93 347 40 49 0.121837
449 63 25 37 0.117984
440 0 24 29 0.116487
900 265 28 33 0.115385
930 220 29 35 0.113086
702 418 30 33 0.10956
579 320 21 29 0.108844
221 82 16 24 0.108644
963 271 21 25 0.107336
523 253 27 32 0.103449
984 531 24 27 0.100061
