motion/motion_00884
28
148 270 84 97 0.928715
545 309 106 148 0.886021
569 283 108 155 0.866924
859 202 135 151 0.847782
660 360 35 45 0.686374
270 325 162 225 0.614238
80 91 176 213 0.492965
551 14 82 100 0.448555
212 109 158 213 0.364772
347 251 77 101 0.347281
923 390 93 110 0.339057
345 48 32 39 0.322752
656 388 55 65 0.305654
529 389 61 81 0.299022
893 443 54 62 0.283928
689 59 28 32 0.26655
44 123 81 106 0.264877
637 35 26 29 0.189836
611 197 69 83 0.168502
729 333 54 59 0.161688
215 263 88 108 0.153617
612 154 29 39 0.148501
377 26 26 32 0.145026
253 304 77 96 0.128882
848 277 84 98 0.123231
333 62 42 64 0.117307
497 272 49 72 0.116616
58 407 94 105 0.110933
