motion/motion_00822
23
517 258 19 26 0.995824
683 235 43 60 0.663872
535 183 26 31 0.416049
482 201 25 30 0.379079
556 595 25 29 0.354973
715 429 30 40 0.285918
703 170 25 28 0.28094
74 196 22 27 0.264257
659 556 37 44 0.239
513 302 31 41 0.238376
722 287 22 27 0.236522
115 285 36 45 0.213621
710 184 24 28 0.212502
703 331 35 42 0.200895
184 229 23 26 0.187791
245 308 28 35 0.182593
665 182 37 42 0.181777
467 188 26 32 0.180672
501 217 30 33 0.173839
143 184 24 26 0.168362
543 276 28 32 0.134118
737 422 30 38 0.129098
504 193 39 44 0.122238
