motion/motion_00394
64
667 219 37 48 0.976629
716 535 36 40 0.932004
977 216 43 50 0.891098
681 506 25 28 0.72776
751 259 73 83 0.67727
524 315 116 146 0.632329
810 127 21 24 0.607182
371 329 31 34 0.602228
177 515 30 34 0.600416
625 451 19 22 0.590739
673 508 24 28 0.425633
616 380 42 49 0.421269
261 151 29 32 0.411613
543 559 21 22 0.402424
146 521 28 30 0.359881
641 214 27 32 0.351797
368 287 32 41 0.314522
658 137 26 33 0.309176
748 236 49 53 0.298642
342 492 23 25 0.281852
118 35 75 89 0.256991
565 284 40 44 0.254542
328 209 39 46 0.24978
101 252 60 72 0.245514
146 221 58 73 0.230221
284 378 31 34 0.227163
406 494 23 27 0.221606
377 144 23 25 0.217921
238 291 23 29 0.21085
717 312 25 29 0.20626
116 172 75 88 0.204154
353 502 22 25 0.194502
529 222 52 56 0.193381
375 414 23 27 0.192738
708 363 19 23 0.187664
587 535 19 24 0.184464
395 296 62 62 0.177313
721 416 51 54 0.173711
226 288 27 32 0.169829
344 341 19 21 0.165152
646 245 81 89 0.16505
514 528 26 29 0.160836
156 532 29 35 0.15556
100 69 43 49 0.153853
269 406 27 35 0.153014
299 557 22 25 0.146999
599 267 24 30 0.143168
785 127 23 28 0.14311
384 354 22 25 0.142193
647 474 19 23 0.141649
693 339 23 29 0.137335
529 561 22 24 0.13714
575 590 24 29 0.135106
265 308 24 26 0.130741
859 175 27 34 0.129117
173 491 26 30 0.127019
309 254 22 25 0.126697
152 486 31 38 0.126631
452 483 29 31 0.124443
219 528 20 30 0.121135
357 220 27 32 0.117095
421 480 26 33 0.11487
986 521 27 30 0.107014
889 598 19 23 0.105162
