motion/motion_00885
63
810 167 19 25 0.999969
568 179 17 21 0.999956
450 199 15 21 0.999916
360 30 32 51 0.999876
671 179 19 23 0.999753
182 64 27 35 0.999571
264 326 53 54 0.994928
629 244 23 31 0.588796
417 385 63 73 0.567858
48 233 57 59 0.558668
285 307 40 52 0.495903
167 360 32 46 0.465965
353 230 23 33 0.396258
849 217 24 32 0.35244
251 429 20 22 0.351087
261 275 23 24 0.349445
617 120 19 23 0.334224
480 182 24 37 0.313742
487 126 21 26 0.288612
977 228 25 32 0.27772
956 226 24 30 0.270454
766 124 27 35 0.262697
138 24 37 44 0.259124
567 199 25 32 0.244678
234 172 28 35 0.242245
600 343 28 29 0.23057
378 312 19 26 0.217768
353 76 23 30 0.214766
467 80 27 33 0.213256
255 -1 19 26 0.196644
6 252 27 31 0.196268
449 177 26 35 0.184591
453 155 33 39 0.174461
977 262 20 25 0.1713
902 320 16 22 0.169795
473 148 24 34 0.166608
964 24 24 33 0.163557
436 325 20 30 0.160969
69 171 33 45 0.157842
809 180 26 33 0.152897
900 304 19 26 0.148847
273 -3 30 35 0.147592
623 270 27 33 0.138183
13 213 30 38 0.137817
234 535 20 24 0.137686
807 245 32 35 0.137686
992 175 18 25 0.128953
735 553 28 33 0.123184
254 259 20 25 0.122505
122 278 28 36 0.121539
709 248 24 33 0.117927
780 324 33 40 0.112991
80 86 26 34 0.111291
623 190 39 56 0.11073
48 13 29 33 0.110389
585 115 22 27 0.106322
598 330 22 24 0.105432
862 215 22 28 0.105398
303 132 72 105 0.103627
732 262 28 35 0.10088
259 451 24 29 0.100235
669 205 41 50 0.100229
706 308 35 46 0.100096
