motion/motion_00808
130
709 379 42 52 0.999847
174 331 69 81 0.999664
610 318 37 45 0.999139
698 331 24 31 0.934298
792 426 44 59 0.800042
331 212 44 46 0.796484
780 276 32 39 0.743423
541 491 34 43 0.692761
338 355 33 46 0.663143
846 -4 53 78 0.655982
829 335 27 33 0.640023
991 510 27 35 0.632256
590 79 26 28 0.568568
240 427 26 33 0.549022
440 414 27 34 0.541908
310 354 31 39 0.518179
548 347 43 50 0.488416
281 339 25 30 0.48526
808 146 39 56 0.473756
168 285 23 30 0.461362
234 465 19 25 0.43912
317 101 70 88 0.438755
445 227 49 63 0.438213
652 353 25 34 0.419008
292 514 29 35 0.417146
804 77 41 60 0.368671
759 379 31 42 0.362388
838 157 26 37 0.361015
715 263 33 36 0.335632
677 146 22 26 0.325094
252 283 41 54 0.31723
618 486 24 30 0.317148
212 137 69 79 0.313891
303 330 24 35 0.311566
790 339 20 28 0.310757
164 306 47 58 0.308677
903 516 40 50 0.295751
804 395 25 34 0.293403
746 325 18 22 0.289745
864 189 23 28 0.282682
483 378 20 24 0.276583
787 290 27 34 0.268592
72 390 16 22 0.264164
542 39 52 63 0.260138
554 308 32 42 0.257134
868 -5 71 100 0.244013
392 376 29 33 0.242629
822 449 28 35 0.240757
561 488 31 45 0.240701
579 259 35 43 0.240231
504 7 38 54 0.238081
707 370 25 34 0.235929
2 304 42 52 0.229376
857 260 24 29 0.222666
814 203 32 39 0.22027
668 338 23 33 0.219191
382 418 39 44 0.219001
285 331 15 19 0.214207
505 458 28 35 0.210842
607 173 26 32 0.208605
775 330 14 17 0.204316
135 227 37 50 0.203659
713 137 41 51 0.202743
508 266 29 41 0.202459
352 412 37 44 0.200288
664 276 20 29 0.198438
336 406 24 29 0.197179
142 405 32 41 0.196488
829 -7 30 42 0.187982
143 390 28 36 0.186783
5 327 36 51 0.184219
130 461 65 88 0.183684
506 341 29 35 0.17927
160 358 45 56 0.177396
964 434 45 52 0.17732
680 206 37 43 0.170635
532 496 26 31 0.169527
657 294 18 23 0.169467
480 337 33 41 0.166875
599 77 31 35 0.166183
634 289 26 33 0.165696
729 322 24 27 0.165179
887 182 32 40 0.163165
602 89 30 39 0.162998
360 281 20 27 0.158945
336 427 36 47 0.158896
47 120 41 52 0.157519
238 269 22 24 0.15665
375 338 44 50 0.15557
131 108 22 34 0.154241
148 214 25 40 0.153982
611 502 26 36 0.15337
226 278 50 66 0.152898
770 369 25 32 0.152667
64 171 43 61 0.151036
375 446 25 29 0.15064
202 403 45 56 0.149459
290 544 36 44 0.14856
412 209 45 53 0.14854
300 143 18 27 0.14649
186 136 22 27 0.140626
606 125 27 34 0.138471
385 244 26 34 0.1378
202 531 24 30 0.137263
229 188 39 46 0.13526
356 304 32 38 0.134513
631 309 28 44 0.134024
731 374 33 40 0.132604
388 221 25 31 0.131895
307 175 28 32 0.130053
121 171 50 60 0.128651
802 23 24 27 0.128465
628 277 29 35 0.126884
515 362 74 87 0.121499
654 430 23 31 0.121282
314 372 36 42 0.118918
140 268 26 39 0.118257
234 493 28 36 0.112969
161 262 17 23 0.110787
585 341 25 32 0.110633
785 1 15 23 0.110465
949 526 36 41 0.109835
739 278 18 24 0.107415
74 375 16 21 0.106118
806 61 24 29 0.105756
268 538 26 33 0.102245
257 268 24 30 0.102117
210 276 30 36 0.101325
359 294 17 20 0.10055
648 294 18 23 0.100164
