motion/motion_00837
128
236 444 118 135 0.995949
578 766 132 167 0.987599
405 1284 60 89 0.937919
301 1037 28 37 0.867377
270 825 120 137 0.829151
798 1322 36 45 0.809728
359 1230 97 120 0.78602
300 1077 27 38 0.732071
881 1141 34 45 0.724856
728 204 46 65 0.722286
495 119 63 84 0.720039
606 14 58 76 0.71488
206 614 140 175 0.660556
189 397 60 70 0.644979
969 1236 34 45 0.620052
941 384 37 44 0.588685
57 437 40 51 0.583815
678 43 32 36 0.543502
869 1250 32 41 0.522633
727 1325 32 41 0.508154
392 149 33 41 0.503966
782 272 42 50 0.501023
906 1309 36 47 0.491915
310 130 56 65 0.484535
34 1324 36 47 0.45864
954 383 40 46 0.458577
194 957 121 131 0.458411
832 379 51 59 0.447892
207 674 166 257 0.443982
544 505 252 370 0.437274
356 480 34 42 0.433606
157 416 63 76 0.431866
209 402 119 131 0.42397
302 1065 27 38 0.420624
517 277 30 38 0.400832
279 1231 38 53 0.385776
217 524 42 44 0.381245
762 1054 74 90 0.37794
120 152 38 45 0.369337
834 1180 58 74 0.354082
548 476 42 51 0.347751
802 1301 36 47 0.337201
846 1085 42 53 0.335104
299 1090 26 38 0.33238
629 106 88 110 0.320926
738 372 66 76 0.320017
127 414 57 72 0.314702
802 343 49 58 0.311584
107 1239 30 40 0.303953
435 988 28 33 0.303685
58 1271 31 40 0.301527
604 181 78 82 0.297759
302 1109 21 27 0.29271
930 1273 37 47 0.287719
102 414 46 55 0.287642
301 642 215 255 0.285495
20 1286 36 47 0.284231
537 68 26 35 0.282502
728 127 51 74 0.277943
871 1346 37 49 0.277438
929 1349 81 91 0.275261
499 1060 190 236 0.274845
801 858 42 52 0.267682
629 6 64 85 0.267488
572 79 44 54 0.266802
835 1146 42 55 0.266267
493 758 142 174 0.251768
686 1075 76 115 0.24728
321 180 34 44 0.22631
599 114 49 62 0.225083
69 1236 32 42 0.221645
851 1371 34 40 0.220302
93 1183 55 71 0.218387
176 150 40 47 0.217371
944 1174 53 68 0.216163
700 59 71 100 0.214748
684 1354 48 59 0.21416
762 1275 29 37 0.213388
553 211 62 78 0.212051
814 1353 44 53 0.208953
594 209 56 69 0.204243
215 1203 42 51 0.202561
20 413 39 46 0.197653
677 372 75 83 0.189997
398 1174 40 47 0.189124
660 90 73 92 0.188054
336 179 45 53 0.186982
167 175 49 59 0.186574
276 574 88 97 0.185991
191 557 52 66 0.184842
435 1378 67 87 0.182034
909 1347 40 53 0.181923
441 58 44 62 0.179279
370 265 43 52 0.177122
482 503 78 104 0.176686
898 1276 37 47 0.17022
700 164 63 80 0.167002
335 1244 99 124 0.163943
584 146 45 56 0.160909
53 416 44 54 0.157498
292 1319 53 68 0.156076
521 221 61 68 0.153958
68 1324 37 42 0.15163
293 944 25 30 0.149874
441 1073 21 27 0.144038
165 1204 44 51 0.139436
276 121 53 65 0.137203
947 1049 48 58 0.136718
559 12 31 38 0.132597
799 1238 41 51 0.131261
535 270 31 37 0.130962
206 114 70 80 0.123676
93 1283 48 55 0.121959
462 608 35 48 0.121114
678 1281 26 34 0.120927
394 1396 37 48 0.120911
745 57 71 93 0.118891
736 1190 37 48 0.117783
931 1241 39 52 0.117208
336 957 66 75 0.114198
473 625 33 48 0.113319
660 927 79 101 0.109521
308 993 23 38 0.104035
666 1253 36 46 0.103088
281 1216 28 39 0.102338
808 1189 38 48 0.102188
762 393 70 93 0.102142
727 1286 36 46 0.100446
