motion/motion_00805
99
787 35 46 69 1
649 126 45 65 0.999999
315 158 48 62 0.999985
358 284 37 61 0.99957
74 72 34 40 0.975993
237 194 34 36 0.847796
420 317 19 25 0.828652
533 157 37 39 0.800831
165 0 44 49 0.786804
613 59 21 28 0.781504
66 654 25 29 0.745373
471 7 63 78 0.727225
398 187 44 48 0.694384
820 53 62 73 0.68457
137 -12 52 70 0.649532
576 210 27 30 0.61512
528 17 40 51 0.603467
304 452 71 93 0.574844
739 210 64 74 0.566002
933 108 40 46 0.543383
713 87 39 44 0.526754
935 252 25 32 0.524309
236 47 24 32 0.521161
426 194 85 108 0.520127
642 -9 37 44 0.47727
526 113 28 45 0.466845
-4 188 44 51 0.460686
274 60 28 37 0.437687
230 159 44 59 0.431248
459 619 52 66 0.428531
297 410 86 86 0.412633
546 159 40 46 0.405889
294 165 21 26 0.397509
958 35 27 37 0.393162
78 -15 64 68 0.378935
4 1 70 83 0.340064
370 664 34 42 0.339224
992 324 24 29 0.332371
333 372 39 44 0.316065
181 411 54 67 0.30733
447 293 36 43 0.304953
205 151 25 29 0.303213
681 75 37 42 0.297428
826 98 54 71 0.296795
910 0 32 38 0.296644
759 460 25 26 0.292886
896 17 45 53 0.28513
589 242 62 99 0.281415
278 363 58 60 0.275431
980 174 21 24 0.267909
566 -10 54 83 0.267399
497 188 37 46 0.263351
316 143 37 46 0.26096
344 394 36 45 0.257992
767 -3 37 45 0.24985
122 152 13 17 0.249636
739 182 35 47 0.237358
320 124 31 35 0.228616
357 383 79 92 0.227391
733 271 28 40 0.226775
369 227 32 45 0.210827
765 193 76 86 0.207691
176 291 73 113 0.207685
277 175 24 29 0.205203
527 521 25 31 0.201892
621 146 23 28 0.200757
427 333 66 99 0.196617
221 4 33 44 0.195837
188 12 30 33 0.194396
360 521 113 167 0.190462
383 155 20 23 0.184188
220 436 52 63 0.182216
586 51 38 55 0.172807
645 70 55 67 0.153004
332 50 26 30 0.151265
32 173 24 29 0.150249
543 80 47 57 0.148528
950 262 35 40 0.144785
655 227 75 81 0.139173
680 182 33 42 0.137482
387 678 30 38 0.135561
685 141 25 31 0.133403
551 135 32 36 0.128489
465 477 23 27 0.125637
866 108 26 38 0.125068
982 114 28 33 0.123056
186 24 32 31 0.118706
134 178 20 25 0.118261
757 -7 37 42 0.118162
886 -3 44 51 0.11803
534 319 108 138 0.117791
42 92 25 31 0.11443
480 430 22 23 0.113962
6 227 44 55 0.108728
920 284 69 93 0.108514
147 604 26 27 0.10592
199 16 36 37 0.103976
499 406 27 31 0.101552
315 120 27 30 0.101368
