motion/motion_00830
51
176 63 45 57 0.997098
168 21 57 70 0.81476
762 297 38 46 0.642753
744 405 21 29 0.631818
225 210 40 55 0.533059
832 517 22 25 0.516511
991 92 28 33 0.514543
797 452 24 29 0.452545
649 543 24 29 0.431576
811 283 27 32 0.420815
661 426 33 37 0.404345
629 448 24 25 0.397837
189 316 52 72 0.388659
771 397 22 27 0.383047
140 317 53 77 0.361377
756 315 40 55 0.351933
823 352 19 27 0.340719
837 225 52 61 0.323791
510 441 18 21 0.28001
721 213 22 31 0.266901
779 394 18 23 0.266869
-3 148 33 36 0.2503
776 443 30 36 0.24041
717 357 24 33 0.232214
784 313 25 29 0.230799
801 39 51 64 0.229639
769 360 21 26 0.229092
720 514 23 26 0.226614
677 329 39 50 0.209734
266 281 38 53 0.20114
572 530 31 37 0.190184
825 409 23 29 0.186933
88 390 45 54 0.179052
819 226 28 28 0.176709
784 69 21 26 0.173683
802 439 16 20 0.164644
808 521 23 26 0.162277
857 296 32 35 0.160365
797 347 24 33 0.157834
716 370 22 32 0.156909
230 445 40 44 0.134443
806 475 26 32 0.13252
169 354 35 47 0.131257
859 411 29 37 0.130285
317 520 30 37 0.116456
707 406 37 48 0.109415
651 18 129 162 0.107104
811 261 37 39 0.106435
813 308 27 36 0.10617
211 305 59 83 0.105261
774 524 23 26 0.102545
