motion/motion_00833
50
298 170 32 38 0.999552
337 166 28 34 0.997094
812 121 38 52 0.996063
643 99 28 42 0.987286
383 200 35 49 0.983514
676 134 34 41 0.95463
21 137 54 69 0.930222
520 140 42 52 0.920355
455 1 22 31 0.748438
846 130 21 26 0.706656
508 141 22 28 0.706178
961 63 53 73 0.651927
532 152 40 47 0.615923
332 149 25 29 0.590436
392 365 23 31 0.546367
35 387 40 51 0.521593
326 405 25 34 0.521032
498 142 23 30 0.462357
349 349 54 70 0.458255
419 258 41 56 0.452763
351 224 58 77 0.446961
106 380 23 30 0.435844
317 401 22 26 0.433041
398 200 31 41 0.345282
984 541 26 34 0.310554
481 327 30 35 0.29407
563 163 21 26 0.287498
67 354 23 27 0.287197
612 182 30 30 0.280671
986 529 26 31 0.247128
922 500 70 85 0.232093
551 305 71 107 0.226013
740 342 24 34 0.20464
440 299 24 31 0.201931
636 265 64 77 0.199661
491 235 102 133 0.171695
424 316 38 46 0.170185
95 368 27 41 0.169101
325 80 18 23 0.165327
492 121 15 21 0.16233
502 157 44 57 0.161745
162 422 25 34 0.153186
323 113 18 23 0.145113
810 407 23 28 0.135822
603 187 16 18 0.127891
818 368 22 27 0.126951
994 154 30 32 0.118288
670 48 99 111 0.112647
387 404 57 65 0.107084
827 344 31 46 0.101335
