motion/motion_00878
58
576 129 28 38 0.999839
66 71 58 71 0.999825
448 126 48 61 0.998269
387 147 19 27 0.989274
218 150 39 50 0.981908
628 241 22 28 0.914734
487 170 40 47 0.861333
572 479 29 35 0.853469
256 198 22 25 0.714363
591 219 28 39 0.666326
503 396 41 60 0.652267
614 207 37 49 0.649683
203 150 33 45 0.589961
181 324 30 37 0.584644
366 176 26 35 0.554919
244 169 37 41 0.553913
320 137 16 24 0.548839
660 257 33 42 0.461488
14 377 40 54 0.429786
479 303 34 46 0.412934
40 489 66 85 0.388332
522 292 31 48 0.378519
586 170 22 33 0.373354
520 230 21 33 0.369424
332 210 22 32 0.356766
573 312 21 26 0.322487
337 176 30 40 0.31202
200 481 64 73 0.308611
192 240 44 65 0.306929
4 217 115 151 0.296029
361 186 23 32 0.295081
451 327 20 22 0.259054
681 165 17 24 0.252163
829 217 24 28 0.227189
606 506 39 45 0.220307
285 238 31 40 0.204128
304 284 38 50 0.200131
414 326 50 65 0.199264
162 353 63 88 0.19499
681 186 24 28 0.193985
0 151 30 34 0.191823
637 305 23 32 0.189774
568 303 20 26 0.189345
430 401 46 61 0.188524
403 374 56 79 0.187466
359 293 16 22 0.183098
678 206 31 39 0.174412
861 189 80 89 0.167928
207 1 22 27 0.151045
560 288 21 25 0.147623
288 84 21 26 0.14106
373 516 28 38 0.140936
637 203 22 29 0.122305
194 338 28 36 0.119658
613 321 28 31 0.11721
175 177 32 41 0.116524
573 506 35 39 0.110612
355 253 20 28 0.100635
