motion/motion_00816
41
121 78 123 172 0.999998
441 184 67 82 0.998789
734 226 46 56 0.934793
344 512 49 60 0.914219
155 221 102 118 0.835329
747 432 91 112 0.784003
107 15 107 126 0.740951
920 532 45 56 0.610958
683 33 39 44 0.570349
626 8 38 42 0.549653
640 294 44 54 0.52506
375 -5 45 54 0.488115
262 322 59 69 0.475481
570 263 55 74 0.475345
703 282 181 227 0.433196
18 97 53 61 0.424926
642 348 143 164 0.367345
738 479 77 98 0.357776
450 52 28 36 0.336432
579 390 71 83 0.329354
817 256 149 177 0.27543
570 421 68 84 0.256827
973 475 36 50 0.239927
172 361 25 29 0.228504
848 219 60 69 0.202934
808 90 32 39 0.193904
638 128 27 36 0.190768
769 40 36 44 0.186913
949 249 71 92 0.173959
506 175 110 142 0.165957
719 143 44 55 0.139545
416 1 34 50 0.135765
109 358 45 54 0.133099
722 63 45 52 0.132968
347 237 78 88 0.12527
280 303 49 61 0.11742
338 366 34 43 0.112597
766 179 27 32 0.111643
513 29 30 33 0.109348
895 158 103 116 0.106714
725 92 39 49 0.105575
