motion/motion_00828
33
567 179 61 71 0.999918
78 177 57 72 0.999907
814 183 56 73 0.999283
649 52 164 211 0.891136
196 218 64 82 0.775593
95 165 44 49 0.773597
295 181 40 55 0.706926
228 174 72 92 0.610754
892 497 54 70 0.575751
107 451 97 118 0.552349
785 250 112 150 0.463613
26 188 33 40 0.45558
763 494 55 69 0.42567
474 157 96 134 0.393152
880 505 53 68 0.360539
750 489 45 58 0.298687
193 261 66 89 0.294683
642 197 78 106 0.291422
558 406 83 94 0.288239
544 247 99 130 0.270283
60 224 84 111 0.267767
179 7 122 151 0.224208
127 66 111 157 0.214669
249 203 192 260 0.166714
170 417 118 152 0.162039
138 238 61 82 0.143273
793 504 38 46 0.141307
446 459 40 53 0.131685
452 428 45 65 0.119433
384 134 102 138 0.116943
669 379 79 112 0.113081
800 524 38 50 0.109427
673 169 96 145 0.108487
