motion/motion_00881
25
718 81 91 116 0.999848
773 114 54 61 0.808736
192 232 33 34 0.696741
487 554 134 182 0.666404
395 81 79 134 0.626236
757 208 41 48 0.536093
564 489 175 210 0.514854
88 117 50 66 0.492471
882 557 45 60 0.468787
312 174 34 42 0.415394
888 395 34 41 0.402461
524 547 141 174 0.396243
172 76 83 97 0.392585
660 305 116 146 0.361098
162 13 28 38 0.252146
29 575 67 95 0.247416
127 66 39 52 0.246743
892 535 34 42 0.185639
37 160 100 139 0.185637
124 558 24 31 0.179657
783 199 112 141 0.161472
650 184 57 62 0.160372
282 110 29 43 0.137354
687 70 93 116 0.11991
665 49 45 51 0.118434
