motion/motion_00879
31
443 154 65 86 0.993955
414 89 23 25 0.684119
429 86 35 38 0.600695
530 85 30 38 0.593318
565 465 35 39 0.577541
398 2 23 28 0.495006
454 11 33 47 0.48796
507 110 48 67 0.474985
837 188 31 44 0.451622
431 354 30 35 0.397751
335 182 21 24 0.376155
396 373 58 72 0.337815
385 298 57 64 0.323202
753 4 21 28 0.305879
584 218 93 136 0.29483
304 202 40 57 0.274845
483 6 41 56 0.269138
426 -1 31 36 0.222935
828 184 24 30 0.208462
315 379 44 53 0.192553
506 86 30 32 0.173953
407 164 27 39 0.168507
447 310 20 22 0.152687
190 441 35 44 0.141223
324 117 30 43 0.131009
420 221 33 39 0.130019
325 -3 37 45 0.123124
400 154 28 37 0.120269
769 -1 18 24 0.112984
543 400 23 25 0.112624
497 92 19 26 0.112517
