motion/motion_00851
28
375 160 194 234 0.677886
841 171 37 47 0.521903
338 277 44 57 0.515591
829 284 24 28 0.46557
429 372 82 103 0.446885
540 296 69 82 0.4315
929 160 27 30 0.416453
880 156 31 37 0.351146
352 406 44 55 0.34034
758 212 22 25 0.315236
831 160 36 42 0.287331
961 266 47 58 0.267277
779 226 23 28 0.263608
959 230 24 33 0.259277
904 291 44 49 0.258682
396 363 55 64 0.249277
347 299 41 46 0.215304
967 237 32 39 0.202968
954 214 26 34 0.200759
903 144 23 26 0.197171
814 283 24 32 0.179156
880 192 21 28 0.176457
0 213 32 33 0.16542
911 171 23 30 0.151351
846 293 26 32 0.147574
631 305 87 106 0.134135
506 397 32 42 0.119282
314 322 87 108 0.118717
