motion/motion_00871
26
435 69 105 146 0.679435
915 372 31 41 0.560498
891 441 40 49 0.4603
743 352 41 50 0.431294
655 61 35 48 0.377749
534 428 27 42 0.366189
915 345 39 49 0.363323
662 436 24 32 0.351738
973 58 32 46 0.337144
964 234 50 72 0.337006
737 329 35 50 0.29686
967 104 27 36 0.232513
659 484 33 50 0.21764
250 319 25 34 0.213619
532 38 76 94 0.188451
641 167 20 27 0.184438
755 330 28 37 0.175301
869 515 26 32 0.15182
445 549 23 28 0.150687
766 453 22 28 0.141126
521 38 33 39 0.140561
927 218 26 31 0.120985
972 24 34 50 0.120698
727 441 28 31 0.119452
296 233 162 213 0.110451
860 517 26 31 0.107586
