motion/motion_00875
83
650 202 55 69 0.999653
917 171 78 90 0.999626
271 104 130 174 0.998601
605 245 28 34 0.997671
492 222 44 56 0.9957
40 135 73 105 0.995328
870 229 47 54 0.994506
754 260 27 31 0.980478
707 238 37 45 0.85872
264 376 67 82 0.792839
851 285 48 52 0.791655
665 343 50 59 0.775089
555 377 33 40 0.752008
209 257 30 38 0.724819
941 151 53 61 0.705219
650 360 30 38 0.693871
265 269 18 23 0.6869
647 465 85 104 0.616904
3 234 39 49 0.616789
474 262 34 40 0.605004
961 444 45 54 0.588145
158 484 43 50 0.568176
735 415 63 93 0.546124
725 282 43 52 0.545688
56 281 28 33 0.505932
841 422 39 56 0.504536
937 393 36 42 0.486394
628 283 45 49 0.480382
920 343 30 36 0.479357
217 487 42 54 0.431491
59 271 31 36 0.411228
290 271 19 23 0.367535
613 392 26 33 0.326557
194 260 28 33 0.324432
772 219 15 18 0.322469
893 459 39 50 0.319246
67 374 43 50 0.316733
765 383 28 35 0.292007
718 84 49 50 0.283927
44 236 36 43 0.271267
758 175 20 28 0.266854
788 300 25 34 0.258085
564 312 30 35 0.253906
137 155 40 49 0.245487
430 246 27 33 0.219297
256 293 24 30 0.211032
103 166 48 56 0.209597
899 380 40 50 0.208171
244 305 51 60 0.207473
732 380 38 49 0.206357
936 239 44 50 0.194826
844 410 28 33 0.185672
349 486 43 49 0.183083
919 277 42 53 0.16099
17 308 53 66 0.15857
0 364 32 39 0.157735
217 369 28 33 0.15675
1 459 69 90 0.156387
747 337 29 36 0.155126
56 113 26 32 0.153005
223 397 32 42 0.151835
1 279 24 29 0.150503
124 363 39 53 0.148711
923 361 32 39 0.148607
408 270 51 62 0.148089
333 465 24 27 0.142154
591 283 27 31 0.139031
963 463 56 70 0.133435
656 285 25 32 0.129683
824 349 28 35 0.125031
336 517 33 42 0.125013
137 328 31 38 0.121959
519 415 29 35 0.121943
247 441 26 32 0.121107
391 501 40 47 0.11983
464 265 28 34 0.119146
552 342 26 34 0.117005
182 395 61 72 0.116685
410 154 38 46 0.116063
792 190 24 30 0.112334
741 350 29 35 0.110562
269 62 88 119 0.109134
523 241 37 48 0.103815
