motion/motion_00859
78
784 102 99 145 0.929817
650 259 28 37 0.901036
118 146 33 40 0.872783
586 185 33 41 0.810562
671 288 30 34 0.756219
147 187 53 70 0.711322
635 465 50 67 0.708012
818 353 31 45 0.701198
646 252 23 28 0.700951
798 417 35 40 0.667514
970 409 54 73 0.63213
33 108 39 43 0.591872
725 405 72 101 0.589963
507 221 21 30 0.572764
70 304 75 85 0.518446
543 436 84 124 0.499509
138 333 45 64 0.48993
764 368 44 49 0.486884
141 322 21 29 0.455368
91 105 47 57 0.450923
54 120 37 40 0.436057
49 386 23 26 0.431891
117 429 31 42 0.428498
109 520 36 45 0.418564
108 145 31 38 0.389789
749 375 30 33 0.387117
226 301 55 55 0.380403
582 291 30 34 0.377189
95 231 35 45 0.365096
932 252 59 67 0.358988
59 252 81 103 0.357248
719 156 27 30 0.356492
831 258 38 48 0.353451
835 344 26 31 0.341094
443 273 48 53 0.333408
290 351 49 59 0.319614
130 347 46 66 0.311548
958 496 40 49 0.303054
22 337 25 29 0.280893
89 164 20 25 0.277357
989 490 34 53 0.269594
147 301 15 20 0.267506
497 268 22 31 0.267342
624 371 70 98 0.26693
159 306 81 106 0.262556
868 461 48 73 0.244102
100 378 39 43 0.228745
954 464 39 45 0.223609
389 258 23 32 0.213855
951 180 24 28 0.201416
817 376 42 48 0.186981
67 89 44 52 0.16787
39 500 47 56 0.166214
613 322 38 40 0.16607
231 269 21 29 0.162962
82 548 36 40 0.162297
97 433 35 47 0.159917
321 283 29 34 0.157619
662 199 25 36 0.153789
193 272 30 34 0.145734
649 305 32 35 0.135738
177 223 30 41 0.13444
814 410 42 47 0.134066
727 66 14 19 0.129829
447 260 30 38 0.128049
74 406 26 29 0.125106
288 284 36 37 0.124799
76 433 30 35 0.116638
605 283 16 26 0.113685
57 379 35 39 0.110205
5 132 27 32 0.109243
698 369 69 84 0.107861
6 211 31 43 0.106584
625 318 53 63 0.104752
88 413 26 29 0.103747
30 296 37 43 0.103085
802 395 46 52 0.100865
469 241 22 29 0.100576
