motion/motion_00398
30
569 210 27 35 0.986475
485 179 27 34 0.98112
532 371 72 91 0.86648
834 247 90 97 0.830865
547 485 25 29 0.757727
198 4 226 266 0.742659
730 298 51 61 0.597519
505 328 31 35 0.517932
519 246 24 31 0.466755
425 327 27 31 0.412555
521 184 30 35 0.363901
766 160 92 110 0.359779
525 286 91 110 0.345433
876 414 41 48 0.344906
692 449 28 30 0.327428
483 402 58 71 0.323814
618 312 35 38 0.289528
460 315 28 34 0.254646
499 343 25 28 0.242713
429 381 21 24 0.22183
783 255 29 34 0.211024
770 270 49 55 0.209786
453 497 22 30 0.204754
637 227 32 36 0.204178
958 391 36 43 0.190266
598 519 22 24 0.1843
406 325 28 33 0.138974
41 107 167 189 0.133459
851 401 44 54 0.10774
437 446 30 37 0.100253
