motion/motion_00880
42
383 230 114 151 1
872 269 79 94 1
909 442 90 120 0.999998
499 184 77 100 0.999988
620 221 23 27 0.999985
61 217 95 118 0.999979
273 245 24 30 0.999714
988 280 45 76 0.99603
327 373 41 40 0.678411
272 258 50 67 0.581094
326 385 41 52 0.442129
295 421 25 28 0.408416
821 364 34 39 0.388144
973 245 26 31 0.369155
941 348 21 25 0.349299
945 339 21 27 0.322888
91 538 31 40 0.318276
206 337 37 45 0.29747
849 329 23 38 0.293248
527 339 44 47 0.26571
673 158 25 30 0.248001
870 419 66 78 0.226636
106 199 54 62 0.225444
396 195 90 108 0.219611
564 202 32 47 0.2175
862 360 83 87 0.205956
799 250 17 21 0.202747
873 524 38 47 0.196843
126 246 51 62 0.190525
557 339 23 34 0.18365
330 241 28 38 0.17457
966 222 37 42 0.145515
271 355 22 25 0.134736
372 209 57 74 0.126662
152 207 19 27 0.120853
28 301 24 33 0.119039
20 326 28 35 0.11874
751 224 22 28 0.111347
579 178 47 82 0.106997
247 299 18 23 0.106336
254 442 39 48 0.103584
806 325 38 51 0.103097
