motion/motion_00868
32
635 405 141 163 0.968568
736 410 65 80 0.666478
745 440 67 85 0.628648
942 171 29 36 0.599916
860 70 37 52 0.5655
913 38 28 33 0.513492
736 185 26 33 0.494102
977 40 29 34 0.388526
706 161 34 40 0.380974
814 89 52 62 0.303554
976 170 28 35 0.2879
919 205 31 38 0.235188
950 138 36 42 0.20876
807 132 30 39 0.200668
653 74 22 29 0.196275
503 478 26 31 0.189819
751 206 34 43 0.185429
657 211 40 45 0.184507
887 210 31 37 0.181915
690 106 35 43 0.168887
847 25 57 71 0.16198
764 47 56 64 0.154822
583 395 56 74 0.142557
797 167 24 31 0.142451
123 225 73 82 0.142156
725 54 42 49 0.131461
215 103 31 36 0.131101
127 267 53 69 0.125245
732 135 30 36 0.123319
181 195 64 72 0.117053
890 167 43 49 0.102255
618 312 32 39 0.101332
