motion/motion_00807
29
187 52 114 183 0.999997
979 280 25 28 0.999997
766 224 73 84 0.999874
31 161 67 73 0.97719
849 455 30 36 0.716974
897 479 65 79 0.683055
631 447 41 56 0.633787
631 431 39 47 0.529776
20 172 34 42 0.512413
724 334 52 62 0.420537
683 300 53 60 0.417454
629 410 40 55 0.411509
745 422 38 48 0.395724
886 220 23 27 0.3632
144 91 53 62 0.362609
637 399 36 49 0.357326
712 233 26 31 0.299306
947 448 29 34 0.262987
902 423 25 31 0.259935
670 400 50 56 0.207612
803 354 52 60 0.198622
629 283 28 33 0.196117
293 125 22 32 0.169733
782 499 27 32 0.154218
307 430 58 71 0.133569
724 259 24 28 0.128635
744 453 50 62 0.128237
227 428 30 39 0.111607
911 423 53 68 0.10728
