motion/motion_00883
31
222 466 28 31 0.851278
825 418 35 43 0.767769
824 517 48 54 0.659113
146 164 46 52 0.457494
961 531 32 36 0.432293
475 423 37 44 0.429459
546 444 26 34 0.418261
559 539 37 43 0.376251
386 256 35 45 0.338739
58 459 40 41 0.337523
352 432 22 30 0.311584
918 531 39 42 0.279999
981 387 29 36 0.276611
120 538 26 33 0.270429
939 365 34 46 0.238357
327 199 36 46 0.236055
885 505 24 29 0.223407
679 519 31 43 0.210187
257 535 23 32 0.198242
214 392 40 52 0.180838
469 352 23 32 0.178193
13 357 39 48 0.174681
258 495 47 55 0.168594
893 425 26 32 0.158375
324 328 51 70 0.138992
791 436 26 33 0.132826
714 2 56 69 0.131558
729 469 27 30 0.106289
262 412 24 32 0.105133
529 70 72 84 0.10502
386 227 32 42 0.100924
