motion/motion_00160
27
568 173 63 79 0.998982
736 367 18 24 0.997452
549 264 76 96 0.920945
391 293 43 53 0.633271
163 257 44 54 0.588414
336 422 39 59 0.454591
212 326 47 61 0.396256
409 267 31 41 0.389265
686 375 64 84 0.325627
193 311 46 56 0.261327
707 397 60 76 0.257936
748 490 131 182 0.236857
442 325 45 55 0.220503
365 337 31 36 0.19114
574 251 63 81 0.183266
409 357 35 43 0.173167
734 549 31 46 0.172764
618 453 51 62 0.172622
447 282 36 42 0.167881
278 455 90 130 0.166619
422 296 27 36 0.160276
373 374 31 36 0.153496
632 297 33 40 0.136847
328 386 27 36 0.133489
494 254 37 45 0.125397
251 477 30 37 0.110526
433 371 26 31 0.109924
