motion/motion_00870
22
103 210 40 54 0.998127
675 158 27 32 0.800918
368 129 24 34 0.510349
137 167 40 49 0.506194
52 448 39 47 0.416956
563 204 25 33 0.381397
99 7 60 68 0.348956
172 172 36 42 0.34026
318 140 29 35 0.318711
867 123 28 36 0.299005
694 113 59 68 0.29562
748 123 35 41 0.27953
108 143 42 56 0.228231
444 123 28 40 0.221559
93 296 28 35 0.190837
562 130 39 46 0.172191
469 210 23 29 0.134651
177 317 24 31 0.134376
174 144 36 47 0.119287
467 308 18 23 0.11399
126 312 24 30 0.10735
782 102 46 59 0.101626
