motion/motion_00399
142
4 369 39 56 0.999699
979 332 41 57 0.99839
634 390 108 149 0.989435
87 294 49 68 0.982127
428 338 56 81 0.9688
751 314 52 58 0.942401
577 586 31 34 0.870146
248 486 34 43 0.846838
420 630 44 55 0.829198
788 327 30 40 0.78725
540 206 29 38 0.734407
354 334 24 29 0.713113
252 437 36 50 0.668797
382 227 27 38 0.666962
715 81 33 41 0.663262
815 201 28 39 0.658127
473 16 57 73 0.647234
860 136 24 30 0.634148
661 78 29 36 0.603845
825 142 33 36 0.599953
3 392 41 56 0.594228
122 323 51 58 0.545019
279 468 30 38 0.544488
692 206 29 39 0.518628
569 467 29 41 0.493215
826 450 26 36 0.488265
513 85 27 37 0.483592
442 87 28 38 0.482847
54 317 68 95 0.4807
403 204 33 43 0.473584
639 326 33 43 0.467553
50 626 36 47 0.465295
871 388 22 32 0.45107
413 355 25 32 0.439672
458 -1 62 75 0.433147
626 334 34 39 0.42719
45 579 44 60 0.4266
263 576 22 25 0.425318
641 84 28 33 0.422756
392 123 22 31 0.412901
116 394 58 73 0.410326
787 350 39 54 0.405815
267 334 24 31 0.389206
416 120 25 33 0.386681
401 241 24 33 0.37737
576 532 18 30 0.369171
406 40 49 57 0.359323
712 166 24 37 0.346152
3 232 23 29 0.344855
727 221 26 36 0.344745
773 10 15 21 0.334829
277 253 19 26 0.330211
311 375 21 27 0.326918
560 465 30 38 0.317192
546 -4 56 57 0.312982
317 226 25 36 0.305438
936 325 40 51 0.304373
-2 307 27 40 0.299871
340 128 21 27 0.294323
923 55 25 29 0.293756
989 623 20 23 0.287487
440 406 31 32 0.278152
391 209 27 34 0.272929
310 131 26 35 0.267144
391 46 40 47 0.266041
793 202 36 49 0.265859
365 429 21 27 0.265128
566 397 20 28 0.260154
230 253 20 26 0.258844
424 90 25 35 0.2548
378 131 24 34 0.249579
308 483 24 35 0.248284
333 531 73 94 0.244917
91 502 30 39 0.244386
638 5 56 70 0.238274
637 364 34 42 0.235111
606 339 25 34 0.234184
760 379 80 107 0.233993
690 79 28 42 0.232269
792 126 21 26 0.231659
682 259 33 50 0.231282
825 505 26 33 0.225774
772 467 47 57 0.222958
252 386 36 56 0.219023
820 260 21 31 0.210429
582 330 24 34 0.209027
892 371 19 26 0.20656
572 493 23 33 0.203582
608 203 36 48 0.202628
255 251 19 26 0.201461
583 404 24 36 0.19887
887 568 27 39 0.193606
551 459 28 35 0.188877
434 429 26 32 0.188235
945 620 53 63 0.185847
613 83 29 36 0.185729
621 -5 59 68 0.185224
767 82 28 37 0.181228
325 331 35 40 0.17918
982 645 24 31 0.176171
342 88 24 27 0.175688
222 313 54 78 0.175555
300 212 23 30 0.173082
819 6 27 37 0.169956
600 202 24 28 0.169865
325 13 36 47 0.167168
866 364 22 30 0.165468
255 148 23 30 0.165003
156 291 27 31 0.162846
359 92 31 42 0.160691
143 286 26 31 0.158793
387 371 42 50 0.156325
624 82 35 44 0.155066
296 92 25 33 0.151309
888 317 27 30 0.15038
956 561 63 74 0.148122
227 90 30 36 0.143246
54 596 42 54 0.142511
687 280 31 49 0.141294
486 481 26 38 0.140962
462 453 27 36 0.137935
468 129 22 27 0.13704
586 204 27 34 0.131182
294 509 32 45 0.127267
413 565 23 26 0.123937
627 274 30 52 0.123264
548 548 27 40 0.122963
781 8 21 32 0.122684
311 452 23 30 0.122565
468 346 26 33 0.116794
753 80 31 41 0.10942
711 231 39 53 0.109111
205 309 45 58 0.106701
697 329 23 25 0.106686
568 205 29 37 0.106153
314 210 23 28 0.104545
614 258 28 40 0.103772
371 91 31 41 0.102365
255 502 31 42 0.102327
937 512 63 73 0.101493
0 146 35 45 0.101214
-4 267 29 46 0.100088
