motion/motion_00802
37
395 110 40 50 0.999802
949 38 41 56 0.998874
548 279 27 37 0.979543
338 176 40 61 0.714191
498 61 48 64 0.661044
325 286 89 115 0.656329
547 237 45 62 0.651481
441 287 80 95 0.625044
420 195 63 86 0.623107
837 197 20 24 0.591658
364 152 41 46 0.574077
680 428 32 45 0.560655
517 206 62 83 0.498182
923 253 85 119 0.488107
752 181 76 82 0.436365
326 49 26 31 0.432195
616 364 29 36 0.419201
445 147 38 43 0.382128
590 209 73 101 0.376879
302 295 40 52 0.361706
685 167 49 56 0.281276
344 49 16 20 0.277828
688 231 28 36 0.267005
661 178 29 35 0.237236
381 40 35 39 0.206762
466 140 46 58 0.201962
619 193 25 29 0.198269
562 442 69 92 0.186218
436 35 50 59 0.180188
705 166 42 55 0.176742
399 381 95 121 0.173307
729 235 32 44 0.162397
377 200 30 39 0.161158
392 266 85 97 0.158876
522 170 50 76 0.156503
679 398 24 30 0.131935
494 141 28 35 0.11517
