motion/motion_00775
71
269 212 73 101 0.99985
391 189 96 146 0.999838
575 84 190 243 0.999636
895 224 68 83 0.998941
527 237 54 71 0.988078
333 36 23 27 0.766996
714 246 107 138 0.730614
168 3 96 124 0.677366
853 373 37 54 0.671992
-2 294 22 26 0.601783
338 316 28 37 0.581353
601 266 113 124 0.53519
838 308 47 66 0.529486
246 248 23 27 0.500983
116 35 47 60 0.451404
249 195 27 29 0.448485
842 269 29 34 0.438435
268 48 29 37 0.435201
28 123 39 53 0.435122
258 125 51 72 0.416737
60 6 36 42 0.411769
286 114 31 39 0.407166
913 384 60 81 0.404885
178 352 54 73 0.402415
310 5 35 43 0.398518
949 396 48 57 0.398341
280 511 29 34 0.39578
69 29 39 47 0.39577
69 -1 37 45 0.381875
293 34 34 44 0.343916
56 66 30 35 0.330964
462 57 25 29 0.316437
531 275 74 95 0.301485
330 192 25 36 0.2984
547 152 73 88 0.28651
494 97 22 28 0.284209
909 502 37 47 0.282192
335 233 35 45 0.281872
5 399 35 45 0.280587
857 168 71 75 0.275888
49 190 45 58 0.262585
512 259 35 50 0.260173
376 -8 42 48 0.244359
31 218 73 90 0.225991
153 58 43 55 0.222739
862 317 41 50 0.221265
867 305 27 34 0.219236
109 77 47 54 0.218791
391 366 55 70 0.214394
534 330 162 204 0.213252
47 350 43 54 0.203278
502 187 36 56 0.200313
247 153 27 36 0.195669
424 17 26 34 0.184918
416 173 43 47 0.172471
2 427 21 29 0.169864
28 31 31 42 0.161836
862 244 36 44 0.157565
889 437 37 46 0.154403
603 20 97 112 0.14949
501 68 29 37 0.138397
106 109 40 47 0.133329
376 37 27 32 0.132368
757 412 29 39 0.130157
814 223 46 66 0.125176
933 311 29 34 0.124798
922 360 45 51 0.124091
2 -1 49 57 0.116537
431 50 28 33 0.114719
868 527 38 46 0.102948
439 124 33 39 0.10184
