motion/motion_00836
57
386 88 64 82 0.999993
664 137 29 37 0.996201
567 161 43 58 0.937826
474 247 32 35 0.877387
151 158 33 40 0.844532
149 363 29 37 0.805022
640 293 27 34 0.767907
149 379 33 42 0.706714
477 215 44 53 0.681924
56 165 71 89 0.661813
115 171 29 34 0.631486
610 190 44 61 0.59501
148 275 92 108 0.554387
603 149 37 47 0.553478
467 272 50 62 0.530439
517 179 37 40 0.523425
186 269 78 106 0.521879
115 215 42 54 0.513196
345 324 85 97 0.481418
-3 163 39 46 0.474788
508 272 36 47 0.42465
623 171 33 38 0.398349
323 489 28 35 0.394644
477 344 49 64 0.390507
471 197 30 33 0.385315
620 138 36 45 0.371619
374 98 32 40 0.358249
440 395 27 34 0.354235
21 178 26 33 0.323656
622 255 38 44 0.32087
583 302 41 47 0.313782
55 431 45 52 0.301582
303 497 43 48 0.276833
154 140 29 33 0.256157
461 197 30 35 0.242191
336 148 21 25 0.196135
117 337 45 54 0.193455
525 367 32 35 0.192403
119 191 28 36 0.190626
550 331 34 51 0.187916
517 213 27 38 0.187467
495 358 47 56 0.18615
599 327 28 32 0.178128
567 276 36 54 0.156957
68 311 65 78 0.152366
536 238 23 30 0.151201
116 464 84 99 0.147661
439 160 40 46 0.128431
600 394 39 51 0.122406
517 446 29 37 0.120866
141 158 28 37 0.114549
626 286 31 40 0.109655
553 139 46 63 0.108596
471 496 35 44 0.107835
647 168 28 38 0.101834
537 289 24 29 0.101673
281 425 31 35 0.100303
