motion/motion_00849
49
694 55 166 217 0.999996
31 64 93 106 0.999772
244 67 22 31 0.932538
309 103 16 18 0.929508
474 60 25 42 0.888973
232 71 17 23 0.888759
600 70 21 28 0.824871
9 82 20 27 0.74326
57 203 38 42 0.743201
960 117 27 33 0.679155
482 294 127 166 0.672852
266 275 97 120 0.671281
199 42 38 49 0.651893
965 89 36 39 0.587132
894 377 33 40 0.561594
178 42 35 50 0.54702
668 200 72 84 0.537767
157 115 125 152 0.492362
921 463 55 62 0.471415
384 328 35 45 0.444064
388 435 84 101 0.437044
276 134 31 38 0.42494
908 288 33 42 0.406455
160 232 63 76 0.382076
336 414 63 71 0.380551
637 282 43 57 0.339057
850 101 22 25 0.323782
362 59 23 33 0.297382
863 103 32 38 0.296244
950 16 25 34 0.295451
337 173 21 25 0.292774
485 60 39 42 0.268132
810 297 41 52 0.251306
783 238 53 64 0.238578
568 228 61 69 0.238033
357 249 50 70 0.227835
611 216 41 45 0.227518
283 394 31 36 0.225718
553 287 79 120 0.221351
467 247 35 42 0.214888
909 76 21 26 0.205397
344 81 23 36 0.176449
653 219 47 52 0.17211
454 213 27 37 0.162597
941 24 23 32 0.15965
934 81 23 25 0.150068
180 421 23 25 0.141312
143 54 44 53 0.135349
564 79 96 134 0.112909
