motion/motion_00863
33
960 264 41 46 0.989473
217 156 60 77 0.755373
496 234 22 31 0.526726
47 221 24 29 0.512792
789 135 56 69 0.50928
657 247 40 45 0.488558
406 228 23 32 0.448645
943 173 22 26 0.42219
429 221 28 39 0.39983
949 202 35 39 0.373252
533 225 17 22 0.37292
659 155 45 49 0.368986
868 335 54 58 0.35949
896 202 46 55 0.309454
133 138 36 52 0.286667
949 225 33 40 0.272945
727 221 22 28 0.260285
4 234 19 25 0.251001
929 132 16 19 0.232291
100 236 18 23 0.22312
875 219 23 30 0.220849
751 231 31 35 0.180568
800 298 51 58 0.173522
611 249 20 22 0.161992
157 146 29 36 0.156538
599 195 29 32 0.155531
181 220 42 56 0.143184
613 215 23 30 0.13409
552 230 19 31 0.129317
17 168 55 69 0.124923
642 195 24 30 0.121352
909 255 15 20 0.119189
372 220 23 31 0.113185
