motion/motion_00789
53
527 141 65 82 0.999988
104 266 46 54 0.999962
847 263 44 50 0.918237
645 407 39 49 0.841232
145 493 29 33 0.823483
875 437 57 69 0.743277
876 270 24 32 0.704062
152 330 33 41 0.686649
102 87 50 67 0.65944
816 359 82 101 0.600509
519 436 29 37 0.56442
640 325 42 50 0.554316
175 122 31 33 0.535775
29 397 35 49 0.531873
795 486 62 82 0.530819
629 284 35 51 0.527547
669 378 17 22 0.488829
791 360 33 47 0.449829
83 369 35 40 0.437871
73 418 44 52 0.436261
521 248 33 43 0.436205
195 390 24 34 0.416279
512 354 58 77 0.415233
723 150 33 39 0.408097
450 507 29 34 0.402805
184 419 34 44 0.398627
202 505 24 30 0.396267
807 466 61 77 0.379204
606 477 43 51 0.361558
372 347 29 38 0.354015
261 -4 50 59 0.336037
408 378 27 33 0.331675
900 301 37 46 0.32057
195 535 24 34 0.242375
451 379 30 35 0.237091
162 62 43 53 0.236386
46 446 29 37 0.234456
870 328 36 45 0.227604
97 188 38 48 0.213095
944 345 42 57 0.201922
865 465 62 81 0.180709
791 469 44 61 0.175468
138 366 37 44 0.175431
648 389 39 47 0.174188
386 317 38 44 0.157526
904 323 51 67 0.156136
521 331 51 65 0.143802
605 348 26 31 0.134578
109 369 26 31 0.125054
171 46 29 36 0.118979
149 357 27 33 0.118491
479 331 27 36 0.113664
938 435 28 33 0.109503
