motion/motion_00818
31
731 33 90 109 0.999836
631 -27 70 89 0.991147
396 44 98 132 0.985967
460 177 98 120 0.913077
45 385 34 38 0.865558
510 229 173 188 0.852481
909 97 30 38 0.818327
427 342 38 49 0.581583
861 222 52 63 0.516941
739 335 34 40 0.448642
850 211 40 49 0.439244
808 286 186 234 0.402843
872 130 27 34 0.263224
367 39 102 125 0.261912
812 195 30 38 0.257012
549 385 52 73 0.210148
974 266 28 35 0.196637
475 281 86 104 0.192903
412 73 143 177 0.173234
755 85 82 94 0.172664
101 522 34 36 0.163548
165 403 35 43 0.159304
219 71 45 55 0.146024
808 32 55 71 0.140742
384 347 49 68 0.139556
596 199 56 60 0.136598
364 349 50 64 0.135089
873 183 33 40 0.129054
701 325 42 53 0.127561
627 527 38 46 0.11219
932 144 29 38 0.103847
