motion/motion_00888
38
432 138 89 128 0.812833
56 100 27 32 0.651078
486 50 113 162 0.594201
663 56 42 54 0.563914
405 43 43 55 0.55746
838 121 34 38 0.508695
619 161 68 80 0.469464
928 70 28 32 0.433935
787 63 31 36 0.324927
871 342 35 46 0.3164
964 95 36 41 0.314409
628 344 41 51 0.314211
865 63 37 45 0.277614
762 255 43 51 0.271191
696 312 43 52 0.257214
600 367 30 36 0.219643
95 4 24 32 0.218881
809 119 26 36 0.213715
353 -12 55 64 0.210489
711 8 21 31 0.207425
598 379 42 51 0.190103
674 284 22 26 0.188659
42 77 30 36 0.178122
741 42 44 46 0.17325
473 241 56 82 0.167437
830 258 27 34 0.161074
152 -8 37 50 0.153176
969 49 35 41 0.151574
400 167 22 32 0.147608
641 289 41 49 0.142834
759 242 26 32 0.139362
590 234 57 70 0.136388
651 272 23 28 0.132836
717 106 22 27 0.118451
653 250 18 25 0.117293
313 414 86 127 0.105236
78 68 22 29 0.103064
696 291 27 30 0.100613
