motion/motion_00817
87
709 153 35 40 0.999929
894 118 37 40 0.999924
455 134 32 38 0.999754
68 186 28 31 0.995955
121 209 22 27 0.975902
207 176 31 34 0.951653
307 215 26 30 0.903885
551 214 20 27 0.89337
173 109 37 41 0.870944
414 329 28 38 0.850109
470 424 28 34 0.751645
88 388 33 40 0.726494
938 182 27 29 0.689266
316 240 36 42 0.688272
197 112 25 31 0.661247
682 366 40 51 0.657795
779 183 29 30 0.612388
646 250 51 57 0.585153
273 211 41 44 0.571351
602 212 50 58 0.542703
346 229 38 47 0.52115
146 231 27 35 0.516254
151 201 29 36 0.495621
651 303 35 41 0.451458
785 241 22 28 0.417805
909 203 20 27 0.403923
828 267 43 49 0.401748
114 409 27 31 0.401228
627 188 44 52 0.388854
640 445 28 37 0.378638
349 203 51 58 0.367741
980 226 29 33 0.358562
77 216 24 29 0.349041
956 175 30 37 0.34469
828 214 30 36 0.339031
126 197 28 34 0.332232
920 290 87 126 0.328574
-1 172 36 43 0.314669
126 304 29 38 0.295654
668 182 33 38 0.283789
985 209 36 42 0.280394
574 212 39 44 0.272633
90 323 26 30 0.271196
677 446 43 53 0.269161
823 406 51 64 0.267746
164 260 23 27 0.260641
22 196 59 69 0.247078
493 326 37 51 0.244857
36 398 29 33 0.233719
82 104 24 33 0.230759
95 221 16 20 0.22436
636 396 47 59 0.222939
687 406 41 48 0.222123
851 143 61 73 0.222028
77 350 36 45 0.221708
310 279 102 123 0.220795
405 165 57 70 0.219615
121 219 30 37 0.216957
961 251 29 37 0.213515
788 457 26 39 0.203398
84 145 18 23 0.192001
827 249 35 47 0.190542
160 116 30 37 0.185886
795 202 49 57 0.185052
157 334 28 34 0.181934
834 304 37 50 0.179645
654 378 48 58 0.173853
251 187 21 26 0.169369
793 149 35 43 0.167451
371 225 38 48 0.165737
958 412 24 31 0.162802
195 187 26 30 0.1621
145 280 38 50 0.155519
869 109 44 50 0.140157
711 382 42 51 0.132859
199 405 27 30 0.124132
839 222 36 48 0.124032
721 471 32 39 0.121828
593 203 43 49 0.121636
73 257 29 39 0.120074
747 315 40 59 0.119153
920 173 29 35 0.116436
386 236 56 84 0.115772
93 335 31 40 0.113879
733 424 38 47 0.107271
115 314 31 38 0.101522
768 238 23 35 0.100098
