motion/motion_00796
48
499 484 61 80 0.989945
538 43 47 58 0.986891
432 406 38 42 0.819404
328 42 58 68 0.71076
830 148 57 75 0.673239
768 196 44 55 0.591287
689 113 34 43 0.573519
420 430 37 40 0.546779
789 75 96 118 0.538024
246 152 105 158 0.490617
713 162 35 45 0.457684
849 472 66 86 0.426327
496 450 33 43 0.41751
423 522 43 50 0.410502
669 362 51 60 0.404033
663 480 65 91 0.401955
608 496 23 28 0.379774
470 47 62 69 0.362068
795 23 93 104 0.359496
736 138 46 57 0.350413
238 244 91 110 0.333804
756 317 84 109 0.326256
777 106 37 49 0.321662
575 444 35 49 0.296172
740 59 63 84 0.287021
642 482 64 87 0.278364
255 310 59 67 0.250868
480 423 35 41 0.245738
652 251 81 114 0.241436
160 353 100 118 0.227468
701 402 48 58 0.225348
721 427 69 92 0.22361
774 283 52 62 0.183848
83 261 59 83 0.17496
122 350 84 109 0.170062
936 171 38 46 0.169879
794 191 109 145 0.167521
367 526 59 73 0.157984
968 143 39 49 0.155999
472 381 59 71 0.150881
781 418 32 42 0.137792
261 97 32 41 0.137254
825 530 41 46 0.132378
668 73 33 38 0.125346
715 9 49 63 0.122093
651 80 29 37 0.119604
625 113 55 89 0.105811
959 23 53 65 0.100198
