motion/motion_00791
23
22 328 50 73 0.528982
78 376 32 40 0.495532
58 329 37 51 0.438942
68 382 22 29 0.435244
59 255 33 36 0.385764
339 423 16 20 0.342748
51 324 35 43 0.286307
55 229 41 46 0.271034
289 212 35 41 0.22789
75 8 17 21 0.210357
805 241 24 28 0.184939
615 321 19 30 0.160285
360 383 21 24 0.157146
806 208 17 21 0.149366
113 331 35 40 0.142268
709 103 22 29 0.128738
265 156 24 32 0.121615
76 221 26 32 0.119667
123 252 29 34 0.119005
727 131 22 25 0.116943
363 107 20 24 0.116096
622 419 22 30 0.106605
641 157 23 29 0.105637
