motion/motion_00795
66
758 257 13 17 0.999038
60 261 17 23 0.997639
252 244 16 22 0.997283
195 254 18 23 0.99674
279 242 19 23 0.99171
447 267 13 20 0.972745
297 323 26 33 0.886724
481 320 44 58 0.867406
255 409 34 45 0.866192
371 240 26 32 0.865648
873 364 46 67 0.862425
380 330 40 46 0.832969
750 303 24 30 0.8285
92 288 72 87 0.810244
424 307 26 36 0.763971
284 358 48 57 0.744402
529 234 27 37 0.722782
810 260 22 28 0.715119
523 268 26 37 0.696068
386 280 38 53 0.694558
850 192 119 150 0.639868
60 356 23 28 0.633763
381 367 63 76 0.61342
852 365 51 68 0.607784
192 447 41 47 0.598453
486 75 39 46 0.592957
810 442 70 89 0.523055
354 282 45 45 0.502904
439 276 35 46 0.473684
292 262 26 40 0.442972
893 368 72 95 0.430149
306 84 31 34 0.426391
925 155 40 57 0.422307
183 364 31 48 0.411112
336 277 33 46 0.408379
407 289 33 46 0.40261
27 298 42 48 0.363488
459 376 68 85 0.334658
225 289 45 61 0.332758
852 301 45 64 0.320833
368 374 37 42 0.304516
872 318 37 55 0.299502
936 135 34 42 0.283803
491 256 49 70 0.266763
379 71 48 54 0.263049
756 347 32 43 0.258951
243 410 33 41 0.245798
837 263 13 17 0.244006
336 84 23 26 0.241245
676 0 28 38 0.235849
838 390 36 45 0.232491
225 401 36 46 0.224823
453 328 23 29 0.209417
430 302 24 32 0.196859
169 471 29 36 0.192982
737 409 29 36 0.173569
480 294 46 63 0.161605
455 69 53 60 0.15549
454 210 69 76 0.147436
210 411 31 43 0.142716
782 273 23 27 0.133597
248 303 37 47 0.115711
355 72 19 24 0.111958
415 528 35 39 0.11175
84 317 19 23 0.109039
566 224 28 39 0.108132
