motion/motion_00811
36
979 101 31 37 0.99971
116 75 37 47 0.999695
454 210 17 21 0.999564
277 194 19 24 0.99911
630 109 25 32 0.998856
14 213 23 28 0.998791
222 196 19 23 0.994288
149 111 33 39 0.988613
382 211 19 23 0.951849
84 45 33 39 0.945977
501 278 22 23 0.839383
515 216 15 19 0.83812
602 100 30 37 0.665963
612 171 48 59 0.490622
13 42 42 50 0.402026
66 188 28 40 0.322186
180 108 58 62 0.316736
15 224 41 54 0.27874
967 361 39 45 0.248879
119 50 42 48 0.245174
945 155 23 30 0.236301
587 191 25 29 0.223036
279 282 33 37 0.222381
418 261 27 30 0.179944
512 124 24 28 0.174128
631 352 26 28 0.168265
218 290 26 28 0.162614
124 480 59 66 0.152133
562 215 53 76 0.148824
43 349 40 47 0.136417
703 -6 41 48 0.130715
233 176 39 49 0.1307
607 235 46 58 0.130492
505 225 33 37 0.119218
78 2 53 59 0.114578
679 3 30 35 0.110273
