motion/motion_00848
83
832 322 14 18 0.999923
416 247 13 18 0.999546
875 326 15 20 0.999475
163 304 13 17 0.993827
23 337 15 18 0.98805
341 259 13 18 0.980594
372 238 32 40 0.971438
733 274 13 19 0.952903
681 269 15 19 0.920136
500 291 13 15 0.868253
624 254 23 30 0.847043
395 256 24 31 0.789572
251 307 34 44 0.711636
441 311 37 45 0.696311
371 253 35 43 0.644886
705 353 34 42 0.635177
282 371 44 54 0.627683
67 354 26 36 0.61254
36 258 16 19 0.601659
399 145 25 31 0.597282
207 348 23 28 0.553973
370 -3 61 76 0.547394
466 252 28 35 0.539208
365 146 28 35 0.527107
88 304 29 41 0.522701
706 282 43 48 0.487424
305 290 12 17 0.46774
520 283 44 52 0.46526
307 350 22 28 0.464606
859 380 40 55 0.437665
151 324 26 35 0.437632
136 295 11 15 0.435165
572 271 45 61 0.416256
393 119 26 32 0.415774
317 351 24 32 0.402921
402 188 29 36 0.398223
163 346 38 40 0.393668
370 358 43 56 0.381571
379 122 26 34 0.381365
688 292 28 37 0.36593
352 372 36 45 0.344426
667 425 26 33 0.327373
389 225 29 35 0.32036
168 296 53 70 0.307227
335 101 29 39 0.302428
620 403 31 41 0.301227
35 291 52 78 0.29216
387 302 20 30 0.256122
844 339 31 42 0.25545
352 421 35 44 0.242729
432 281 23 28 0.225117
129 401 27 29 0.219953
694 312 30 43 0.217537
215 373 17 23 0.209325
50 284 53 80 0.196739
575 233 39 60 0.192246
472 287 29 36 0.181579
382 145 25 31 0.179394
384 115 25 31 0.179196
364 116 26 31 0.171805
368 163 26 35 0.166061
334 206 16 23 0.161608
402 294 35 48 0.160089
740 328 28 37 0.15338
40 360 37 47 0.150811
943 348 52 63 0.14984
532 254 34 48 0.148297
423 16 28 30 0.143358
803 356 22 33 0.140177
395 199 30 38 0.137133
476 309 18 24 0.129577
818 335 42 59 0.123916
398 211 35 42 0.122205
684 351 31 45 0.12083
391 324 25 34 0.117112
796 310 28 35 0.114603
751 316 29 35 0.1138
636 428 34 53 0.112098
420 365 40 48 0.111352
578 402 29 40 0.109359
416 434 15 20 0.108379
363 258 34 41 0.107826
343 333 23 33 0.101995
