motion/motion_00865
25
140 272 38 48 0.471052
743 385 19 23 0.39378
913 355 33 38 0.264613
663 229 83 87 0.257268
825 352 24 33 0.223022
773 280 18 20 0.19249
624 423 17 23 0.18437
718 197 29 35 0.173622
648 453 56 62 0.168631
846 461 26 28 0.163197
203 255 25 30 0.159795
339 422 15 18 0.145514
642 213 23 29 0.144228
672 325 22 26 0.136805
682 322 57 92 0.127759
734 134 22 25 0.127367
695 455 26 29 0.127247
779 345 17 20 0.120935
316 312 65 83 0.11972
126 213 22 26 0.118315
805 207 17 22 0.114571
621 419 15 23 0.112057
634 458 35 42 0.105608
230 32 20 25 0.104659
633 253 34 44 0.101679
