lens/lens_00210
97
21 385 38 48 0.913498
57 189 34 46 0.874838
90 201 92 114 0.78068
460 435 35 45 0.750508
773 600 121 147 0.732494
65 162 31 38 0.720466
251 380 32 47 0.705788
234 437 37 50 0.670017
266 471 30 39 0.6256
656 242 43 51 0.624091
82 188 27 33 0.612549
126 302 27 37 0.595071
606 277 43 47 0.586682
313 359 39 46 0.571927
438 375 35 41 0.569659
583 366 106 117 0.565844
640 626 25 32 0.529226
239 575 121 143 0.527351
153 373 32 42 0.504546
810 44 50 57 0.495103
459 315 24 29 0.476718
851 684 57 75 0.464918
137 300 48 64 0.464586
395 385 30 37 0.459585
470 171 24 28 0.449958
78 269 44 62 0.426917
266 526 65 82 0.409636
307 266 54 59 0.392451
622 132 99 113 0.381815
287 480 33 41 0.379323
342 257 92 98 0.365966
52 271 25 34 0.359928
49 316 29 35 0.355962
179 389 77 106 0.352749
341 389 29 38 0.348652
865 415 33 39 0.338532
44 348 38 47 0.336589
543 648 36 40 0.30567
771 21 61 70 0.30524
79 215 22 27 0.303883
76 315 25 36 0.285894
500 431 35 44 0.279693
895 707 41 53 0.268271
637 36 117 124 0.266127
647 430 66 77 0.265833
80 80 36 43 0.259865
701 373 50 66 0.240932
420 455 34 43 0.235298
89 376 65 74 0.233071
722 517 49 58 0.224862
539 642 25 30 0.216428
497 192 63 72 0.213679
405 223 31 40 0.213353
673 370 35 43 0.212637
575 279 29 32 0.207873
543 360 44 49 0.206011
13 224 35 43 0.20586
749 48 32 37 0.203671
49 237 30 40 0.202692
62 262 22 32 0.199114
687 319 39 47 0.19514
721 221 32 40 0.192892
78 255 26 38 0.172063
561 660 48 53 0.169953
778 525 39 46 0.166485
597 634 19 21 0.165011
119 167 35 46 0.1623
431 226 20 26 0.161257
246 340 30 35 0.161012
811 323 30 38 0.158972
75 115 29 37 0.158464
610 452 43 51 0.15631
69 348 32 42 0.155965
24 269 21 26 0.152095
662 272 49 58 0.151918
22 363 31 38 0.150949
567 636 31 43 0.14903
470 231 123 147 0.148883
843 279 54 68 0.148058
576 338 55 68 0.147583
262 719 41 46 0.142855
75 225 32 40 0.140407
155 140 28 35 0.139255
436 196 31 43 0.13908
15 176 20 24 0.13831
100 310 28 39 0.13547
7 113 26 32 0.131008
480 207 35 45 0.130566
298 408 29 41 0.130533
147 721 38 45 0.128629
17 121 27 32 0.128384
417 254 53 66 0.12647
563 427 34 46 0.126048
160 175 24 32 0.122836
412 471 35 46 0.109402
738 225 31 39 0.109157
136 688 41 47 0.101538
