lens/lens_00209
41
303 10 144 176 0.994533
413 606 37 48 0.836731
257 73 39 44 0.708605
408 568 41 48 0.643206
52 479 30 33 0.515546
149 54 50 55 0.449419
260 122 23 28 0.427663
9 590 32 38 0.424173
522 391 62 79 0.356371
257 171 42 48 0.344244
416 271 40 49 0.301932
695 632 37 46 0.290426
103 622 35 42 0.287644
292 133 109 147 0.286386
0 516 32 36 0.271624
263 40 25 28 0.232015
18 151 33 40 0.231743
264 529 44 48 0.227864
214 158 25 30 0.220326
407 582 41 56 0.199765
512 249 65 87 0.191043
618 273 66 79 0.177564
541 227 68 84 0.172981
3 581 26 30 0.163945
454 558 39 48 0.154066
0 557 29 37 0.141576
16 524 59 77 0.138741
103 659 34 40 0.136189
667 514 116 135 0.129544
43 592 33 42 0.128683
846 66 76 110 0.127917
638 554 31 35 0.12597
182 89 25 32 0.120706
31 618 49 55 0.118049
721 126 109 136 0.112777
268 119 24 29 0.111809
604 568 27 32 0.111077
63 568 56 65 0.11094
20 643 22 30 0.108192
8 570 25 30 0.10347
831 374 146 185 0.100432
