lens/lens_00201
58
724 244 23 29 0.835239
950 144 18 22 0.582952
557 672 24 31 0.564617
545 393 23 31 0.522336
716 979 24 30 0.448837
455 650 22 28 0.405151
718 272 27 32 0.401087
556 942 25 29 0.353274
490 810 19 24 0.334285
344 483 136 172 0.328089
554 424 17 25 0.323523
454 972 31 37 0.316229
522 1084 28 34 0.308997
693 222 23 28 0.306392
489 799 21 25 0.306334
771 319 26 31 0.281925
718 210 20 25 0.263717
851 377 84 107 0.262672
462 595 28 39 0.256869
481 762 23 34 0.231216
465 472 28 41 0.229187
993 1061 28 33 0.228375
827 141 20 23 0.222622
958 411 25 31 0.215167
73 1354 25 32 0.20775
849 206 22 29 0.187132
471 496 28 38 0.186922
556 903 23 32 0.180341
493 839 13 21 0.171472
978 375 30 35 0.169907
414 978 21 27 0.151647
861 143 20 23 0.14764
657 1214 25 31 0.147358
975 154 18 21 0.145779
848 230 25 29 0.144232
895 882 26 35 0.141998
783 148 21 24 0.138871
454 663 25 31 0.138179
250 147 25 28 0.135396
300 468 20 25 0.131979
991 923 16 21 0.130406
299 967 22 28 0.127097
104 810 21 26 0.1212
462 569 35 51 0.118737
481 434 21 24 0.118471
209 595 23 31 0.118422
747 202 20 25 0.115904
996 138 24 27 0.115416
426 329 23 26 0.115328
803 148 25 29 0.114513
244 1494 24 30 0.110877
269 504 18 25 0.109201
743 387 28 38 0.10772
829 212 19 23 0.107051
554 809 26 35 0.105195
148 1464 29 35 0.103653
501 849 22 28 0.102202
462 444 30 36 0.10175
