lens/lens_00212
45
666 250 22 28 0.961285
387 158 23 25 0.840761
357 156 25 27 0.797378
616 482 22 27 0.508701
573 348 42 50 0.495015
645 300 24 30 0.414766
296 369 23 24 0.395876
661 246 21 27 0.34957
674 441 20 24 0.329285
936 493 20 27 0.314517
535 175 47 55 0.287684
597 488 23 29 0.287017
423 159 20 23 0.26854
166 329 25 34 0.264322
232 252 25 28 0.264251
686 441 17 22 0.23509
565 473 30 40 0.23218
302 291 33 39 0.218899
245 525 23 33 0.204402
239 343 61 79 0.200256
119 388 25 29 0.182873
348 199 35 46 0.182851
923 569 19 24 0.179163
97 415 28 42 0.174375
936 518 25 39 0.157655
246 550 23 33 0.156986
303 508 24 26 0.152373
762 400 28 32 0.149422
465 466 19 31 0.147994
742 340 22 25 0.144678
910 241 28 34 0.144641
884 190 32 41 0.143593
6 440 39 54 0.142449
288 190 27 30 0.141721
961 494 29 37 0.127145
334 248 19 25 0.126183
212 64 36 43 0.123245
39 420 27 31 0.121759
226 211 23 26 0.120269
934 548 19 27 0.119891
230 224 26 34 0.110942
641 440 41 45 0.108753
302 311 31 42 0.104389
768 278 18 23 0.103903
939 417 27 30 0.103402
