lens/lens_00125
45
237 72 353 454 0.999922
698 -1 69 83 0.84248
662 223 31 38 0.757935
78 241 62 72 0.719069
882 229 21 26 0.674473
27 102 36 43 0.642699
875 40 39 49 0.621097
179 241 39 47 0.519477
219 219 41 51 0.482211
214 200 42 50 0.434553
57 54 68 95 0.424466
65 376 19 25 0.391889
376 508 51 62 0.373325
676 35 26 34 0.369359
122 193 65 84 0.331769
39 244 31 37 0.322897
147 257 31 38 0.309052
811 252 27 33 0.290216
124 149 34 41 0.266534
12 197 37 50 0.253511
712 257 30 39 0.244
639 117 20 27 0.231529
936 21 71 75 0.21656
595 130 20 24 0.209722
746 172 22 26 0.209441
816 43 30 40 0.203559
718 49 37 49 0.198713
656 257 30 46 0.183877
625 291 38 48 0.183791
163 7 37 50 0.180406
980 360 17 26 0.146477
83 359 21 28 0.146383
112 247 51 62 0.145817
55 375 23 27 0.134355
651 184 22 27 0.129964
191 26 29 36 0.119647
692 268 19 23 0.118016
151 52 29 36 0.115584
677 240 22 29 0.115207
219 61 23 28 0.112927
69 451 19 25 0.108526
642 384 58 79 0.103147
725 95 23 28 0.10252
614 299 34 42 0.101226
295 38 20 26 0.100114
