lens/lens_00501
54
435 160 106 136 0.999836
509 689 23 29 0.687801
501 845 24 27 0.632031
530 246 24 33 0.453331
385 688 26 31 0.406023
257 560 49 58 0.401002
501 1048 23 30 0.372584
524 205 36 52 0.368414
456 768 25 34 0.346697
536 845 40 49 0.27874
565 625 22 30 0.268113
298 490 24 31 0.242665
361 432 27 38 0.222131
635 536 32 40 0.214691
551 450 58 86 0.212755
787 796 21 29 0.21237
825 57 37 45 0.208636
555 1059 24 32 0.203613
630 629 23 27 0.199437
380 396 21 25 0.19594
524 869 17 22 0.195472
456 1087 22 32 0.194298
537 804 27 35 0.187872
494 787 26 31 0.186473
348 460 35 51 0.183347
206 1216 28 38 0.18067
472 666 22 26 0.178623
294 608 28 33 0.177592
493 775 21 24 0.169464
347 787 22 31 0.16553
400 515 37 48 0.160934
415 261 25 33 0.16045
392 440 21 26 0.159732
452 515 32 43 0.153603
558 375 22 27 0.150763
255 995 19 28 0.150089
521 775 24 29 0.149967
464 258 60 59 0.146033
533 231 28 39 0.143503
305 542 29 34 0.142068
451 341 31 43 0.141039
680 648 37 49 0.140651
579 672 37 46 0.1359
286 575 30 38 0.133617
579 876 24 36 0.131354
650 604 25 32 0.12895
650 703 25 32 0.123742
644 741 18 22 0.122307
587 654 25 31 0.114121
639 556 24 30 0.113559
443 813 27 32 0.11317
600 348 23 30 0.110606
343 715 18 24 0.109803
931 706 34 43 0.108234
