lens/lens_00013
53
257 87 423 538 0.999178
805 570 28 36 0.871364
204 296 33 48 0.726642
634 104 69 96 0.726536
710 166 49 69 0.578296
742 618 29 35 0.546449
853 360 23 30 0.522145
865 456 35 51 0.505208
104 282 37 56 0.442615
80 407 50 64 0.437983
800 507 31 44 0.401925
731 154 29 39 0.380018
616 -1 49 60 0.330623
897 377 118 177 0.324107
880 549 28 42 0.319223
46 23 43 53 0.308932
713 236 46 63 0.300465
718 94 33 43 0.288718
229 12 26 33 0.267922
896 306 89 139 0.250967
633 603 37 50 0.207163
690 70 41 47 0.197906
864 410 30 38 0.189193
219 104 45 59 0.188931
852 516 26 34 0.185394
141 76 52 67 0.176867
724 322 30 51 0.174085
689 31 36 49 0.167904
812 297 23 34 0.165446
178 92 22 27 0.163996
155 69 18 22 0.16016
46 347 28 41 0.160153
201 384 38 52 0.160146
712 302 36 45 0.157782
676 382 84 101 0.15407
146 52 27 31 0.152688
655 73 34 49 0.13444
237 342 24 39 0.126615
187 208 33 41 0.11983
865 637 23 36 0.11935
134 216 28 34 0.119178
188 244 20 27 0.117391
873 522 23 34 0.116171
876 358 76 106 0.107984
213 9 28 34 0.107614
706 105 29 40 0.106295
474 9 47 55 0.106226
799 85 28 38 0.105409
847 266 22 29 0.104205
192 159 30 41 0.103137
-2 176 43 59 0.101208
885 343 33 47 0.10086
601 -11 30 38 0.100228
