lens/lens_00128
31
399 1137 188 237 0.818462
763 456 51 67 0.648061
125 1015 231 308 0.508697
769 324 26 31 0.416163
966 1049 27 32 0.318733
613 258 38 43 0.301448
103 916 25 34 0.280457
510 1226 225 278 0.274451
509 442 26 31 0.256633
195 781 28 37 0.245743
466 608 42 54 0.245539
775 396 40 52 0.236352
749 314 35 46 0.225061
215 653 32 42 0.204624
446 538 36 44 0.195287
649 321 57 72 0.190582
751 810 48 63 0.182186
165 629 25 31 0.170631
596 918 107 132 0.165217
886 206 31 39 0.155509
182 842 31 37 0.151013
700 312 42 54 0.146155
645 630 59 82 0.142438
874 385 31 39 0.130393
222 495 27 37 0.128026
403 492 47 61 0.119031
881 1137 43 51 0.117672
859 421 45 61 0.112728
607 366 36 42 0.1069
106 495 24 28 0.103605
396 729 31 39 0.101588
