lens/lens_00014
107
200 390 29 35 0.914947
267 485 31 38 0.739057
779 619 46 52 0.634167
31 573 28 34 0.629716
264 476 21 26 0.623273
156 534 27 34 0.622256
53 520 42 50 0.621969
187 154 41 48 0.597286
160 129 46 55 0.583629
399 35 33 43 0.55498
191 340 33 40 0.547838
394 129 209 272 0.541258
790 592 29 35 0.534932
444 407 21 28 0.53249
104 598 25 33 0.531478
934 395 26 33 0.523889
222 574 32 40 0.515018
187 492 41 47 0.500559
874 560 47 55 0.476238
935 570 24 30 0.466157
958 272 51 60 0.464067
878 494 28 34 0.461864
873 240 35 44 0.451813
980 435 38 47 0.443027
315 404 21 24 0.433458
203 612 24 30 0.430365
889 254 29 38 0.419592
664 107 23 31 0.419527
352 331 27 34 0.400324
118 591 31 39 0.398165
235 302 32 36 0.381504
620 547 22 26 0.370489
902 384 29 38 0.370134
141 553 26 32 0.363396
818 600 35 44 0.346459
155 380 38 46 0.34287
609 114 23 30 0.321993
888 407 28 35 0.317619
934 340 35 42 0.317416
592 404 18 23 0.311802
663 147 37 47 0.310661
386 297 23 25 0.296514
862 472 28 36 0.289344
121 629 23 28 0.252993
917 532 27 34 0.25114
363 345 29 34 0.241118
858 617 38 47 0.239051
858 373 26 32 0.237316
930 429 26 32 0.232542
179 177 32 38 0.230367
21 283 88 113 0.228284
351 458 23 31 0.227335
574 640 31 36 0.220589
710 472 38 46 0.218733
518 112 19 24 0.214794
914 322 28 35 0.206319
257 606 21 25 0.204988
250 351 24 28 0.201346
74 618 24 31 0.199412
562 594 18 23 0.197564
298 591 19 23 0.194905
613 128 28 37 0.192519
221 529 29 38 0.190993
917 410 29 36 0.188696
827 309 35 45 0.184828
849 588 46 57 0.172927
125 609 25 31 0.161941
815 534 24 29 0.157137
336 571 17 22 0.156362
52 572 26 33 0.156343
948 289 30 35 0.15372
623 504 23 29 0.15263
674 424 29 36 0.150479
783 577 25 32 0.148354
337 315 26 33 0.145504
199 530 25 31 0.141437
207 535 33 41 0.138606
352 357 21 28 0.137581
759 326 30 36 0.136663
431 386 18 25 0.135739
108 620 19 23 0.134723
584 634 32 38 0.131656
324 628 22 28 0.130975
965 566 37 46 0.13
164 351 55 67 0.129492
280 439 32 39 0.12859
425 13 23 29 0.127625
12 343 72 84 0.126468
848 508 31 39 0.123678
414 32 31 36 0.119573
381 563 22 27 0.117814
789 418 33 39 0.114194
819 507 28 34 0.112929
224 454 31 39 0.112736
922 473 30 37 0.112091
498 57 32 45 0.110247
549 111 25 33 0.109944
512 27 17 22 0.109348
744 645 26 33 0.108677
361 371 27 34 0.108579
188 540 30 37 0.108081
345 559 16 18 0.10792
642 428 31 39 0.10786
832 360 29 37 0.107607
534 118 27 32 0.104748
917 607 57 69 0.103282
237 646 24 30 0.102509
