lens/lens_00207
61
298 270 309 406 0.999896
140 802 59 69 0.855843
359 1191 24 29 0.722101
242 832 41 50 0.656632
318 1145 41 52 0.639192
658 821 63 77 0.632687
247 1105 82 96 0.522244
277 831 37 48 0.517411
526 894 27 34 0.500535
230 971 54 74 0.500337
601 1008 32 42 0.488504
120 1188 60 71 0.465408
280 1060 48 67 0.46442
61 931 54 66 0.458452
264 989 33 43 0.457442
366 1112 24 32 0.45104
536 1031 24 30 0.450079
266 1079 30 40 0.425709
193 1217 31 42 0.418215
137 1120 46 54 0.411008
250 933 64 76 0.384229
183 1172 31 38 0.383366
153 1217 46 55 0.357735
353 1241 66 78 0.285032
109 933 43 54 0.276629
333 1205 29 37 0.269993
613 893 33 40 0.215112
141 993 47 60 0.213237
5 1045 59 71 0.209685
434 835 55 68 0.208337
336 1078 26 33 0.207143
332 945 46 61 0.201769
215 1120 30 36 0.20149
325 1125 42 54 0.198589
132 922 65 82 0.19477
36 1202 61 73 0.194727
176 919 55 70 0.192834
448 912 40 47 0.192388
153 1127 42 51 0.190891
391 1104 56 68 0.187517
113 794 63 76 0.181795
404 1180 22 31 0.181394
470 877 27 32 0.160681
652 1044 90 110 0.160486
176 991 43 58 0.148134
102 970 58 73 0.1453
245 1174 54 70 0.143661
284 1268 49 59 0.142093
343 1210 27 34 0.129221
603 1022 46 59 0.128301
612 932 59 74 0.12723
664 895 59 72 0.1261
791 835 37 44 0.1164
348 1079 26 34 0.114587
217 1288 32 39 0.114276
108 1134 45 53 0.112406
158 1159 39 52 0.106977
630 847 31 41 0.106266
199 836 35 43 0.105532
266 1181 55 66 0.104703
197 1047 36 50 0.100792
