lens/lens_00203
27
442 34 119 144 0.999394
251 325 31 38 0.656949
154 72 35 45 0.504955
640 577 96 122 0.487203
572 543 60 82 0.405261
160 521 36 44 0.379788
139 618 53 64 0.378776
312 586 52 61 0.363078
880 336 41 47 0.345429
393 406 32 39 0.331799
428 170 36 44 0.325352
365 463 193 279 0.307635
730 227 98 121 0.305117
333 528 24 29 0.302718
813 -18 172 225 0.291879
54 295 89 141 0.274809
596 540 56 84 0.252859
238 651 27 30 0.251715
244 475 26 30 0.186959
723 63 40 46 0.158763
99 615 67 77 0.146797
623 286 111 122 0.142219
616 551 55 74 0.127938
176 627 58 71 0.125061
348 477 29 33 0.119222
773 7 23 29 0.116811
858 197 59 71 0.11275
