lens/lens_00122
69
118 48 166 204 0.795973
574 398 78 104 0.778468
718 333 44 47 0.722461
911 505 38 46 0.648576
484 336 127 156 0.633299
630 172 24 30 0.621353
406 73 45 54 0.619866
778 223 65 80 0.61695
318 338 53 58 0.596166
609 196 62 69 0.575318
333 100 43 53 0.53049
8 240 36 50 0.516122
230 406 58 66 0.515094
897 264 89 117 0.504076
739 409 58 70 0.454487
410 345 41 47 0.414689
49 469 111 134 0.407198
368 120 31 38 0.407038
339 176 27 32 0.364468
396 95 53 75 0.363169
348 158 21 24 0.340974
292 276 47 53 0.319825
227 337 48 59 0.313018
937 198 24 29 0.290532
361 433 34 40 0.276944
271 333 71 76 0.269789
580 299 62 72 0.266286
605 168 37 39 0.261422
314 426 34 46 0.260072
574 305 15 20 0.250839
7 124 35 42 0.248766
777 321 63 86 0.23263
799 215 69 86 0.223625
71 170 59 75 0.214409
703 502 33 38 0.208235
804 270 70 89 0.203197
105 239 19 24 0.20023
481 72 44 43 0.195587
79 128 30 35 0.188216
909 80 28 35 0.184873
141 206 50 68 0.183639
218 254 25 32 0.182138
628 334 37 45 0.180778
56 29 61 76 0.177549
506 122 45 51 0.168249
297 151 31 36 0.168012
732 331 43 51 0.159442
793 77 39 45 0.157411
30 153 41 50 0.144415
641 171 26 33 0.144078
716 -2 31 39 0.142193
440 81 78 97 0.139704
43 241 30 43 0.138691
618 281 50 56 0.132808
687 407 63 82 0.132355
315 182 43 57 0.130539
637 252 32 36 0.128427
601 65 23 27 0.127306
775 411 35 45 0.123954
850 87 49 62 0.119944
560 381 74 100 0.117308
335 426 39 50 0.116385
454 176 29 33 0.110533
380 364 99 119 0.104918
565 109 34 44 0.104711
220 306 22 28 0.103451
85 20 21 25 0.102952
81 310 40 44 0.102681
261 347 31 38 0.100508
