lens/lens_00214
48
649 213 124 145 0.999997
534 253 103 132 0.999984
445 195 83 102 0.999631
390 304 26 30 0.771843
364 324 26 31 0.616627
430 171 22 26 0.579345
96 202 26 33 0.5233
351 477 49 63 0.402751
288 435 35 39 0.3868
484 307 29 36 0.380259
234 311 19 26 0.337902
671 360 21 25 0.314198
476 320 40 49 0.29122
749 157 24 28 0.290433
90 164 26 33 0.273654
894 512 25 28 0.27004
80 103 30 34 0.268115
290 449 33 41 0.261215
480 166 28 33 0.260829
743 173 65 80 0.252628
151 281 24 34 0.244335
86 137 25 33 0.238791
817 152 79 99 0.230811
358 322 22 29 0.225328
380 304 27 32 0.20711
242 388 20 24 0.201814
353 305 27 30 0.185209
861 378 25 31 0.182053
287 330 20 24 0.181446
281 455 23 31 0.181157
285 529 21 26 0.179029
561 217 19 25 0.178525
358 441 21 27 0.176245
341 316 27 32 0.16928
564 369 39 49 0.16812
591 386 19 21 0.165329
86 234 34 44 0.150882
503 314 19 26 0.147405
434 258 22 30 0.147199
319 430 23 35 0.144751
428 391 20 25 0.134542
659 194 28 35 0.125275
627 376 48 60 0.123972
688 198 112 148 0.119974
332 426 28 32 0.114506
376 461 24 29 0.114153
426 155 24 29 0.103195
327 331 14 18 0.102668
