focus/focus_00018
36
444 25 238 312 0.99999
856 47 26 34 0.901954
109 581 36 44 0.877766
148 298 139 144 0.684191
50 587 65 79 0.564025
357 247 51 57 0.520919
309 -9 49 58 0.476459
291 152 43 55 0.408923
356 159 27 31 0.404468
734 151 28 32 0.355413
765 404 30 37 0.350791
277 283 44 48 0.336759
865 2 82 94 0.316512
858 189 38 48 0.314525
405 435 211 230 0.286611
619 624 56 64 0.277607
478 348 58 74 0.275896
752 365 50 56 0.219867
467 557 155 155 0.209756
327 621 24 34 0.205252
895 191 77 87 0.205225
679 -1 53 62 0.199226
412 166 26 34 0.196182
444 371 49 63 0.194047
114 278 95 104 0.183775
371 491 92 119 0.166466
866 496 98 107 0.157674
694 134 32 40 0.152807
945 153 52 67 0.149307
95 446 59 67 0.140644
825 186 40 52 0.138879
390 620 36 41 0.130205
785 484 38 44 0.125772
675 525 125 129 0.121363
749 495 43 50 0.112823
321 69 74 97 0.107184
