focus/focus_00268
27
284 172 159 216 0.999996
726 95 97 106 0.999401
937 266 68 77 0.817323
533 324 82 100 0.764124
141 72 72 81 0.628266
82 75 42 51 0.521014
70 138 55 65 0.412424
406 -12 78 86 0.37623
135 159 57 72 0.368738
200 55 29 33 0.33504
78 91 50 60 0.228129
860 172 107 116 0.219907
593 44 63 76 0.212478
23 127 54 67 0.210899
42 349 67 80 0.192781
466 612 29 36 0.191057
758 68 30 32 0.182768
579 405 84 106 0.174439
822 41 59 69 0.172376
30 249 68 82 0.160218
40 410 55 68 0.148486
54 26 33 38 0.134309
142 12 47 51 0.117062
760 186 73 80 0.114919
413 28 144 156 0.112521
13 543 56 66 0.108839
129 230 77 96 0.104986
