focus/focus_00134
42
273 124 49 60 0.999998
428 153 42 48 0.998996
571 182 38 46 0.991287
652 204 32 36 0.956503
653 339 26 34 0.866302
850 227 27 34 0.705802
409 141 26 37 0.70275
727 197 35 45 0.681163
430 350 36 51 0.664109
292 118 39 47 0.649585
803 219 24 30 0.619187
664 331 40 55 0.580202
364 359 26 40 0.456747
576 306 61 90 0.406136
522 213 30 39 0.398905
474 308 33 52 0.391524
482 163 35 40 0.368109
295 395 51 74 0.359129
282 70 41 54 0.341501
572 287 19 24 0.331571
459 197 50 66 0.328634
515 310 43 54 0.307383
176 279 85 119 0.288659
508 182 26 34 0.263755
760 265 46 69 0.250901
671 255 65 97 0.228583
791 344 51 81 0.215082
276 575 40 58 0.213222
747 217 26 31 0.205967
853 0 114 139 0.192311
195 474 20 24 0.186557
563 295 31 39 0.180824
722 322 51 68 0.175273
391 366 21 29 0.143874
655 352 44 65 0.139966
211 196 17 22 0.130761
348 173 29 34 0.119336
397 227 28 35 0.119321
423 223 16 24 0.115623
463 389 33 45 0.11535
772 392 23 32 0.112727
370 470 32 42 0.100641
