focus/focus_00540
55
389 289 56 82 1
625 57 116 186 0.999955
369 189 28 32 0.896056
613 275 26 32 0.825731
363 421 23 28 0.818897
770 81 59 67 0.782381
436 89 29 32 0.707873
517 110 58 74 0.656017
462 258 38 52 0.650047
580 302 37 40 0.607615
361 137 33 44 0.549141
569 110 39 58 0.530003
181 281 37 51 0.523059
57 271 69 87 0.492995
324 345 39 46 0.492231
664 278 51 62 0.484082
451 246 40 56 0.481334
176 175 41 51 0.475861
257 339 53 68 0.457081
16 431 24 28 0.453659
146 305 34 42 0.441997
619 305 26 36 0.428502
432 307 34 40 0.400907
603 325 51 68 0.399713
611 111 34 40 0.390142
885 84 36 48 0.379378
543 420 31 34 0.353522
183 303 35 41 0.322016
434 343 57 72 0.302676
520 364 35 49 0.292214
870 169 184 309 0.278877
49 359 65 73 0.276302
608 126 27 34 0.256143
483 271 30 45 0.240021
121 356 44 51 0.227811
898 82 38 50 0.221093
571 259 36 47 0.214195
675 429 43 57 0.207687
334 251 16 21 0.194513
356 305 27 33 0.185644
498 346 47 66 0.160107
98 432 48 55 0.154124
592 351 34 42 0.146363
183 226 32 40 0.14634
203 181 32 36 0.145931
566 90 30 38 0.144669
334 359 43 51 0.132747
315 313 43 51 0.129838
429 254 39 43 0.120117
464 299 35 48 0.115535
529 178 39 48 0.11527
479 144 41 52 0.11214
351 134 33 43 0.111106
318 261 51 63 0.107175
39 360 22 27 0.105963
