focus/focus_00131
62
398 125 117 164 0.999942
895 175 55 71 0.999491
699 237 24 29 0.951719
56 503 29 36 0.900468
104 565 34 42 0.872056
831 233 51 63 0.863031
700 183 40 46 0.817928
352 233 41 58 0.811683
846 176 29 33 0.803341
213 18 116 167 0.793015
554 109 140 176 0.790315
793 308 27 33 0.739196
13 428 27 36 0.703171
184 232 24 26 0.675309
775 137 31 37 0.64596
419 79 41 52 0.603061
35 46 81 95 0.58229
585 396 24 32 0.551227
220 304 45 52 0.483511
600 497 74 95 0.473191
860 139 44 49 0.448766
509 453 35 47 0.415714
569 568 56 68 0.396257
805 97 25 28 0.375175
6 501 23 30 0.35392
809 293 40 47 0.342964
845 73 40 46 0.305074
668 429 30 38 0.299174
542 70 104 122 0.296742
461 101 53 72 0.289821
988 18 26 32 0.27151
94 474 33 40 0.266703
828 124 23 27 0.249899
199 354 35 43 0.248938
732 196 33 41 0.232705
794 213 30 38 0.229234
148 6 52 62 0.223199
974 229 33 41 0.223145
896 383 34 40 0.217926
251 338 27 38 0.211522
970 97 53 66 0.197367
372 77 44 52 0.196862
320 32 79 120 0.19112
897 48 37 43 0.178184
909 14 28 34 0.17619
23 427 30 42 0.169319
856 206 33 48 0.164426
142 36 126 152 0.162377
207 449 49 57 0.152943
100 127 44 56 0.150011
762 128 28 30 0.14952
365 219 27 41 0.147613
934 112 54 62 0.139285
781 258 36 49 0.13795
407 84 36 48 0.130293
12 374 56 70 0.130099
968 189 25 32 0.124483
687 411 63 66 0.121304
576 463 28 30 0.120706
862 291 68 86 0.109476
22 35 27 29 0.103166
34 152 42 57 0.100701
