focus/focus_00139
46
745 501 26 29 0.895822
47 150 82 133 0.85625
963 64 23 30 0.796357
206 457 41 50 0.775493
438 164 72 79 0.742502
595 131 114 128 0.741225
876 134 79 90 0.723723
623 97 131 147 0.675287
156 431 29 36 0.661649
531 402 39 48 0.587318
699 519 23 26 0.523808
543 59 78 114 0.52286
191 470 39 44 0.482744
71 28 97 126 0.425315
838 301 58 77 0.397503
716 432 30 29 0.367557
486 4 72 97 0.350993
671 218 110 117 0.336057
317 355 23 27 0.328308
660 470 23 24 0.296158
287 302 22 28 0.269621
819 444 36 41 0.258449
39 162 21 35 0.252439
912 349 42 45 0.24864
743 75 118 141 0.247934
576 193 52 57 0.230985
937 62 36 47 0.230275
75 105 94 146 0.219767
761 480 23 27 0.211592
897 261 30 35 0.200246
89 244 110 142 0.19736
510 494 70 87 0.192178
791 305 83 92 0.190969
971 471 37 40 0.183524
2 186 29 35 0.177782
655 486 22 31 0.170573
612 496 41 48 0.152938
182 455 42 50 0.14768
43 10 59 73 0.141713
809 420 39 40 0.131241
151 418 29 39 0.117787
877 257 38 43 0.117494
680 447 36 38 0.111584
950 149 40 49 0.11033
560 414 69 95 0.110015
879 401 27 28 0.104241
