focus/focus_00029
26
355 114 419 545 1
-28 184 234 289 0.99993
854 330 160 209 0.999928
148 110 57 88 0.888902
735 262 144 236 0.724355
241 280 43 56 0.718195
619 87 26 32 0.654972
605 62 31 34 0.618372
429 18 38 44 0.440205
709 34 59 63 0.393367
256 390 107 141 0.288595
456 62 21 28 0.280649
513 -3 25 28 0.272216
459 83 37 44 0.222115
310 249 21 25 0.210923
761 27 41 52 0.194117
871 543 81 97 0.175553
940 549 56 72 0.147853
313 17 23 28 0.14201
644 14 40 44 0.138722
326 18 30 34 0.135122
169 14 107 158 0.132475
258 301 103 134 0.130659
244 187 30 37 0.115341
770 50 39 54 0.109805
767 127 24 40 0.107915
