focus/focus_00265
128
562 287 31 37 0.995464
308 344 132 199 0.988873
940 370 29 35 0.925161
700 267 35 50 0.914087
355 254 78 99 0.860887
732 66 53 56 0.770214
499 516 24 28 0.732413
617 524 42 50 0.711685
447 233 33 42 0.661987
48 339 18 22 0.640569
489 442 20 23 0.638888
83 241 39 42 0.629118
690 217 33 49 0.615002
960 375 26 36 0.607789
33 276 22 29 0.5741
566 187 25 30 0.552053
647 508 133 161 0.549949
115 321 26 28 0.539818
604 151 24 28 0.536562
829 284 21 29 0.530935
676 67 30 31 0.524574
96 340 14 20 0.502189
9 565 63 65 0.500138
587 390 79 88 0.494927
529 353 42 54 0.48809
977 41 26 28 0.475017
172 148 26 28 0.47168
780 323 41 66 0.44203
49 292 25 29 0.434244
528 508 20 23 0.42467
595 311 32 49 0.423314
120 227 34 37 0.414502
506 467 19 23 0.412884
110 404 28 36 0.411439
656 433 27 34 0.40239
684 139 50 58 0.400859
980 386 14 18 0.399506
424 416 27 31 0.370886
741 131 32 41 0.363155
176 215 73 88 0.360297
416 20 17 24 0.36021
160 409 23 28 0.359731
799 288 22 28 0.355895
919 296 21 29 0.347331
845 233 25 26 0.328844
95 458 25 30 0.324556
970 156 27 29 0.324322
868 151 25 30 0.32243
451 257 26 29 0.318679
188 311 21 28 0.318621
80 272 24 29 0.311789
169 389 48 64 0.306541
484 225 17 22 0.304909
73 233 22 26 0.304805
176 296 22 26 0.297542
704 327 36 49 0.2965
496 480 30 39 0.293534
601 234 19 27 0.286809
592 225 24 31 0.277274
801 156 52 55 0.276983
522 421 22 26 0.271626
934 541 27 28 0.268221
424 274 24 27 0.267514
77 522 42 48 0.263787
478 260 19 21 0.259059
862 44 24 33 0.25553
851 227 22 26 0.254317
441 147 28 39 0.253939
839 173 50 56 0.25226
745 112 32 39 0.248775
108 433 16 22 0.242441
153 378 23 25 0.240957
966 249 30 35 0.240631
827 344 22 29 0.239766
422 177 25 37 0.237111
593 198 25 33 0.23363
127 417 42 51 0.231791
88 286 24 28 0.230349
853 334 20 27 0.230058
935 -9 46 57 0.228503
589 245 33 48 0.224117
940 159 49 62 0.223763
568 375 18 23 0.221314
564 351 21 28 0.219995
559 407 43 53 0.213054
966 418 23 31 0.207183
586 76 25 28 0.204745
549 518 84 93 0.204167
506 4 23 26 0.192341
687 265 15 21 0.185158
415 144 36 45 0.184803
876 23 18 22 0.182794
65 322 23 30 0.175533
710 114 27 33 0.17139
413 46 39 47 0.170801
351 201 81 103 0.16423
945 226 46 47 0.161465
734 190 28 39 0.156086
158 361 22 22 0.154462
521 393 24 30 0.15241
369 306 56 79 0.152133
730 164 27 31 0.143465
969 534 30 35 0.143177
63 234 25 28 0.139996
689 114 21 29 0.139438
135 289 18 23 0.134966
130 528 64 76 0.133043
904 338 27 40 0.132728
44 238 14 17 0.130145
514 475 21 27 0.128464
946 436 27 32 0.127508
532 12 68 80 0.126866
983 14 37 42 0.125683
436 305 19 24 0.125261
888 347 30 44 0.123066
602 457 65 84 0.121193
800 194 36 42 0.118611
499 432 26 29 0.118382
275 211 106 121 0.117832
79 286 20 25 0.115254
938 215 32 34 0.112227
649 416 34 39 0.111986
861 527 54 56 0.107773
410 71 29 44 0.103639
23 340 33 43 0.10202
803 293 22 28 0.101463
728 351 46 53 0.101354
660 413 34 41 0.101239
