focus/focus_00521
26
85 126 94 106 0.997953
482 233 31 31 0.819404
108 57 142 163 0.780055
469 430 33 41 0.685814
385 369 20 28 0.610628
82 251 102 122 0.574453
676 179 100 134 0.498052
44 411 95 117 0.449419
387 220 24 28 0.383818
575 228 135 156 0.317366
157 287 121 154 0.266881
308 380 66 90 0.237499
388 430 21 29 0.223593
323 336 34 48 0.178508
443 212 47 52 0.167552
611 420 26 31 0.161713
654 264 128 150 0.147278
379 375 19 23 0.147039
315 295 48 59 0.144474
510 434 26 33 0.137214
718 40 313 460 0.124858
380 411 19 26 0.121095
2 489 27 39 0.118092
515 154 57 63 0.116573
651 188 50 61 0.110805
346 416 46 57 0.102068
