focus/focus_00261
51
616 151 45 50 0.998318
966 139 35 43 0.92115
964 154 32 40 0.815428
167 529 30 36 0.807761
341 168 17 20 0.742796
530 480 14 17 0.696852
832 528 46 57 0.66404
662 74 37 44 0.63944
808 405 27 38 0.624922
105 71 41 51 0.591164
111 426 83 106 0.570289
540 492 19 23 0.559668
736 239 23 27 0.532012
556 211 122 154 0.530007
932 122 40 48 0.508424
478 65 66 78 0.508187
603 152 23 28 0.406783
572 553 34 41 0.397441
245 190 19 21 0.396269
886 445 40 49 0.375245
980 119 26 32 0.362514
159 529 27 38 0.351632
462 139 23 27 0.338887
945 182 24 30 0.338818
517 305 34 42 0.337716
296 179 25 35 0.327166
320 159 23 24 0.314931
77 153 77 97 0.309285
572 353 136 164 0.297745
338 111 20 27 0.28453
816 570 27 34 0.277356
798 207 156 182 0.265594
128 572 19 26 0.265462
945 315 70 85 0.263635
878 403 50 61 0.248447
778 225 29 30 0.236779
820 560 25 32 0.22273
581 587 32 41 0.19588
703 503 40 44 0.194901
86 577 35 39 0.186765
687 520 27 32 0.155783
91 546 35 51 0.152724
247 -38 146 159 0.127182
655 108 97 129 0.126556
651 38 34 46 0.121032
834 593 29 31 0.117578
474 290 49 62 0.113186
670 515 24 26 0.112935
756 526 29 38 0.108721
318 182 38 42 0.107453
305 129 19 25 0.105704
