focus/focus_00544
21
552 60 122 150 0.999996
332 216 74 91 0.939079
390 218 70 85 0.856293
490 172 89 107 0.780449
658 357 26 32 0.685926
283 211 81 97 0.658318
47 215 77 105 0.611706
904 326 32 43 0.520325
434 239 40 49 0.429141
523 211 75 88 0.309237
564 216 51 70 0.300071
460 227 54 63 0.266747
702 20 89 120 0.228493
726 246 46 60 0.218461
642 179 60 85 0.216815
958 224 61 80 0.206397
365 216 72 88 0.17591
793 381 20 25 0.167722
49 143 120 140 0.149035
720 205 55 73 0.143512
586 376 57 73 0.109247
