focus/focus_00215
71
608 50 57 73 0.986115
430 316 49 61 0.92165
358 512 64 76 0.70138
424 276 55 68 0.639432
195 510 49 57 0.628836
446 652 20 25 0.595542
822 603 39 46 0.592094
607 594 25 32 0.559917
754 366 26 33 0.531346
189 469 31 39 0.512554
576 270 30 34 0.486822
841 679 23 30 0.485388
122 348 36 43 0.427642
59 600 39 47 0.415227
760 312 25 31 0.404078
496 697 25 32 0.383961
871 525 23 29 0.376874
630 156 26 32 0.363856
162 370 49 61 0.361826
273 63 25 29 0.352181
907 237 23 26 0.324335
793 627 22 30 0.3216
608 236 27 31 0.321086
52 300 26 29 0.300544
688 476 27 32 0.294638
986 590 32 37 0.29378
115 565 43 50 0.271523
766 353 46 57 0.269583
584 180 26 32 0.268674
787 486 56 77 0.261329
722 471 23 30 0.229396
533 478 22 28 0.229217
882 373 62 66 0.225254
652 244 60 70 0.224779
258 310 25 30 0.224599
469 445 22 28 0.215244
75 703 26 32 0.207003
213 309 54 63 0.205091
149 568 27 34 0.199006
650 650 25 34 0.190938
373 489 33 40 0.181661
682 145 28 33 0.178671
884 607 20 27 0.175928
245 533 43 53 0.162848
274 288 25 33 0.162812
908 742 23 29 0.16086
781 302 46 54 0.157085
798 597 24 28 0.149913
16 612 25 32 0.149096
139 476 38 51 0.147804
628 651 24 28 0.147732
541 333 26 33 0.143243
620 702 45 52 0.139385
895 333 22 26 0.139131
0 572 25 32 0.137857
767 425 24 29 0.137295
922 348 23 31 0.13389
94 340 39 46 0.130169
230 359 41 48 0.129274
684 503 28 35 0.127291
607 615 26 32 0.126854
791 599 23 28 0.123994
647 530 25 32 0.12392
641 622 27 35 0.121516
725 552 28 35 0.114575
763 766 28 34 0.109292
538 702 31 38 0.109027
651 194 32 38 0.108078
574 183 23 28 0.10537
175 525 36 42 0.105357
121 510 46 59 0.105061
