focus/focus_00239
22
281 164 283 361 0.999983
677 166 199 210 0.999976
190 265 111 143 0.774046
568 635 23 28 0.647905
861 181 44 54 0.614267
635 325 40 51 0.368821
709 10 92 109 0.30909
585 621 34 42 0.309088
149 326 20 31 0.304059
315 617 17 21 0.289734
574 616 21 25 0.282954
75 496 21 26 0.265281
54 514 23 28 0.259507
576 646 21 24 0.241345
49 126 120 145 0.188366
592 598 29 37 0.18508
588 488 19 23 0.185043
91 447 19 22 0.182444
538 627 21 27 0.151682
339 633 21 27 0.132216
75 537 21 25 0.116448
915 368 107 134 0.11387
