focus/focus_00542
33
212 385 117 147 0.999978
610 280 133 168 0.999596
332 301 63 82 0.996894
716 -10 62 95 0.867302
882 278 60 76 0.856205
324 23 44 59 0.830653
571 279 130 167 0.801871
504 245 49 69 0.684655
778 258 46 62 0.6638
851 282 32 37 0.545978
27 306 52 61 0.531065
311 305 58 77 0.505808
647 355 100 130 0.4902
88 457 33 41 0.455915
634 41 58 91 0.393019
435 26 87 89 0.294155
179 311 41 55 0.234149
63 448 33 40 0.2301
8 306 51 65 0.211718
552 336 35 52 0.195451
376 311 42 57 0.193403
461 269 37 47 0.175018
110 475 62 92 0.167647
362 379 40 51 0.163124
756 367 36 44 0.158683
489 245 42 63 0.146497
118 444 62 91 0.145147
794 320 57 73 0.136014
804 456 38 50 0.133723
423 328 34 45 0.13061
76 301 36 39 0.121779
370 412 29 39 0.119178
432 411 30 44 0.111217
