focus/focus_00524
98
628 106 68 79 1
821 138 48 59 0.999987
390 160 38 47 0.9994
150 177 41 47 0.999382
268 138 31 42 0.997046
873 123 45 54 0.98709
235 213 75 92 0.964972
721 87 38 50 0.898145
812 26 38 52 0.878403
927 79 37 43 0.760722
779 550 28 33 0.746316
246 449 32 42 0.710574
85 164 39 46 0.664138
352 450 75 104 0.624637
329 358 20 26 0.585202
324 373 75 101 0.550311
68 21 31 37 0.541857
286 95 40 48 0.531547
507 251 74 92 0.529794
636 198 20 26 0.522574
463 301 34 48 0.490069
892 273 30 39 0.485527
787 307 134 163 0.481458
315 223 51 66 0.449406
528 132 33 41 0.447838
894 70 46 59 0.446265
758 321 42 59 0.44476
72 50 37 46 0.442302
650 169 40 50 0.431776
534 -16 68 89 0.429563
461 85 53 77 0.427862
762 360 35 46 0.408838
167 608 57 65 0.398811
794 599 26 34 0.388205
235 205 18 27 0.376742
926 154 31 38 0.367887
819 593 32 43 0.361648
441 252 26 32 0.35473
108 510 37 45 0.353852
644 409 21 27 0.33928
293 -1 24 26 0.312329
214 86 62 86 0.300342
705 148 35 40 0.293422
343 319 41 52 0.292136
847 51 49 66 0.291609
10 106 70 99 0.272319
779 270 27 35 0.271459
587 159 30 37 0.270385
733 76 39 51 0.264862
177 89 47 73 0.26226
489 144 36 45 0.255797
441 342 65 89 0.246251
263 413 54 68 0.243577
792 131 21 26 0.238154
529 40 32 42 0.234561
55 199 45 55 0.225232
365 275 98 117 0.221366
989 176 27 36 0.220407
472 180 48 59 0.208319
367 85 63 87 0.206877
242 354 31 42 0.206792
602 591 26 32 0.204821
972 391 33 41 0.202645
817 0 29 37 0.197856
72 239 34 44 0.18501
306 74 60 92 0.184572
62 329 36 46 0.183028
615 385 24 31 0.173391
499 103 46 55 0.165142
211 528 37 49 0.160753
808 60 31 46 0.158606
609 15 57 88 0.158499
232 330 26 38 0.153823
257 43 22 31 0.153252
424 416 34 44 0.147115
962 456 26 34 0.14508
922 414 29 37 0.140827
418 3 39 49 0.137056
428 67 49 59 0.130353
116 125 33 48 0.12935
623 83 59 81 0.124618
846 149 36 50 0.123978
165 147 56 89 0.121424
890 49 35 44 0.121025
952 592 68 74 0.120888
917 532 56 81 0.120689
289 443 60 76 0.110962
826 247 23 29 0.109204
69 297 41 51 0.1092
195 26 24 34 0.108802
643 388 25 29 0.108281
677 66 62 77 0.107387
256 88 29 38 0.107268
416 448 40 50 0.106869
834 62 51 59 0.104049
518 81 35 48 0.102946
370 239 34 43 0.102645
416 99 48 66 0.100899
