focus/focus_00235
74
151 218 134 207 0.999987
879 198 38 52 0.999682
411 110 76 129 0.998796
642 230 30 37 0.926762
317 454 132 161 0.896985
925 145 19 23 0.840277
373 430 34 40 0.781685
758 348 28 35 0.773912
590 594 25 29 0.7654
428 394 60 74 0.70192
807 550 39 47 0.656414
768 206 29 38 0.643808
508 321 49 64 0.636072
970 422 35 42 0.625322
205 172 73 93 0.554256
0 407 23 28 0.527486
275 474 35 43 0.492484
985 285 33 33 0.456699
961 310 16 21 0.445283
578 325 23 28 0.431787
237 393 54 61 0.4231
9 358 26 32 0.421041
791 178 27 36 0.414309
250 455 48 57 0.385592
451 281 52 56 0.376929
203 573 26 38 0.36151
759 298 29 41 0.34201
952 243 25 28 0.340747
413 415 70 74 0.336952
949 568 33 34 0.328449
488 455 73 82 0.326383
569 149 36 38 0.322256
806 441 49 70 0.305157
939 296 31 44 0.296357
515 609 31 40 0.296075
763 394 24 37 0.289302
945 273 24 29 0.256357
529 591 25 30 0.249529
142 69 60 75 0.248517
853 336 23 33 0.246023
657 555 24 32 0.245363
348 75 33 41 0.22924
507 418 21 31 0.226225
671 176 44 47 0.21802
98 37 38 42 0.215901
360 434 33 39 0.208767
790 227 29 35 0.204896
38 130 79 96 0.199904
329 65 22 28 0.195578
720 386 20 27 0.18571
76 40 33 37 0.181389
466 177 36 44 0.178
552 660 30 36 0.174041
967 392 32 38 0.169643
152 169 29 34 0.15783
756 385 26 39 0.148215
962 368 24 29 0.148176
773 451 38 49 0.146981
982 424 35 42 0.145196
481 268 22 25 0.143399
8 379 18 23 0.137667
647 69 47 54 0.134155
626 186 30 33 0.133875
279 403 23 35 0.133681
863 332 24 34 0.125952
781 378 25 31 0.124942
487 405 25 30 0.124916
657 406 32 43 0.11932
170 2 26 31 0.11872
993 299 25 32 0.118513
982 125 18 21 0.116182
400 281 18 24 0.114508
590 632 41 49 0.10553
40 380 22 31 0.102945
