focus/focus_00506
33
461 278 55 74 1
340 272 75 92 0.999999
546 308 67 77 0.999999
644 283 103 130 0.999996
-4 364 85 110 0.999995
777 269 42 47 0.999946
957 272 25 32 0.993857
173 288 27 33 0.986892
677 394 84 105 0.956977
141 405 117 178 0.926601
323 24 47 63 0.798472
529 295 50 59 0.687381
719 -10 63 94 0.681994
858 287 28 38 0.639017
747 400 94 123 0.444681
788 337 62 84 0.354821
885 292 26 38 0.350219
437 27 85 87 0.307117
913 348 110 168 0.237862
959 220 58 67 0.236002
634 41 56 86 0.232462
375 485 34 46 0.220278
953 285 40 52 0.200461
951 310 57 66 0.19462
109 433 40 59 0.194236
223 271 78 100 0.187568
839 374 38 54 0.145085
102 402 40 54 0.140433
418 260 25 35 0.124572
372 458 37 53 0.121004
355 214 48 54 0.111185
478 252 40 47 0.10581
893 290 26 37 0.103221
