focus/focus_00245
27
438 205 132 166 0.999998
534 259 54 72 0.827739
4 443 85 96 0.704543
515 76 89 108 0.583662
761 -1 33 41 0.539645
676 532 84 110 0.512895
182 132 63 82 0.486761
546 192 53 67 0.404065
669 473 41 46 0.394568
488 394 75 91 0.359012
585 437 61 71 0.354082
653 426 38 47 0.331197
528 383 25 32 0.328288
426 370 44 48 0.318436
389 0 171 208 0.294316
10 308 70 94 0.263405
565 578 31 37 0.248762
425 458 51 57 0.205156
107 370 114 146 0.201465
631 542 27 29 0.183388
467 527 64 82 0.166962
384 378 64 84 0.165641
358 448 33 36 0.143749
990 595 27 34 0.128944
658 31 61 82 0.120894
91 590 58 80 0.112096
951 585 45 58 0.100909
