focus/focus_00519
106
465 130 27 33 0.993643
200 334 21 27 0.989871
617 12 36 42 0.917331
600 41 39 57 0.898841
846 495 35 44 0.895709
624 234 91 136 0.864688
413 557 23 27 0.839948
56 434 39 42 0.817489
26 446 22 29 0.759232
215 294 28 36 0.702899
935 123 73 93 0.678516
624 400 33 45 0.619368
220 393 65 86 0.592057
177 247 46 55 0.582635
77 284 27 31 0.565656
713 222 25 31 0.557657
879 55 40 52 0.521364
657 63 54 74 0.513421
533 265 39 48 0.481856
732 196 46 51 0.473748
322 283 39 45 0.469393
818 447 43 47 0.467262
706 503 19 22 0.463248
118 480 33 42 0.454632
506 398 47 54 0.45339
880 83 31 35 0.43607
464 405 42 42 0.412152
503 210 23 29 0.40705
867 525 36 45 0.402323
950 194 52 67 0.374099
508 283 22 29 0.364887
178 279 31 38 0.362648
33 490 31 34 0.348155
178 357 86 118 0.344335
452 175 65 83 0.343766
333 395 29 34 0.336258
172 291 32 38 0.328332
524 312 83 92 0.325126
439 444 46 50 0.313901
810 501 46 56 0.311974
721 94 33 41 0.301758
258 268 70 81 0.298467
409 240 46 52 0.294645
828 502 45 59 0.291672
533 228 42 50 0.281153
304 526 29 33 0.245922
341 405 34 38 0.244376
305 382 28 34 0.239126
682 96 41 54 0.234422
567 466 31 34 0.231866
672 174 54 85 0.228976
60 190 27 30 0.215091
374 301 34 45 0.21379
616 419 28 34 0.213487
588 207 37 45 0.207379
888 429 34 44 0.204247
381 254 48 54 0.203855
3 435 28 33 0.20352
24 498 27 29 0.196814
655 313 96 123 0.196297
954 457 36 40 0.194834
754 240 41 51 0.190589
599 17 39 46 0.180987
505 309 26 33 0.180165
516 177 39 41 0.178847
503 132 42 51 0.175723
699 240 35 48 0.172414
621 458 66 78 0.16898
276 384 36 41 0.165246
921 238 41 55 0.162405
116 310 24 30 0.162021
874 216 31 38 0.158075
511 454 34 41 0.157664
550 388 49 59 0.153165
969 383 30 30 0.151422
235 243 40 43 0.149716
166 259 29 31 0.148916
885 472 28 33 0.146052
93 409 50 55 0.144575
366 469 18 23 0.144553
75 317 34 42 0.143191
92 447 39 45 0.141613
913 169 47 67 0.13981
441 361 45 50 0.139678
239 289 30 37 0.139316
76 242 40 46 0.136692
599 486 29 32 0.134696
844 323 74 110 0.128146
882 484 30 35 0.12663
386 0 36 44 0.122137
758 406 85 94 0.121179
717 458 27 27 0.120527
798 180 30 45 0.120107
56 453 34 44 0.119308
701 -5 43 56 0.1125
114 273 28 32 0.112045
712 522 32 35 0.110448
809 380 32 38 0.109412
204 300 24 30 0.109318
566 271 27 27 0.10907
75 516 38 48 0.106613
909 207 26 37 0.10598
966 475 37 40 0.103403
344 378 46 49 0.102046
257 -2 50 58 0.100975
607 530 29 32 0.100798
