focus/focus_00218
61
733 150 87 114 0.950853
1 149 267 326 0.797761
347 629 20 25 0.67828
930 257 28 38 0.666504
875 251 30 41 0.659559
413 531 73 91 0.599517
933 486 22 28 0.58712
281 326 33 38 0.57228
796 539 112 134 0.572019
270 497 28 32 0.524496
849 480 25 33 0.493426
259 294 22 26 0.490081
570 218 41 52 0.480638
263 329 35 41 0.457856
228 453 35 43 0.446905
976 288 38 51 0.409408
327 313 30 38 0.381274
160 520 22 27 0.362581
963 328 49 68 0.3383
904 517 100 133 0.332813
896 166 27 37 0.323816
855 202 22 29 0.310483
249 599 23 28 0.307933
314 411 30 36 0.293344
899 61 33 38 0.291402
835 424 49 73 0.282197
667 567 84 95 0.281166
319 381 48 58 0.280436
51 43 175 204 0.256158
1 560 32 37 0.253944
232 115 24 32 0.249341
965 437 34 42 0.245028
437 516 27 33 0.23819
871 221 30 40 0.236694
510 517 135 153 0.236468
856 135 23 29 0.216602
854 343 23 30 0.213764
657 209 51 71 0.211637
904 253 21 27 0.208863
869 382 22 31 0.200384
444 507 28 38 0.197184
246 475 33 43 0.196743
236 469 33 41 0.190837
230 615 30 38 0.184402
900 388 23 31 0.183215
900 139 23 31 0.182058
683 220 40 54 0.180895
110 600 43 53 0.168717
378 386 27 35 0.146575
283 228 30 36 0.137209
252 623 36 46 0.133112
177 610 33 40 0.131284
370 445 59 75 0.128683
195 503 42 52 0.128516
985 225 24 33 0.119162
980 122 22 31 0.114941
900 376 20 28 0.111975
659 508 29 36 0.110883
614 496 57 69 0.109346
767 -1 23 30 0.10668
674 417 21 26 0.102194
