focus/focus_00505
27
450 51 146 199 0.999206
791 186 91 120 0.994706
366 1 84 97 0.926865
256 94 117 144 0.754995
133 105 35 48 0.712607
220 161 37 61 0.675421
98 251 53 74 0.660633
441 235 43 50 0.611589
287 68 66 82 0.411636
632 2 101 116 0.407597
95 124 97 114 0.370034
275 258 34 49 0.37002
429 260 40 47 0.358234
162 73 92 106 0.34893
767 125 35 43 0.33855
762 187 81 107 0.277198
52 100 51 60 0.273425
366 258 41 53 0.256866
398 160 50 67 0.24947
713 101 61 73 0.246615
798 20 61 82 0.228572
153 321 36 47 0.185371
361 82 68 85 0.158325
729 58 41 54 0.135326
944 339 43 58 0.116802
949 402 58 80 0.112581
332 373 26 33 0.104441
