focus/focus_00233
145
859 1007 34 43 0.999985
601 856 21 27 0.997987
664 1017 32 40 0.996234
568 894 23 29 0.988601
523 928 24 31 0.949235
420 842 23 33 0.911988
128 1024 47 54 0.877424
280 791 20 30 0.874005
787 1056 27 32 0.841775
64 799 17 22 0.789088
651 1311 56 72 0.759552
818 1006 36 43 0.747832
704 813 30 37 0.733436
803 858 41 50 0.693068
732 882 25 31 0.615684
164 499 27 32 0.607266
931 975 30 36 0.605519
705 856 28 33 0.576698
672 1344 51 64 0.566989
727 759 25 33 0.555588
223 863 36 50 0.544496
406 220 21 26 0.537474
849 1207 24 31 0.505385
289 149 25 30 0.492815
540 948 68 81 0.482809
32 794 23 27 0.473327
655 1289 25 31 0.470186
912 1026 35 42 0.448469
631 957 26 32 0.443418
170 810 57 80 0.424856
985 157 33 40 0.423953
431 1007 29 39 0.401509
490 308 26 28 0.354565
813 1024 99 126 0.35103
198 791 33 36 0.34839
77 705 25 29 0.348168
687 128 23 29 0.346092
485 851 24 30 0.344391
71 931 85 98 0.342133
449 592 30 38 0.341449
390 744 47 56 0.338157
569 1094 59 81 0.319855
0 822 30 37 0.314228
83 388 28 34 0.309047
727 944 29 34 0.303927
884 1239 27 33 0.299663
158 770 24 31 0.294623
40 768 26 31 0.294485
308 827 22 31 0.291668
326 631 31 36 0.290558
414 376 36 40 0.268304
391 84 23 28 0.266394
978 957 33 43 0.263621
470 51 25 31 0.262662
894 1196 24 31 0.262592
947 760 37 45 0.258772
613 405 28 33 0.258497
803 1011 34 40 0.25368
7 814 27 35 0.248762
728 707 25 32 0.245881
471 140 41 51 0.233201
0 662 25 31 0.230507
597 584 32 39 0.224494
270 878 27 32 0.222702
68 652 24 31 0.218841
708 963 29 36 0.218672
632 634 35 44 0.217666
406 793 43 51 0.21665
946 614 50 56 0.215583
935 997 38 44 0.213198
647 933 23 28 0.212883
468 235 20 24 0.204636
38 681 30 37 0.203213
442 698 28 35 0.202566
457 562 24 29 0.200787
207 542 33 39 0.200774
806 777 34 40 0.197626
404 775 31 38 0.197095
185 759 23 27 0.194735
368 851 44 49 0.194483
390 915 39 56 0.191106
721 723 33 43 0.187286
357 316 43 50 0.186443
392 391 22 27 0.185442
20 580 28 34 0.184167
439 472 47 51 0.182783
845 1351 33 44 0.179321
699 260 21 26 0.179199
396 353 30 34 0.177907
71 674 25 30 0.177722
354 378 32 34 0.176503
952 822 30 36 0.176193
729 768 25 33 0.175544
792 543 51 62 0.175516
356 38 20 25 0.174118
924 -4 31 38 0.171686
556 1119 57 86 0.169563
245 810 23 29 0.168682
234 778 19 24 0.164545
994 86 28 35 0.159258
648 580 33 41 0.158893
93 873 28 38 0.155773
356 722 43 49 0.154596
113 501 24 30 0.153258
608 621 23 28 0.150558
216 470 37 44 0.146545
283 674 32 39 0.144604
381 553 28 34 0.143006
458 998 39 55 0.139937
404 1096 19 23 0.138898
581 421 31 37 0.137877
290 611 24 30 0.137052
121 504 26 33 0.136519
601 1051 33 38 0.133967
536 295 25 29 0.133709
751 1050 32 39 0.132755
805 318 33 41 0.131387
626 1209 52 66 0.130347
725 825 31 40 0.129834
304 783 22 29 0.129714
371 487 31 37 0.128565
955 927 33 45 0.12814
193 462 25 31 0.127636
433 758 22 31 0.125856
168 462 25 32 0.125096
830 33 26 32 0.124899
705 770 28 32 0.122513
434 549 28 34 0.122351
251 513 28 33 0.121877
414 243 28 34 0.121676
500 987 41 59 0.121259
316 114 46 55 0.12123
470 628 25 31 0.120159
359 980 33 39 0.118962
708 1086 28 35 0.118881
401 1078 22 27 0.118107
809 520 31 36 0.11486
962 119 29 35 0.112944
348 898 27 34 0.111989
916 257 21 26 0.111647
276 746 16 19 0.109519
699 737 35 47 0.10922
160 778 25 31 0.107501
397 41 28 34 0.101211
321 41 27 31 0.100133
