focus/focus_00229
60
370 258 112 133 1
675 279 119 135 0.999997
909 286 124 170 0.999981
713 91 72 92 0.999661
298 223 75 118 0.999334
211 107 58 72 0.993511
532 183 76 116 0.984885
772 602 33 44 0.97328
769 197 83 98 0.948811
275 477 82 105 0.803119
539 116 54 61 0.790315
345 134 55 60 0.681572
131 269 183 217 0.669879
331 369 34 42 0.651794
224 602 43 71 0.62692
445 391 38 42 0.620981
76 595 31 36 0.597304
557 407 52 74 0.571196
507 172 37 42 0.524525
87 502 39 48 0.503739
617 285 25 33 0.458339
11 144 28 34 0.427191
199 251 45 56 0.377259
464 277 76 86 0.358621
25 542 59 68 0.347322
639 275 94 117 0.321331
187 592 61 85 0.318035
68 549 32 39 0.299393
-3 616 78 86 0.290112
395 492 50 58 0.278205
578 174 56 66 0.265825
-3 536 67 78 0.256044
766 297 61 74 0.229268
726 357 73 82 0.227732
492 499 38 40 0.223821
349 194 27 30 0.220011
473 538 31 37 0.209189
520 259 39 48 0.180725
505 211 30 33 0.17725
273 123 49 57 0.173591
467 61 61 65 0.172052
335 255 68 90 0.151381
470 501 29 31 0.150349
604 166 46 56 0.14996
580 100 72 87 0.148973
275 374 65 79 0.142794
597 -7 66 83 0.142635
403 450 65 83 0.137842
578 235 42 54 0.13702
513 -13 83 98 0.133828
245 229 85 110 0.132009
499 217 29 33 0.129861
685 221 20 28 0.121645
119 119 28 37 0.121625
925 428 41 49 0.120942
408 149 34 44 0.120454
60 115 37 41 0.119736
412 368 42 46 0.115877
707 27 42 49 0.106124
483 406 26 28 0.103217
