focus/focus_00251
95
122 125 37 49 0.999393
498 261 47 56 0.97447
189 220 61 73 0.93323
736 309 30 37 0.884658
651 120 100 103 0.858839
544 361 79 99 0.770999
57 180 36 42 0.769726
973 355 45 54 0.750799
858 338 48 62 0.718594
216 242 46 68 0.691527
494 406 33 44 0.673831
700 266 46 53 0.656685
33 468 53 58 0.65067
370 489 31 42 0.63678
363 168 91 116 0.617905
761 344 33 38 0.537526
139 205 61 66 0.512254
480 216 35 51 0.490546
800 537 47 52 0.46128
831 484 37 42 0.458633
626 468 39 47 0.457002
324 497 33 37 0.449893
9 395 32 37 0.443704
275 467 34 39 0.442661
976 313 37 46 0.431211
517 649 29 36 0.431046
268 579 36 41 0.428727
780 290 28 35 0.423205
825 506 32 41 0.416088
680 437 39 43 0.399123
355 486 36 45 0.388399
-9 283 69 76 0.381837
569 324 129 149 0.370971
798 266 72 81 0.363992
225 298 42 50 0.354148
276 161 87 99 0.349674
543 471 42 45 0.339885
328 524 35 41 0.33827
833 330 36 41 0.337205
595 162 35 36 0.329861
364 549 30 31 0.329048
738 291 36 43 0.311932
247 213 39 45 0.308039
426 250 60 66 0.299102
24 345 30 34 0.281036
116 532 38 46 0.279572
44 183 31 41 0.278168
422 292 39 47 0.266718
194 521 47 53 0.266097
229 170 49 58 0.265984
154 297 63 73 0.255377
729 283 35 43 0.250261
744 318 29 40 0.249349
891 109 93 97 0.245011
315 535 30 35 0.232535
967 179 53 59 0.228754
271 521 41 47 0.227448
704 597 70 81 0.227309
335 316 42 52 0.226153
223 414 33 40 0.216429
243 626 31 36 0.21498
650 475 27 40 0.214556
720 398 43 45 0.205315
777 524 47 52 0.204722
353 518 36 44 0.198079
192 642 32 38 0.196142
148 613 28 34 0.195742
147 267 65 81 0.191026
271 641 35 39 0.18576
522 429 38 42 0.185304
949 192 33 38 0.179856
69 172 34 42 0.175689
645 237 62 70 0.169617
62 283 23 28 0.169087
624 545 59 61 0.169064
780 307 66 81 0.168952
856 132 48 52 0.168112
657 185 56 66 0.167673
987 169 34 35 0.164687
459 202 45 56 0.164427
953 367 31 34 0.159591
722 332 37 46 0.15828
713 556 30 36 0.150276
503 480 53 63 0.146796
284 591 27 32 0.145265
737 450 38 41 0.139907
812 515 35 40 0.136481
351 622 26 30 0.135921
796 154 49 60 0.135123
24 432 33 36 0.1299
311 506 38 47 0.129381
594 518 71 83 0.119246
331 572 43 48 0.118705
973 551 34 40 0.116975
180 577 31 37 0.112457
