focus/focus_00136
74
583 664 32 36 0.894638
190 135 26 28 0.842875
456 485 22 27 0.798284
793 584 36 43 0.798199
143 607 88 96 0.793919
122 130 48 52 0.786005
737 628 80 87 0.769403
713 792 25 33 0.728235
589 723 54 70 0.7097
9 388 46 47 0.709297
24 603 83 97 0.704932
335 345 34 42 0.674902
482 609 20 23 0.667398
923 592 54 62 0.648082
11 127 58 64 0.616612
873 587 41 46 0.578035
562 592 31 35 0.561382
131 861 118 150 0.550988
50 697 27 34 0.550045
160 205 188 213 0.537945
203 825 47 62 0.533088
790 613 52 58 0.521177
114 607 35 50 0.517922
6 224 152 182 0.481609
790 750 58 73 0.444272
398 678 28 34 0.441887
72 629 66 75 0.422643
133 588 26 29 0.413976
352 710 26 39 0.348428
545 233 19 27 0.331774
16 779 27 34 0.327557
49 748 88 96 0.295356
611 599 19 25 0.287498
861 666 39 48 0.287275
451 124 86 96 0.278422
713 595 52 70 0.276206
161 849 25 30 0.255279
72 207 159 179 0.251009
179 364 290 322 0.250893
683 690 31 43 0.246567
8 438 50 51 0.229541
829 657 28 36 0.222033
870 804 115 152 0.219042
750 598 38 46 0.213311
434 723 32 40 0.207963
562 544 29 38 0.204831
625 598 53 70 0.199501
483 248 78 105 0.193279
811 848 72 111 0.184843
416 272 79 87 0.184826
595 517 25 33 0.183441
974 649 35 47 0.17726
204 134 25 28 0.174077
103 834 42 53 0.168657
929 631 53 61 0.168524
777 751 30 36 0.168344
395 881 56 78 0.157166
600 600 24 32 0.156217
465 225 71 82 0.154986
194 641 58 74 0.153246
515 639 53 64 0.144672
331 898 29 40 0.134016
797 852 35 45 0.127383
609 666 45 52 0.124271
602 368 45 59 0.115884
597 214 62 73 0.114365
464 621 54 71 0.112453
743 680 58 65 0.112162
573 645 32 41 0.110994
699 749 30 38 0.108675
584 624 24 37 0.106963
401 222 75 89 0.104722
518 496 25 33 0.101194
465 334 39 47 0.100299
