focus/focus_00538
40
251 178 66 78 0.999983
87 245 91 115 0.999949
397 200 43 56 0.994646
696 98 86 121 0.968376
577 322 40 48 0.929761
426 380 31 41 0.767569
340 269 32 37 0.750984
770 173 264 319 0.699663
469 198 25 34 0.466653
475 333 19 23 0.441409
348 188 73 101 0.402013
431 203 38 54 0.391162
611 272 40 51 0.375409
500 233 37 43 0.354234
416 450 32 42 0.321174
424 422 53 56 0.308138
153 60 42 61 0.30214
373 316 52 68 0.283344
147 209 32 35 0.271201
191 70 37 59 0.256502
20 293 43 53 0.248902
87 218 22 27 0.244423
73 322 90 105 0.226895
434 238 44 52 0.225841
293 106 38 52 0.215952
210 136 30 39 0.165948
243 408 57 65 0.161929
36 286 51 59 0.155275
52 489 44 50 0.149462
167 41 48 68 0.130762
352 375 57 73 0.128579
204 210 30 37 0.123431
112 133 33 43 0.121191
470 402 60 67 0.114434
371 369 50 57 0.113515
520 200 37 46 0.113002
562 491 30 36 0.111333
45 353 44 58 0.104401
532 419 27 38 0.103809
206 46 55 84 0.103164
