focus/focus_00138
132
669 247 65 74 0.941801
446 200 61 87 0.876588
962 229 52 63 0.866517
492 288 20 23 0.830094
903 124 68 101 0.780365
765 122 20 24 0.754111
375 192 26 30 0.731994
589 235 37 36 0.6766
487 637 28 33 0.672249
773 190 21 25 0.659232
654 129 30 36 0.652427
258 62 66 70 0.649258
248 350 103 128 0.644845
384 360 24 26 0.622804
792 172 24 29 0.607429
676 416 32 35 0.60409
736 234 25 30 0.601648
992 419 23 28 0.598304
641 269 82 114 0.570003
564 233 47 53 0.563317
732 105 26 33 0.559435
898 223 41 44 0.530137
799 22 30 40 0.521954
84 57 86 111 0.521269
525 217 40 46 0.519297
0 490 24 30 0.499891
796 590 22 28 0.449905
651 559 24 26 0.448547
875 485 32 40 0.424674
303 54 54 60 0.42286
402 587 38 42 0.418051
960 539 31 36 0.417416
244 287 109 149 0.404641
313 82 44 47 0.402761
678 518 31 40 0.397193
391 316 25 29 0.396214
936 325 31 31 0.391859
514 553 31 36 0.387815
648 510 33 44 0.383976
414 198 28 30 0.378349
915 598 28 28 0.37651
965 493 42 61 0.373946
667 569 26 29 0.363492
948 218 30 37 0.356474
527 414 32 38 0.336825
705 193 32 40 0.336496
617 562 32 37 0.332582
359 349 28 34 0.325354
969 605 38 44 0.323562
445 637 22 25 0.309258
162 181 79 101 0.306841
197 111 34 40 0.304383
474 362 56 67 0.299588
769 576 30 30 0.291212
397 63 30 34 0.28673
497 362 55 68 0.281552
347 84 31 37 0.27882
546 650 30 31 0.26742
452 266 40 43 0.25772
548 572 27 33 0.257223
647 577 39 43 0.250405
821 554 42 47 0.246164
334 202 34 39 0.242434
454 584 36 39 0.233516
322 118 56 64 0.23261
538 626 18 23 0.224663
937 611 28 30 0.224369
379 389 26 31 0.221142
380 223 34 40 0.219529
492 -6 30 38 0.219319
679 484 40 52 0.214267
382 338 31 34 0.21295
498 530 30 34 0.210958
426 327 62 76 0.210955
266 596 95 110 0.200988
308 185 49 51 0.199918
559 509 64 73 0.198805
991 507 27 41 0.198197
869 517 43 48 0.197203
436 557 39 45 0.19702
361 488 27 31 0.194057
856 549 37 39 0.191352
330 377 57 71 0.190068
482 177 70 99 0.187894
922 487 40 41 0.187431
422 479 42 50 0.187323
307 199 46 55 0.186467
793 503 39 43 0.185987
638 548 24 27 0.185155
720 626 34 36 0.182061
126 556 79 95 0.181706
390 459 58 65 0.181514
790 489 25 28 0.181402
662 362 31 33 0.179872
871 140 86 89 0.1769
221 67 45 48 0.175556
359 147 39 44 0.174137
697 86 32 43 0.170374
592 575 31 31 0.170136
815 651 19 22 0.167301
903 643 32 35 0.163285
909 260 28 33 0.162575
953 612 45 49 0.161559
21 355 48 53 0.153282
500 603 25 28 0.150719
450 643 29 30 0.148466
960 393 46 56 0.146841
641 559 23 27 0.146812
492 303 44 55 0.144168
921 319 31 34 0.1437
96 371 49 69 0.143455
893 516 50 55 0.141708
724 142 22 24 0.139668
100 7 25 38 0.138624
532 593 31 35 0.136668
414 609 28 30 0.13592
554 463 26 31 0.134669
969 321 29 31 0.125535
644 491 33 50 0.122405
403 522 36 46 0.121949
-1 525 20 25 0.117824
714 601 25 27 0.116712
996 464 27 28 0.116654
796 132 36 45 0.115655
679 447 38 56 0.1107
934 527 24 27 0.109805
732 456 31 38 0.107578
731 485 30 33 0.106909
495 625 23 24 0.106742
999 383 23 26 0.106082
834 198 24 30 0.100388
543 541 44 53 0.100015
