focus/focus_00262
41
321 193 131 170 0.999961
619 137 51 64 0.996576
861 81 55 72 0.99651
779 85 55 79 0.996303
366 366 41 49 0.876266
472 189 68 73 0.78433
456 730 30 35 0.62865
581 534 20 27 0.610441
307 198 28 34 0.556811
52 381 23 30 0.538888
143 120 81 91 0.514104
532 481 16 22 0.485222
322 387 48 50 0.467582
63 250 98 117 0.425755
897 44 35 40 0.365876
312 158 43 47 0.338736
350 144 21 24 0.259976
293 728 28 31 0.252131
717 358 47 60 0.249642
202 289 47 67 0.235383
517 634 24 28 0.225099
263 236 22 34 0.216267
203 659 30 35 0.207201
599 250 109 147 0.195644
358 313 71 75 0.176613
511 169 54 64 0.176046
525 334 107 133 0.172195
316 477 27 31 0.167684
218 661 24 29 0.164181
208 395 21 26 0.144587
234 736 22 27 0.140019
542 456 17 24 0.131989
37 320 31 39 0.125806
324 465 28 34 0.122729
65 341 31 41 0.121895
542 495 28 32 0.116946
350 370 45 50 0.115585
583 640 18 24 0.114169
554 485 22 29 0.111803
510 611 29 38 0.110849
988 480 20 27 0.107788
