focus/focus_00129
58
677 195 86 114 0.999996
126 160 81 103 0.999995
962 339 31 38 0.999706
888 635 43 45 0.835303
140 585 50 61 0.730703
242 365 57 91 0.59845
22 178 27 36 0.534515
980 326 31 52 0.473928
925 110 41 53 0.391675
263 616 39 51 0.376743
485 22 32 40 0.363902
760 593 41 50 0.358151
624 623 35 44 0.348695
799 396 47 65 0.344526
928 383 51 72 0.339583
164 488 37 46 0.334743
956 541 34 43 0.310886
760 639 19 23 0.294133
922 206 34 51 0.292341
927 489 36 53 0.286056
868 510 44 60 0.275723
115 438 40 43 0.266066
277 593 33 41 0.260212
950 48 32 50 0.257144
737 325 31 38 0.236872
826 265 24 34 0.231762
593 611 30 48 0.229791
763 206 34 45 0.209434
930 456 52 66 0.205926
576 498 92 117 0.195217
153 247 35 43 0.187127
749 42 38 54 0.171396
734 76 32 43 0.166983
77 185 30 39 0.157523
765 654 35 36 0.154552
721 519 53 56 0.148336
805 524 58 79 0.147515
827 51 20 27 0.146892
904 503 56 78 0.141274
863 38 38 54 0.140432
96 576 22 26 0.138377
230 607 33 33 0.136317
865 297 24 37 0.134196
777 583 33 46 0.133844
829 4 40 57 0.131636
791 485 27 38 0.128677
614 257 23 31 0.125175
182 193 46 55 0.123205
859 491 47 68 0.122671
376 456 39 53 0.116266
955 4 25 37 0.114183
442 526 17 24 0.10692
952 494 31 41 0.105602
596 359 27 39 0.105409
455 498 25 34 0.10511
801 305 30 44 0.102703
773 629 28 35 0.10064
718 414 29 34 0.100461
