focus/focus_00510
92
77 147 238 266 0.997165
95 14 200 228 0.874511
868 411 149 170 0.798247
781 203 149 164 0.790897
589 246 131 144 0.789852
459 530 39 49 0.776209
285 445 41 58 0.755987
608 602 52 73 0.754538
712 708 45 52 0.72396
633 697 41 44 0.717593
708 626 27 39 0.716305
845 195 177 211 0.704911
258 540 63 74 0.70369
443 718 60 76 0.661839
229 29 131 164 0.655041
653 674 61 74 0.595661
803 140 84 105 0.581866
448 568 69 94 0.555394
26 254 47 61 0.552156
525 501 120 151 0.549735
-2 582 156 183 0.537942
966 576 51 65 0.532755
215 452 45 59 0.509184
888 673 28 31 0.507568
44 457 66 78 0.495021
646 626 27 34 0.494567
524 360 119 142 0.486925
672 656 34 41 0.484051
442 518 19 24 0.445115
634 382 151 180 0.413073
784 462 25 33 0.408846
728 682 27 34 0.378408
-1 285 73 87 0.370116
298 259 168 201 0.362555
598 189 55 64 0.359744
545 593 80 98 0.349212
754 589 25 33 0.34526
939 800 23 26 0.341635
718 674 30 35 0.338765
594 345 135 155 0.328614
21 461 70 76 0.324172
738 202 135 145 0.318099
107 507 123 131 0.308788
119 375 115 129 0.306638
462 213 87 91 0.293505
422 223 76 79 0.289619
616 516 68 97 0.288886
459 493 24 28 0.28059
734 586 20 24 0.277121
363 440 55 71 0.276682
317 493 42 49 0.272536
189 630 23 28 0.269353
789 379 39 41 0.258774
938 703 26 32 0.240476
829 396 45 50 0.236852
435 546 51 66 0.23286
52 68 100 117 0.226796
561 656 67 87 0.223643
700 651 32 45 0.210272
898 116 119 138 0.209425
224 640 41 48 0.199215
460 288 98 111 0.197318
676 642 36 45 0.17729
659 645 26 36 0.175696
676 219 93 111 0.171157
631 655 31 42 0.168408
826 538 18 21 0.162998
211 646 33 39 0.156882
288 486 38 51 0.151792
242 500 36 53 0.15133
801 562 24 31 0.148805
887 702 47 57 0.148651
472 546 33 40 0.148394
282 684 126 148 0.144591
367 575 25 31 0.143401
717 610 25 31 0.135351
193 372 58 60 0.133078
976 768 19 28 0.132623
249 255 127 154 0.130017
950 709 38 47 0.128949
234 397 45 57 0.128762
961 805 45 50 0.127416
769 407 28 32 0.125445
925 653 31 39 0.120253
663 588 32 39 0.119821
675 721 46 60 0.111194
204 658 37 43 0.109432
508 187 93 105 0.106642
406 604 24 32 0.106439
276 519 39 55 0.104849
337 528 42 47 0.104533
798 432 30 37 0.102727
