focus/focus_00258
28
558 195 161 198 0.999993
9 346 78 94 0.906518
584 340 95 115 0.764459
472 77 61 79 0.714827
11 202 107 138 0.657632
364 224 27 31 0.55418
370 474 61 75 0.552211
522 53 93 121 0.451878
688 404 20 32 0.451381
405 283 39 43 0.432729
419 162 112 144 0.428385
537 363 23 28 0.412436
421 499 30 39 0.308162
490 80 62 82 0.28915
388 173 64 83 0.278163
391 87 95 118 0.269742
548 366 31 41 0.262032
345 585 41 54 0.250966
163 332 41 50 0.229827
340 490 64 83 0.221518
85 -4 75 101 0.214984
540 216 47 57 0.185227
561 624 18 21 0.185193
139 79 66 91 0.158282
327 519 70 83 0.145588
538 27 63 83 0.116237
107 78 63 71 0.116107
374 610 35 43 0.111473
