focus/focus_00545
33
255 365 78 97 1
325 273 67 84 1
780 267 43 47 0.999879
655 293 56 66 0.999527
527 276 108 132 0.999432
216 320 25 34 0.994774
136 288 30 36 0.880868
930 267 29 42 0.868835
882 281 60 72 0.816961
709 280 47 69 0.762866
941 261 37 47 0.59312
326 24 43 57 0.563058
723 -8 60 92 0.562906
321 202 74 96 0.554597
851 285 28 36 0.51429
947 220 47 63 0.457629
759 320 104 147 0.427949
907 444 51 64 0.415511
484 371 35 48 0.343871
438 29 84 87 0.294921
877 466 32 40 0.290543
323 57 40 54 0.270678
982 367 28 37 0.246792
635 -28 103 154 0.22692
451 351 28 32 0.214733
385 301 41 55 0.210896
520 390 140 178 0.154588
414 262 38 47 0.150939
463 368 38 46 0.142586
485 294 35 53 0.11235
320 376 40 57 0.108632
634 410 80 96 0.105559
520 39 115 162 0.102323
