focus/focus_00221
21
460 114 133 180 0.999787
294 95 150 193 0.999755
676 403 179 204 0.998633
838 189 163 211 0.996723
622 378 58 79 0.636645
197 396 119 138 0.492311
607 422 167 224 0.420434
432 365 161 188 0.387448
260 290 213 229 0.387119
486 529 40 51 0.324999
319 636 35 45 0.27944
-17 350 225 293 0.273252
524 531 26 33 0.258216
190 541 31 40 0.222491
639 337 37 52 0.191375
288 616 29 36 0.186618
385 591 33 42 0.153895
53 301 187 259 0.131773
581 556 26 36 0.130142
10 228 62 85 0.123249
397 265 33 42 0.120524
