focus/focus_00228
52
92 218 88 115 0.999965
678 131 119 153 0.999926
594 220 55 76 0.99931
373 186 43 57 0.998468
143 -25 150 200 0.992063
7 245 41 50 0.986127
854 113 141 200 0.966422
289 80 77 89 0.841712
589 595 57 75 0.790173
834 382 29 32 0.655972
828 337 50 62 0.617997
528 550 72 94 0.600801
278 139 67 87 0.588244
749 189 69 106 0.557463
821 196 55 74 0.455639
643 521 22 31 0.440079
40 374 35 45 0.436207
691 275 28 39 0.410296
211 319 25 29 0.38475
709 224 97 141 0.379066
67 347 25 32 0.364746
724 488 30 45 0.293325
688 410 39 46 0.269963
855 360 52 61 0.241558
52 487 27 33 0.240286
822 304 51 76 0.239063
570 312 66 104 0.235448
622 411 26 33 0.233082
474 531 69 84 0.231291
495 488 42 48 0.21867
811 139 46 62 0.217591
883 292 46 62 0.205694
458 162 25 34 0.203049
0 310 31 40 0.185458
622 210 33 39 0.180658
819 273 57 84 0.175393
619 443 21 32 0.174786
30 316 50 65 0.171528
41 468 33 35 0.162193
825 238 37 53 0.147235
530 490 30 42 0.146667
392 236 32 38 0.136547
457 548 52 63 0.136412
636 396 29 37 0.129818
761 395 22 30 0.121749
24 528 78 115 0.117883
963 306 52 67 0.112991
517 234 34 43 0.111285
805 220 36 43 0.110501
0 457 30 39 0.107014
809 239 41 52 0.106838
655 401 22 27 0.102736
