focus/focus_00507
38
256 52 114 137 0.999968
488 181 85 103 0.999342
704 147 59 87 0.996332
718 443 55 73 0.968241
416 166 59 66 0.935756
20 92 62 79 0.828014
555 84 48 67 0.798823
-3 311 142 148 0.779951
648 374 41 52 0.76748
961 388 49 61 0.548653
345 85 49 67 0.516475
728 278 39 57 0.417652
908 356 53 75 0.4094
956 495 31 34 0.398523
176 451 80 119 0.394658
417 74 42 55 0.368083
305 346 133 161 0.283265
490 132 59 71 0.277011
911 108 53 66 0.274498
24 134 62 79 0.264539
740 9 29 37 0.264056
600 359 71 86 0.26227
804 465 89 99 0.229773
911 258 25 35 0.195774
215 131 37 42 0.194672
792 351 110 153 0.194098
834 199 65 70 0.175281
965 91 29 42 0.170929
571 2 25 34 0.162178
272 104 102 125 0.158507
847 148 32 40 0.156102
759 167 39 51 0.152054
169 333 33 48 0.150007
698 406 33 43 0.133717
847 54 44 66 0.124966
702 464 44 57 0.12382
596 326 35 50 0.122862
372 11 49 61 0.114448
