focus/focus_00227
26
530 161 141 213 0.999507
412 309 57 68 0.701298
374 174 49 77 0.576964
466 492 36 51 0.548631
472 219 66 84 0.519379
294 505 28 34 0.449382
544 411 94 110 0.406685
812 194 98 119 0.322448
495 95 51 61 0.304881
370 290 51 67 0.234825
277 486 37 43 0.216114
306 527 32 37 0.21558
332 525 28 40 0.212798
502 306 113 137 0.20502
681 234 102 139 0.203275
442 526 35 43 0.198137
680 345 77 96 0.193449
858 311 152 183 0.182101
343 367 139 138 0.16652
279 231 35 39 0.160897
939 83 52 59 0.158289
315 390 63 68 0.153326
503 180 58 85 0.144049
739 310 148 164 0.137069
551 108 31 39 0.13236
406 276 27 44 0.108816
