focus/focus_00033
36
271 395 25 30 0.957446
272 404 25 30 0.880957
946 328 47 58 0.739233
373 531 46 69 0.712742
944 378 71 103 0.681996
537 315 47 66 0.641612
442 556 27 36 0.534198
249 84 167 218 0.477546
84 134 71 84 0.469906
464 149 135 197 0.460169
245 448 28 37 0.43202
160 460 30 37 0.41639
452 589 23 32 0.387841
182 497 30 41 0.383081
549 509 22 27 0.38079
401 375 104 131 0.373354
432 99 26 29 0.359656
916 387 78 110 0.306202
929 324 42 54 0.191698
948 541 30 38 0.174051
531 625 26 35 0.168397
378 583 28 35 0.157211
289 393 68 77 0.142893
525 338 35 49 0.136499
590 159 30 38 0.129768
710 559 31 38 0.128108
396 600 58 86 0.127943
275 410 27 34 0.127896
399 158 87 126 0.12323
386 497 21 25 0.121388
321 525 23 33 0.118659
182 537 36 46 0.116022
977 581 27 37 0.115292
240 460 35 44 0.108661
526 36 70 87 0.107692
121 371 69 84 0.106234
