focus/focus_00269
42
654 246 226 282 1
520 178 133 184 0.999956
393 248 50 65 0.999938
4 110 81 120 0.999089
162 189 58 71 0.952555
363 281 121 152 0.914304
230 227 47 61 0.848107
96 181 26 30 0.788251
117 406 139 180 0.769739
830 149 34 42 0.60449
402 553 42 55 0.531224
837 535 65 86 0.493328
335 630 27 38 0.480091
801 87 40 39 0.438557
668 162 43 46 0.42034
186 349 35 40 0.390789
807 149 28 34 0.343016
842 228 38 47 0.335747
402 437 42 55 0.316112
860 167 17 21 0.291691
345 414 30 38 0.281523
259 428 110 163 0.272906
332 406 34 45 0.265572
924 142 23 27 0.261634
541 153 68 79 0.256769
174 299 38 44 0.253136
593 139 54 64 0.250026
510 88 54 66 0.233408
845 108 26 29 0.227046
974 561 21 29 0.223136
374 503 56 71 0.205125
844 324 84 123 0.193514
339 616 27 38 0.18723
677 572 58 68 0.187158
743 147 33 40 0.18238
809 126 27 31 0.167444
413 263 45 54 0.163992
922 334 23 26 0.141455
337 471 72 81 0.139834
830 68 34 37 0.125647
822 78 21 23 0.108639
842 129 18 23 0.101522
