focus/focus_00503
36
578 0 41 51 0.999861
164 100 21 27 0.600086
86 121 36 43 0.499215
135 521 38 47 0.480461
47 111 40 50 0.406861
859 104 25 29 0.398049
268 80 23 33 0.368047
474 306 28 35 0.349895
635 504 56 63 0.313028
89 192 24 32 0.30232
229 525 37 45 0.289275
540 93 118 153 0.27884
90 150 33 43 0.272386
270 329 33 39 0.2499
223 68 23 26 0.238022
931 1 30 33 0.235806
102 58 45 57 0.233495
727 133 28 36 0.227969
545 428 34 40 0.221541
328 85 28 36 0.190068
235 54 28 34 0.186481
15 275 22 26 0.173925
154 182 33 45 0.167719
293 75 26 29 0.162324
982 173 30 37 0.160021
337 114 32 40 0.147025
491 268 28 36 0.131778
481 199 51 62 0.129483
241 143 26 32 0.123304
462 20 40 47 0.122968
80 517 29 35 0.121582
124 146 20 25 0.109972
75 67 37 44 0.10769
941 90 26 33 0.107055
345 -2 76 80 0.105103
617 381 82 96 0.102142
