focus/focus_00024
24
663 7 225 316 0.999957
552 199 110 132 0.982635
524 413 58 70 0.940174
413 189 135 169 0.792634
896 226 78 119 0.781932
302 212 109 134 0.702802
129 473 108 140 0.602495
380 427 117 166 0.529799
651 426 68 84 0.344608
558 98 134 160 0.328461
834 415 35 40 0.283791
127 287 121 156 0.224453
774 565 32 43 0.217997
519 492 204 198 0.211072
694 539 60 93 0.19517
765 530 34 43 0.18881
24 453 131 161 0.154294
438 569 57 74 0.147469
235 398 127 136 0.144478
386 590 52 67 0.13921
781 287 120 131 0.137208
817 413 37 55 0.13316
791 543 32 42 0.124516
500 621 52 63 0.105626
