focus/focus_00526
37
433 70 52 66 0.981695
164 429 23 27 0.942419
70 526 24 29 0.912995
543 113 71 84 0.707628
125 504 28 36 0.596311
456 395 76 93 0.569631
18 455 23 33 0.535571
870 318 53 73 0.523169
656 54 97 117 0.494182
18 241 53 69 0.453736
427 116 88 104 0.404681
718 209 50 53 0.36655
466 85 30 38 0.346658
32 168 22 32 0.335834
604 82 32 36 0.327135
26 488 14 18 0.31862
821 456 39 49 0.313617
221 434 35 46 0.312205
217 520 34 45 0.279325
494 380 53 67 0.261515
619 485 50 69 0.259212
167 548 27 30 0.190277
745 207 81 98 0.174574
239 476 20 26 0.162481
115 93 95 119 0.160324
34 520 30 38 0.158843
725 221 49 60 0.152411
209 273 44 49 0.144285
350 335 30 36 0.142498
755 378 83 107 0.123557
961 301 25 33 0.121666
124 274 24 33 0.121318
836 421 31 40 0.119414
217 496 39 51 0.118239
519 124 59 71 0.112383
118 509 27 35 0.10585
820 251 39 51 0.104066
