focus/focus_00220
47
598 154 192 247 0.99999
341 129 133 154 0.995857
161 304 163 202 0.924888
594 416 30 33 0.806524
527 216 24 28 0.763421
522 192 19 24 0.748689
556 261 38 40 0.636182
842 489 17 20 0.509889
535 344 38 42 0.501107
864 493 17 19 0.456161
104 407 54 67 0.442438
605 434 27 35 0.412196
646 561 71 79 0.381522
746 103 75 102 0.373862
541 577 39 45 0.33059
917 514 26 33 0.315613
388 486 174 195 0.305738
770 201 45 48 0.274153
868 477 20 27 0.271509
660 451 34 46 0.270886
473 230 18 22 0.261537
532 106 42 50 0.260513
570 496 27 34 0.254253
86 484 115 142 0.250578
780 164 46 59 0.243841
565 340 43 50 0.238658
538 288 23 30 0.228058
882 515 19 24 0.20765
513 215 30 36 0.205589
77 306 85 104 0.204115
606 512 58 80 0.201074
534 175 15 19 0.197012
782 495 43 54 0.182736
780 404 33 37 0.172472
810 428 18 20 0.159517
476 446 32 44 0.159294
915 494 23 34 0.152578
180 531 38 57 0.149683
914 480 19 30 0.138659
751 505 45 54 0.132013
773 511 52 68 0.128134
484 434 38 50 0.127911
856 395 21 24 0.123937
714 459 38 43 0.115168
780 360 29 33 0.105376
718 520 31 42 0.104755
899 438 21 27 0.101796
