focus/focus_00266
57
513 229 118 144 1
475 453 38 52 0.999999
138 188 63 74 0.983033
192 133 125 168 0.923575
935 323 37 53 0.891235
850 257 43 49 0.835594
797 254 55 76 0.814264
699 239 85 96 0.763291
897 428 37 44 0.663911
544 474 16 25 0.659846
647 328 93 105 0.659762
371 602 34 39 0.567897
612 439 86 104 0.552733
148 374 60 60 0.522268
19 248 36 50 0.505608
649 224 96 104 0.505551
314 206 26 30 0.495631
452 514 30 36 0.482646
540 484 19 24 0.478918
12 399 170 238 0.453235
533 200 74 88 0.449805
94 262 56 61 0.424749
523 469 21 26 0.421405
935 245 32 38 0.391613
802 49 36 44 0.375868
792 128 28 37 0.336473
912 372 23 29 0.292031
71 194 54 63 0.270909
920 47 29 36 0.267607
474 415 22 24 0.255304
464 625 51 64 0.253808
187 379 43 48 0.251932
762 612 55 61 0.247094
571 538 68 94 0.243454
604 -3 48 59 0.234982
869 68 46 55 0.233897
499 514 38 46 0.228627
422 553 21 25 0.222973
818 377 32 41 0.21489
868 287 42 54 0.195035
917 3 37 50 0.192814
734 204 83 98 0.18597
204 553 23 35 0.184679
720 486 65 76 0.16969
713 220 83 98 0.165539
722 100 79 98 0.16002
525 437 23 35 0.159624
204 544 28 32 0.146514
816 172 62 69 0.142757
839 48 41 53 0.136298
42 261 52 61 0.134792
125 207 29 34 0.12287
447 419 25 28 0.122855
80 270 27 30 0.114566
749 245 79 96 0.11213
278 535 44 46 0.10951
431 295 88 101 0.107717
