focus/focus_00513
100
741 239 50 67 0.999885
240 23 72 90 0.999681
662 415 42 62 0.8761
300 497 33 45 0.820588
852 489 34 46 0.786604
718 566 57 76 0.770341
11 426 123 157 0.770306
348 353 50 78 0.746056
294 448 23 27 0.72204
838 478 36 48 0.700937
356 113 21 27 0.66398
391 363 131 167 0.663035
173 426 59 76 0.655754
494 569 56 72 0.620177
854 169 50 61 0.584439
801 549 42 58 0.579601
774 396 46 65 0.577228
843 369 49 65 0.561842
229 219 28 38 0.550207
324 310 45 57 0.54363
225 620 35 47 0.536412
11 378 59 70 0.532348
238 457 22 25 0.514861
246 573 59 88 0.509931
439 293 26 33 0.493823
83 348 70 93 0.481964
324 546 31 36 0.481498
814 490 55 69 0.479998
287 526 30 43 0.478501
300 213 37 49 0.442791
407 151 30 37 0.427822
726 250 43 55 0.42256
80 54 91 116 0.415829
355 392 92 130 0.41025
72 173 52 63 0.406421
751 424 35 43 0.404473
214 622 34 47 0.380467
858 432 38 57 0.346384
333 114 24 30 0.338823
348 180 25 30 0.337861
328 646 23 30 0.318672
315 396 25 38 0.315876
936 407 44 58 0.308358
709 533 55 65 0.304579
448 238 46 63 0.30331
966 352 30 40 0.299902
402 210 25 39 0.284545
835 268 56 64 0.277953
400 335 21 27 0.27482
427 114 65 89 0.268523
504 247 52 65 0.267091
815 651 24 30 0.259732
782 506 26 33 0.255643
443 310 60 85 0.251029
802 132 28 38 0.251025
748 584 49 67 0.250876
767 319 48 71 0.249224
959 312 38 50 0.239756
319 500 25 35 0.236609
213 572 25 31 0.234268
354 550 33 48 0.221746
964 136 56 74 0.220814
727 283 70 94 0.214306
456 195 35 45 0.207928
774 165 27 34 0.200902
710 182 48 66 0.200096
802 286 37 46 0.189393
399 291 31 37 0.188707
338 594 35 50 0.183097
767 359 36 47 0.181086
732 156 27 38 0.179651
711 385 53 65 0.178601
19 603 32 40 0.174492
869 263 49 60 0.16939
237 578 21 31 0.169193
263 198 32 40 0.168441
772 201 22 28 0.166629
486 31 40 50 0.166525
249 327 28 34 0.163433
649 403 23 32 0.162328
427 318 18 24 0.160513
133 435 40 51 0.159543
816 466 37 45 0.156067
303 249 68 88 0.148814
834 210 48 62 0.144616
292 8 29 38 0.141269
708 315 26 33 0.139731
882 500 68 83 0.136688
208 499 36 46 0.13533
314 417 22 30 0.135217
200 338 70 90 0.133748
717 362 35 46 0.133381
662 358 47 59 0.133031
144 309 33 42 0.126544
387 287 27 34 0.122588
639 515 66 85 0.118734
785 445 36 40 0.117957
238 428 21 28 0.117065
769 529 44 55 0.112732
763 399 30 35 0.107369
