focus/focus_00031
91
431 242 156 198 0.999999
723 116 122 167 0.972022
796 512 64 79 0.91956
729 560 36 43 0.913599
451 188 64 71 0.898193
723 409 69 83 0.868193
837 569 117 132 0.817068
467 624 48 51 0.761218
181 137 68 83 0.760621
608 156 74 87 0.744743
868 356 37 49 0.710603
168 143 25 36 0.692767
318 564 59 61 0.667675
259 531 28 32 0.649961
895 313 107 140 0.633103
614 540 49 59 0.625218
163 642 26 32 0.606821
819 454 62 79 0.581227
566 463 46 50 0.558084
845 345 41 51 0.552629
183 468 56 63 0.541771
146 640 32 36 0.518886
535 626 30 38 0.507905
607 294 36 42 0.50569
923 500 64 88 0.501126
293 501 35 46 0.500976
620 124 86 98 0.497292
62 228 49 65 0.485868
105 482 48 59 0.452706
479 597 27 33 0.449502
645 441 44 55 0.448813
629 400 29 36 0.447449
208 299 30 40 0.428887
688 241 73 95 0.42265
68 511 58 71 0.420414
852 372 46 61 0.419799
890 494 62 79 0.395761
724 362 78 89 0.380343
548 568 40 47 0.379938
946 122 65 82 0.354239
814 262 108 118 0.348992
615 502 25 31 0.341632
298 599 46 57 0.340739
42 429 45 57 0.338833
525 197 57 60 0.33368
606 634 24 30 0.326146
943 571 75 91 0.324446
851 494 53 63 0.321289
455 602 43 51 0.31861
90 483 45 54 0.315794
720 518 31 36 0.313313
443 24 84 96 0.310199
411 413 26 32 0.281269
354 567 45 47 0.247714
65 312 76 104 0.243403
698 575 36 44 0.2434
46 -14 109 154 0.241711
350 606 60 72 0.223196
542 210 56 65 0.222273
754 132 126 190 0.217911
679 597 29 39 0.209423
606 253 30 34 0.207288
404 139 40 43 0.200952
739 24 85 107 0.193576
730 606 78 91 0.19228
664 646 36 40 0.188018
745 516 30 39 0.177459
869 221 80 103 0.172174
939 417 66 88 0.169949
285 159 57 61 0.165642
19 263 22 29 0.158752
128 285 51 66 0.144523
626 505 36 45 0.144227
533 492 55 63 0.141659
594 300 41 54 0.13498
171 43 73 85 0.130452
808 538 117 127 0.12903
336 354 69 84 0.12879
634 460 22 31 0.124668
668 286 26 31 0.124536
492 184 56 58 0.120276
654 409 30 37 0.118997
461 122 38 48 0.118931
259 381 91 119 0.118284
419 211 53 74 0.115079
627 635 41 49 0.113713
643 574 36 48 0.110864
766 503 43 53 0.105137
989 329 33 50 0.103667
570 410 29 41 0.101728
859 433 77 100 0.101107
