focus/focus_00017
32
300 435 164 179 0.998368
227 257 126 162 0.997755
923 318 59 76 0.964301
925 761 29 40 0.949171
925 537 75 99 0.842402
262 559 35 45 0.679304
607 262 59 73 0.594892
124 908 74 86 0.524064
353 447 361 413 0.521928
734 230 208 228 0.428396
417 1489 23 29 0.368257
646 411 82 106 0.333862
672 359 53 73 0.326555
586 1389 92 110 0.30623
160 1281 138 194 0.304122
275 568 89 113 0.296116
178 380 109 153 0.284833
190 131 79 101 0.280898
564 312 69 83 0.267544
318 615 94 101 0.259549
256 510 44 64 0.236213
-10 479 181 247 0.221087
577 419 48 66 0.214626
555 829 96 115 0.193506
301 600 80 95 0.187531
572 397 38 57 0.149303
222 1467 30 36 0.13603
286 675 24 32 0.126651
367 243 31 36 0.117784
808 96 179 211 0.110178
837 373 157 194 0.106067
258 1166 48 63 0.100318
