focus/focus_00520
23
706 57 81 112 0.999962
7 93 118 148 0.929999
604 78 115 150 0.868621
385 133 122 146 0.765887
618 203 40 51 0.689564
617 223 38 53 0.611197
922 194 41 50 0.601295
983 113 21 23 0.533275
429 361 60 78 0.401127
313 105 142 167 0.384687
166 181 70 94 0.328655
350 314 42 46 0.327453
927 132 45 51 0.250649
167 127 72 95 0.243278
272 171 77 101 0.225713
243 278 59 66 0.22279
545 77 76 97 0.209405
841 57 68 85 0.188963
88 45 123 178 0.149057
972 165 40 59 0.134219
647 321 55 77 0.119128
313 162 106 160 0.114997
367 314 40 48 0.10183
