focus/focus_00230
62
455 90 24 27 0.998885
730 75 30 43 0.996754
961 112 25 29 0.986596
845 12 46 55 0.924656
572 85 36 55 0.908988
800 101 22 28 0.890213
673 29 69 94 0.851216
921 36 40 45 0.8192
155 13 25 31 0.802221
961 170 58 74 0.800087
626 55 35 48 0.783887
845 208 56 76 0.753422
905 62 57 70 0.653419
397 335 84 98 0.571109
618 304 22 29 0.522324
732 388 33 41 0.468523
709 251 26 31 0.463195
536 545 28 38 0.460123
448 14 52 58 0.454235
514 468 25 31 0.407885
321 120 124 148 0.405109
387 26 37 44 0.395314
1001 135 19 22 0.386528
650 171 67 92 0.383182
106 5 42 50 0.36706
40 77 29 39 0.342645
883 19 45 55 0.322987
636 11 30 36 0.28854
709 234 24 32 0.272729
201 147 130 156 0.269194
256 -14 148 165 0.253408
584 300 23 28 0.243286
43 -1 43 58 0.232562
399 451 37 44 0.229516
626 243 33 43 0.225338
318 79 94 103 0.219105
789 589 42 50 0.208351
495 359 13 15 0.204292
469 12 47 55 0.202293
347 430 35 48 0.196633
796 21 43 53 0.183196
835 24 42 60 0.182612
526 524 26 34 0.166373
81 559 24 29 0.153946
746 75 24 35 0.152724
174 8 53 62 0.147694
441 37 38 44 0.147263
570 10 47 51 0.1458
534 487 25 35 0.145051
535 112 62 71 0.143061
192 -14 148 191 0.13553
960 124 48 63 0.134745
466 218 41 54 0.131297
565 580 31 45 0.130005
574 517 30 39 0.129744
901 157 27 38 0.128385
512 455 27 32 0.127969
874 33 49 62 0.114018
108 105 162 179 0.11177
229 347 22 28 0.109338
819 32 42 52 0.107942
731 601 37 49 0.107164
