focus/focus_00246
27
358 234 156 189 0.998007
522 371 207 223 0.847413
379 564 52 63 0.831469
483 422 115 164 0.646144
447 571 75 102 0.595257
669 6 297 360 0.545887
556 331 63 71 0.509117
939 361 79 100 0.457033
775 515 21 27 0.395126
425 616 51 63 0.390126
591 338 40 53 0.372846
953 440 61 73 0.322126
436 0 197 233 0.295769
248 151 188 271 0.253221
700 434 83 81 0.248471
312 433 114 145 0.231135
592 315 39 48 0.173566
522 27 184 199 0.168762
789 464 21 25 0.160806
396 86 150 180 0.152151
631 115 105 117 0.148717
910 382 74 93 0.143208
787 490 23 30 0.137756
413 636 65 78 0.133997
394 401 165 213 0.132326
781 500 24 30 0.123283
355 314 194 216 0.114651
