focus/focus_00509
35
535 111 66 79 0.988259
229 340 129 152 0.970586
853 36 36 42 0.858399
338 78 51 62 0.785606
274 261 31 38 0.782087
380 304 57 74 0.570359
410 446 36 42 0.560541
886 83 56 63 0.524239
87 327 41 58 0.520871
181 377 66 73 0.510322
345 64 53 62 0.5003
71 124 35 48 0.437462
669 37 47 54 0.432268
13 394 37 42 0.37658
891 115 34 49 0.344275
39 262 40 49 0.342056
104 220 46 52 0.332699
886 149 58 69 0.311025
240 248 35 42 0.296762
529 79 68 76 0.268762
70 264 28 34 0.232255
799 119 19 25 0.22155
490 491 40 51 0.220555
389 82 26 33 0.21577
542 179 35 42 0.210747
102 345 40 51 0.204077
51 420 42 55 0.201491
923 72 94 102 0.1726
437 323 27 29 0.168674
385 114 20 22 0.134794
516 439 37 54 0.124904
394 347 69 81 0.115212
444 446 38 51 0.112548
137 400 29 34 0.110789
738 19 52 54 0.104739
