focus/focus_00539
84
227 133 48 63 0.999854
620 157 51 62 0.994106
915 142 71 79 0.982672
951 232 72 125 0.894543
240 176 67 99 0.892805
493 146 33 41 0.856934
569 273 58 76 0.834842
807 210 86 105 0.83427
578 519 50 61 0.816722
688 118 60 71 0.815385
310 248 75 115 0.803759
515 152 89 98 0.757784
438 143 59 74 0.741624
529 206 75 94 0.704303
830 183 101 109 0.690346
869 340 99 116 0.681676
584 492 37 43 0.652269
329 219 57 78 0.641446
439 118 54 66 0.609396
761 121 86 103 0.590529
272 507 35 40 0.586405
132 191 24 32 0.571707
192 170 35 44 0.554639
668 300 40 50 0.553828
353 129 23 29 0.522701
35 160 34 43 0.516599
705 179 50 68 0.513905
-6 450 45 50 0.491178
851 376 98 112 0.445783
523 68 65 72 0.421009
655 352 51 61 0.418792
172 343 93 127 0.411134
289 270 80 112 0.391815
294 150 24 32 0.367321
696 472 35 41 0.361784
654 136 41 49 0.342198
781 499 72 80 0.338229
538 407 35 40 0.334061
506 116 34 39 0.32399
278 0 67 72 0.323379
373 408 30 35 0.313403
814 33 57 66 0.305608
106 498 53 62 0.300528
225 496 49 58 0.300054
296 110 33 41 0.294484
720 502 44 55 0.293522
744 602 41 45 0.28644
686 227 33 46 0.279015
673 131 41 50 0.276921
840 86 50 54 0.229649
887 456 76 100 0.21924
848 528 69 87 0.217222
623 62 44 48 0.215192
480 220 37 51 0.213485
484 140 33 45 0.208756
797 312 53 61 0.205762
712 427 44 66 0.200979
840 478 59 72 0.18957
459 204 42 58 0.183058
744 387 49 64 0.182385
89 504 36 43 0.172347
840 505 67 87 0.172217
452 86 39 43 0.16489
682 353 35 42 0.162376
955 493 22 28 0.157129
167 625 62 70 0.151037
0 516 60 73 0.14526
446 182 45 57 0.141517
353 348 41 53 0.13903
950 383 34 42 0.136373
302 510 60 77 0.135702
513 250 54 63 0.135437
803 470 51 68 0.129795
392 160 28 38 0.126003
767 486 46 65 0.124614
72 58 26 34 0.124107
805 287 41 55 0.123501
218 54 58 65 0.122445
35 137 31 41 0.12191
800 568 49 61 0.117882
359 164 24 30 0.109122
511 103 31 32 0.108482
639 267 37 49 0.107921
762 357 38 48 0.10086
