focus/focus_00531
48
195 206 263 328 0.999973
291 432 181 208 0.936833
778 100 199 256 0.906861
148 469 70 85 0.782938
664 216 172 221 0.706665
320 30 32 41 0.625241
662 563 33 34 0.592692
460 453 34 42 0.578086
500 512 47 55 0.571432
351 177 32 40 0.562213
351 43 28 33 0.561507
385 18 47 51 0.525365
507 209 45 56 0.519977
492 193 45 51 0.491504
575 548 34 35 0.490214
543 257 30 40 0.431736
43 407 35 43 0.410785
518 507 44 53 0.370773
580 382 53 64 0.349189
889 390 65 85 0.323563
253 58 30 39 0.29215
455 348 29 38 0.281447
487 517 43 55 0.281167
706 514 164 191 0.237122
269 146 23 37 0.230525
447 180 26 36 0.225131
506 235 47 63 0.224261
453 320 25 30 0.201587
368 68 34 42 0.1954
889 -16 104 130 0.192054
117 261 26 31 0.184056
326 66 39 52 0.18313
274 141 23 34 0.169915
66 612 59 76 0.158963
614 530 33 38 0.156095
207 581 89 110 0.152624
945 86 71 98 0.149862
460 189 23 31 0.141733
581 205 72 87 0.140147
483 315 39 47 0.135755
619 415 77 99 0.133468
464 594 67 85 0.128818
474 343 39 48 0.119599
476 470 23 33 0.112734
575 293 27 31 0.103663
761 -23 164 180 0.103561
17 361 31 43 0.102164
50 504 52 70 0.101374
