focus/focus_00260
22
2 246 60 80 0.888732
360 209 103 121 0.685236
292 161 66 87 0.590362
256 349 31 33 0.537769
355 153 24 31 0.497658
307 134 24 27 0.492311
371 96 26 30 0.482845
119 453 51 75 0.457876
566 445 22 28 0.425023
567 459 20 25 0.35717
703 567 32 38 0.236663
0 494 146 170 0.192165
570 552 35 41 0.18446
456 165 25 34 0.17775
246 369 32 34 0.177659
302 330 52 59 0.174287
350 241 18 20 0.147818
449 93 28 34 0.141515
334 144 21 23 0.133542
206 415 36 44 0.113461
342 291 23 29 0.107955
569 533 33 38 0.102144
