focus/focus_00527
33
885 378 71 89 0.999948
318 86 158 185 0.999725
54 364 89 110 0.995876
617 328 88 104 0.95968
756 204 74 86 0.928296
245 420 85 109 0.78125
766 723 148 199 0.758558
387 263 34 41 0.502518
792 1230 48 57 0.456751
227 553 57 75 0.442568
249 765 57 61 0.433365
151 281 166 196 0.413852
849 879 97 135 0.367395
132 502 39 47 0.342763
719 269 170 216 0.339775
296 510 41 48 0.337187
917 472 35 40 0.307116
346 390 108 112 0.284978
328 227 68 89 0.275518
863 501 60 74 0.256472
216 1249 72 86 0.220365
305 150 36 56 0.190224
900 347 64 79 0.187502
94 342 126 161 0.184632
484 1301 157 200 0.180599
259 818 40 54 0.17856
717 658 78 98 0.163349
338 512 24 36 0.129426
286 274 102 144 0.120766
394 49 32 39 0.119767
282 848 28 35 0.116232
169 220 113 140 0.108527
465 381 206 307 0.103561
