focus/focus_00034
22
433 261 192 228 0.937384
854 500 126 155 0.887105
717 265 133 177 0.762288
825 541 34 39 0.7229
62 441 221 246 0.665935
205 315 199 267 0.62507
382 341 146 204 0.618664
725 392 114 139 0.608337
819 183 45 52 0.579478
72 82 95 103 0.525584
478 565 34 42 0.452789
289 2 114 206 0.427417
465 156 67 71 0.396698
875 303 58 70 0.37643
590 471 89 113 0.32558
905 279 47 51 0.289486
366 44 124 171 0.266051
658 369 73 89 0.24662
492 36 80 100 0.218319
83 38 75 98 0.179988
930 288 40 45 0.161879
838 436 71 93 0.11659
