focus/focus_00236
61
439 282 33 36 0.999918
838 126 60 72 0.914571
93 539 100 124 0.85826
900 356 54 71 0.837203
908 476 66 79 0.772634
14 4 59 75 0.723313
562 0 41 47 0.680533
642 455 56 69 0.67043
809 570 45 57 0.661714
661 195 100 115 0.639142
210 631 44 48 0.615617
720 317 31 43 0.600757
839 358 32 39 0.589775
460 107 10 12 0.58639
912 390 43 53 0.516841
43 312 71 86 0.486137
175 249 65 98 0.458458
78 187 32 39 0.44538
579 297 67 109 0.435509
138 163 106 113 0.402229
352 335 98 117 0.363441
123 207 30 38 0.353334
875 550 54 66 0.344712
57 158 40 52 0.340763
136 319 46 53 0.323015
833 351 27 32 0.316716
135 269 52 62 0.301749
31 260 84 94 0.29741
717 351 36 49 0.293324
390 313 21 25 0.27667
778 130 46 51 0.263773
107 359 39 48 0.258955
607 186 53 58 0.257506
55 334 68 84 0.218064
814 136 57 59 0.195922
878 501 76 92 0.191898
58 424 61 84 0.190416
657 90 81 83 0.1858
343 424 168 187 0.178747
810 226 57 69 0.17827
916 572 26 33 0.175695
466 173 89 118 0.174842
380 113 22 26 0.170931
18 233 23 27 0.167718
655 336 34 44 0.166972
185 623 38 39 0.158266
602 103 38 43 0.154838
195 192 71 75 0.150734
754 528 74 87 0.148246
901 195 90 114 0.147409
518 460 49 60 0.137811
672 351 43 56 0.132355
719 556 74 87 0.131581
414 320 11 14 0.126309
801 279 61 63 0.125663
778 369 43 65 0.124957
889 595 70 81 0.119427
639 149 30 39 0.114602
631 422 47 57 0.111771
625 588 31 37 0.105678
125 171 33 40 0.105259
