focus/focus_00225
41
300 335 14 18 0.996075
748 258 31 38 0.950442
556 337 10 13 0.886363
788 473 43 60 0.683011
740 572 65 87 0.594259
336 347 14 19 0.456558
503 -7 57 61 0.432144
640 390 22 32 0.379189
497 336 17 21 0.368405
320 396 42 58 0.363296
423 370 33 44 0.363002
887 526 31 37 0.356171
562 353 26 39 0.351987
823 505 45 57 0.345239
706 301 37 51 0.287551
890 30 45 59 0.272865
852 577 36 44 0.262134
505 399 23 34 0.255467
790 406 41 50 0.252768
696 163 26 31 0.252305
459 432 16 24 0.241638
199 615 40 48 0.239926
417 109 35 46 0.233617
787 493 58 81 0.228772
453 338 16 20 0.213979
307 354 24 32 0.206318
347 349 24 32 0.206143
64 22 33 37 0.171187
481 333 21 25 0.166832
412 385 36 50 0.166509
274 457 36 50 0.160294
711 609 78 87 0.15433
118 7 33 42 0.152887
505 349 20 29 0.15133
515 340 18 23 0.141507
973 583 40 50 0.133765
307 427 35 50 0.131688
395 235 23 29 0.118379
625 419 18 27 0.110664
480 325 19 23 0.106404
874 458 41 54 0.100811
