focus/focus_00250
85
385 329 171 213 0.999495
6 422 125 157 0.97223
479 1000 55 59 0.766452
258 688 22 29 0.694251
302 1402 31 46 0.659949
541 300 41 62 0.63161
269 608 27 31 0.586076
599 851 22 24 0.580846
683 1372 26 36 0.553546
658 621 17 25 0.506572
553 645 18 24 0.495025
728 631 22 23 0.481849
489 1383 30 37 0.421416
382 1375 80 90 0.421408
313 1356 54 68 0.405646
484 269 57 77 0.402699
265 644 27 34 0.39443
368 1434 69 83 0.390153
546 646 19 24 0.385377
568 1066 46 55 0.352574
920 892 26 32 0.344891
301 602 19 23 0.341497
763 527 47 57 0.336085
223 867 20 26 0.319804
465 921 35 41 0.318869
110 1467 38 45 0.31466
272 1011 190 243 0.306753
279 636 20 26 0.303346
281 1452 47 65 0.291068
549 795 21 27 0.286908
814 793 107 132 0.284479
607 616 30 36 0.282076
455 940 50 61 0.273864
229 983 37 46 0.266139
320 1402 48 67 0.26481
397 1310 97 133 0.260107
646 816 42 45 0.251613
512 1077 18 25 0.25149
204 846 21 28 0.248195
191 871 31 40 0.240055
546 393 27 40 0.239114
309 620 25 32 0.230451
260 837 22 30 0.230026
258 814 17 23 0.226898
370 346 41 50 0.214168
581 468 33 45 0.210459
495 1349 26 32 0.210372
412 311 38 48 0.209173
437 736 26 41 0.206467
648 1109 21 26 0.205348
499 895 19 26 0.204121
278 822 24 29 0.203626
532 708 21 32 0.196607
701 244 76 98 0.185493
929 808 71 107 0.182951
192 825 27 35 0.179674
506 854 19 28 0.178881
191 848 21 29 0.177872
560 755 19 23 0.176905
345 1439 58 73 0.173268
623 787 22 28 0.172862
533 674 21 26 0.171864
284 563 33 37 0.168231
344 246 24 31 0.166919
243 608 38 45 0.158042
517 617 23 31 0.149253
572 770 20 26 0.140252
684 1403 20 27 0.140132
682 705 23 31 0.13685
587 723 17 23 0.133293
894 323 39 43 0.1326
687 806 23 25 0.131739
287 841 21 27 0.129042
531 351 38 54 0.127752
768 1325 33 46 0.127347
485 918 25 29 0.124704
533 585 46 63 0.123467
437 989 76 86 0.123018
583 738 22 27 0.120141
484 1073 25 36 0.111719
573 1082 67 98 0.111301
297 608 20 25 0.110655
725 654 29 31 0.10751
356 312 43 50 0.105479
277 862 30 38 0.1009
