focus/focus_00015
85
124 882 33 40 0.854155
827 781 71 78 0.852616
630 1047 26 33 0.851896
424 888 21 28 0.677746
339 206 112 123 0.641715
370 304 60 70 0.635969
471 959 24 33 0.551113
65 786 44 49 0.533394
137 935 43 62 0.518977
413 716 45 57 0.51006
357 857 43 59 0.509037
237 916 22 27 0.480667
842 1114 30 39 0.469791
103 816 57 68 0.433719
292 854 19 23 0.427013
404 201 142 150 0.407248
81 799 68 72 0.370948
55 864 42 60 0.357149
544 210 68 84 0.352007
176 749 77 89 0.336364
94 884 42 56 0.333018
671 396 63 77 0.310106
711 1189 19 27 0.306751
452 959 21 32 0.303888
464 996 22 30 0.302948
141 869 40 51 0.29798
927 752 59 75 0.296138
468 738 74 88 0.289318
271 863 19 25 0.279335
383 779 65 85 0.278017
652 222 111 132 0.277922
366 763 61 79 0.273516
181 1049 34 42 0.272162
237 795 26 30 0.26031
26 1301 20 29 0.259102
183 918 28 39 0.238556
629 1268 22 27 0.214842
745 898 27 36 0.209432
200 901 36 42 0.208193
483 1034 112 146 0.200713
631 1103 27 33 0.196502
597 948 46 61 0.193525
99 943 32 45 0.191047
445 902 25 36 0.190221
748 1207 20 24 0.178756
743 1064 37 45 0.176489
890 405 68 84 0.171988
154 1317 29 35 0.167638
766 832 28 32 0.167064
690 1281 22 25 0.165548
651 736 130 147 0.165186
555 611 85 103 0.160438
12 1041 52 66 0.157769
400 873 21 28 0.156736
416 1003 30 38 0.154116
23 814 27 35 0.153877
696 1297 30 35 0.153856
606 1216 43 63 0.152514
609 827 69 79 0.152443
845 572 60 78 0.141695
256 1303 22 28 0.13967
239 302 85 104 0.138193
522 352 28 40 0.137792
825 462 61 76 0.135877
392 869 17 20 0.135726
689 1084 64 77 0.133237
518 853 22 26 0.132479
505 428 50 68 0.132197
8 471 79 90 0.132036
106 429 74 84 0.131059
299 862 32 52 0.127491
503 393 54 73 0.126111
127 408 70 84 0.126023
747 944 35 43 0.125664
797 995 30 38 0.124433
320 442 84 94 0.11567
127 898 42 51 0.115368
381 568 57 74 0.114608
627 741 28 33 0.110215
15 371 62 84 0.10802
889 492 28 34 0.107111
-1 968 46 60 0.106192
636 931 47 57 0.10608
860 289 72 89 0.104997
477 413 28 36 0.104204
