focus/focus_00022
45
570 389 27 35 0.981414
736 227 145 183 0.971157
209 188 122 162 0.89877
359 367 21 25 0.658373
585 490 32 41 0.589604
36 294 76 100 0.552625
69 32 225 285 0.493864
464 24 32 36 0.457813
875 350 80 103 0.432809
595 385 14 23 0.427212
262 360 19 25 0.416017
348 497 49 56 0.398252
367 443 26 31 0.373338
262 -4 52 62 0.35894
551 555 102 126 0.335856
761 472 23 29 0.318591
315 377 17 20 0.308418
14 359 24 29 0.280615
341 414 29 32 0.280602
108 266 87 108 0.273306
589 469 38 45 0.264372
440 490 30 33 0.262298
708 40 27 35 0.243494
331 384 22 24 0.235144
842 293 58 75 0.217525
571 364 23 30 0.211746
325 254 45 51 0.208261
535 25 60 62 0.204801
490 143 24 28 0.20128
813 636 33 40 0.201028
663 30 44 51 0.197573
712 176 26 29 0.19323
957 33 40 48 0.190699
488 2 74 78 0.178759
354 398 16 19 0.170389
561 507 25 37 0.164351
292 158 39 45 0.150758
14 182 27 35 0.146517
686 382 32 39 0.141136
858 523 29 40 0.138977
343 361 25 26 0.138279
758 191 59 85 0.120898
-8 375 184 252 0.119382
262 372 33 46 0.117347
864 401 46 66 0.105176
