focus/focus_00027
46
988 581 31 37 0.789182
727 285 47 78 0.702321
798 571 36 42 0.665777
381 601 27 29 0.612086
221 611 23 28 0.533349
692 562 49 58 0.520144
433 413 49 64 0.490382
227 475 37 39 0.473873
730 227 33 48 0.406434
365 545 48 58 0.389332
762 567 36 42 0.382762
477 49 29 42 0.372203
501 69 42 55 0.352865
54 520 51 60 0.352242
776 545 36 42 0.349774
4 578 30 36 0.335228
859 248 71 106 0.321738
460 353 40 50 0.316605
433 463 25 28 0.310304
287 549 39 47 0.287006
377 631 21 26 0.25672
383 626 21 25 0.246645
450 617 29 34 0.238272
585 625 25 27 0.233265
390 630 40 46 0.213288
463 550 40 50 0.188558
934 582 28 32 0.180309
482 83 24 28 0.168494
470 533 48 53 0.166612
479 91 24 32 0.162745
812 551 29 33 0.159949
450 514 26 37 0.156682
80 523 44 49 0.150459
49 583 26 29 0.147154
4 515 70 79 0.141806
468 52 27 40 0.140232
35 578 31 36 0.140094
325 166 24 28 0.138674
506 249 21 24 0.134406
120 588 24 28 0.130752
164 510 28 32 0.128085
802 422 46 62 0.114289
425 556 34 54 0.107408
346 602 24 27 0.107261
511 193 19 21 0.103373
317 169 18 20 0.102899
