focus/focus_00243
46
435 124 124 181 0.999985
697 40 70 98 0.999955
546 10 75 108 0.999881
189 29 81 111 0.995256
809 88 53 65 0.995106
421 75 59 74 0.992127
394 437 96 136 0.905683
311 256 38 48 0.882192
755 242 169 222 0.856771
243 51 58 72 0.711531
289 99 59 71 0.687468
936 69 57 71 0.595185
603 228 61 63 0.58829
188 316 87 98 0.533459
742 394 106 128 0.486206
274 45 56 69 0.451138
244 6 58 72 0.433004
214 428 56 73 0.427832
535 46 105 139 0.412684
737 278 57 77 0.36921
586 168 30 38 0.361187
264 275 36 44 0.352326
541 390 20 27 0.345253
531 393 25 37 0.334712
470 402 74 100 0.326313
148 99 66 82 0.288572
713 257 65 82 0.274333
307 149 109 139 0.271093
479 479 42 50 0.270759
975 243 40 49 0.262769
353 365 48 63 0.255057
548 185 29 39 0.199437
554 416 16 18 0.183357
598 180 31 31 0.177402
798 181 41 57 0.161848
810 219 176 227 0.16055
715 463 32 34 0.156157
-22 336 251 277 0.155796
513 27 61 65 0.151234
378 462 49 69 0.146336
735 177 45 67 0.145096
464 375 23 27 0.144043
457 374 22 28 0.127663
809 439 89 118 0.112623
618 171 90 107 0.112259
719 242 21 24 0.108582
