focus/focus_00264
61
807 16 36 48 0.999943
217 147 47 56 0.957145
77 4 43 54 0.87644
82 144 25 28 0.851499
70 23 37 45 0.772389
670 106 70 86 0.735129
391 121 72 75 0.708296
362 402 55 71 0.688775
674 162 42 48 0.650642
551 195 35 47 0.588043
51 65 24 29 0.556488
130 547 62 68 0.523045
972 180 29 44 0.517619
123 75 23 27 0.468547
737 82 36 43 0.457149
140 100 30 33 0.425572
36 102 32 39 0.411021
770 112 83 92 0.409514
505 323 35 45 0.406642
641 91 19 28 0.405057
115 2 30 36 0.404322
79 453 26 32 0.393584
297 449 32 39 0.372118
345 193 53 60 0.355228
927 17 49 69 0.337415
912 134 40 46 0.337395
853 24 57 64 0.337075
241 117 47 61 0.334015
277 554 67 76 0.327297
236 572 52 61 0.326846
90 187 40 54 0.325713
133 16 31 30 0.323792
304 193 43 48 0.309566
131 385 23 25 0.295692
508 111 82 97 0.267394
644 143 51 68 0.264853
108 209 42 52 0.261742
276 254 29 33 0.250177
257 427 31 34 0.249344
6 2 30 39 0.248255
134 290 50 74 0.240761
-1 425 45 58 0.220791
246 215 46 51 0.219618
969 249 52 74 0.216698
762 181 27 32 0.206897
811 106 60 65 0.19906
175 527 60 70 0.184816
330 181 35 42 0.183384
272 131 31 42 0.172633
308 135 54 65 0.16874
65 52 21 26 0.163784
92 143 28 30 0.149465
22 2 20 24 0.135649
969 200 48 70 0.132308
145 592 52 57 0.126959
590 79 53 71 0.123332
119 287 46 72 0.114154
98 408 18 22 0.113821
577 311 22 25 0.11211
577 170 23 31 0.107187
222 274 36 50 0.102007
