focus/focus_00226
122
405 207 24 32 0.998948
156 145 26 30 0.991927
884 221 25 33 0.976277
649 161 18 25 0.970174
803 195 23 33 0.932794
941 330 31 40 0.883516
77 400 61 73 0.812898
839 351 32 40 0.729091
392 584 34 41 0.717564
690 330 32 39 0.70073
386 533 53 63 0.663672
592 320 29 33 0.604532
83 293 21 31 0.593831
742 349 44 54 0.575991
579 169 19 27 0.564135
853 456 38 46 0.514494
768 259 22 24 0.507349
325 376 71 73 0.503529
658 257 44 54 0.494971
299 421 30 32 0.490696
644 613 28 40 0.485876
618 317 37 46 0.460815
937 347 44 54 0.436056
310 350 30 34 0.432107
230 372 33 39 0.427574
47 270 32 44 0.426438
894 289 27 33 0.425897
874 542 37 48 0.424488
773 427 66 72 0.412082
858 340 87 102 0.409283
697 340 29 35 0.406826
548 533 20 25 0.402005
979 336 39 45 0.400998
706 332 30 37 0.391607
564 222 44 52 0.376191
661 158 25 31 0.351311
651 352 32 40 0.350885
0 422 52 58 0.349351
658 195 27 32 0.345289
185 517 63 79 0.337284
539 333 36 38 0.335944
108 385 34 43 0.332571
374 259 24 28 0.327292
52 84 18 26 0.326499
618 380 43 58 0.315434
33 306 56 66 0.311725
294 478 36 44 0.306909
637 378 45 53 0.304933
621 197 22 33 0.290476
811 574 23 25 0.290357
612 270 27 34 0.290245
470 228 39 45 0.279056
780 317 27 37 0.268315
781 381 32 38 0.256159
806 307 50 52 0.25495
622 297 28 34 0.253485
448 308 38 50 0.248716
668 194 25 31 0.237584
778 356 34 47 0.235867
892 512 23 30 0.235627
762 229 33 36 0.234473
75 284 23 28 0.232312
531 438 55 70 0.228691
194 501 66 71 0.226356
181 356 30 38 0.221323
481 341 40 49 0.218802
600 191 22 32 0.211634
139 502 48 62 0.211013
401 268 25 30 0.21058
483 416 37 43 0.209399
478 258 23 27 0.205234
840 277 55 61 0.20169
472 262 24 28 0.20068
65 114 29 33 0.200524
521 235 22 29 0.196419
106 345 33 38 0.196417
758 423 53 61 0.19436
317 485 42 44 0.190652
555 318 37 41 0.188837
476 281 28 36 0.187475
133 116 23 28 0.184915
833 203 57 65 0.180965
637 272 22 27 0.177448
206 386 29 34 0.174884
93 106 20 25 0.170763
956 553 39 45 0.170628
533 87 16 21 0.164011
282 320 52 56 0.162571
371 277 29 37 0.160308
136 85 22 31 0.159008
171 194 26 33 0.158588
573 603 33 41 0.155137
416 301 22 28 0.151348
513 366 40 43 0.151124
111 122 24 27 0.147443
107 166 45 61 0.144985
728 344 19 26 0.144536
23 421 43 50 0.140433
163 554 67 81 0.137229
650 185 26 31 0.135052
866 262 45 52 0.13389
241 403 32 36 0.131369
250 437 39 46 0.130464
496 275 30 40 0.128511
835 565 41 51 0.125802
858 443 25 28 0.124426
760 309 34 40 0.124298
531 127 23 31 0.123343
995 614 24 29 0.117364
49 344 63 82 0.116233
130 653 25 31 0.115014
753 321 29 33 0.114607
34 449 79 96 0.113823
536 363 33 43 0.112658
521 595 22 30 0.110263
777 230 46 60 0.108673
176 512 28 34 0.106894
495 643 20 26 0.105556
413 588 38 44 0.104617
721 242 35 42 0.103143
541 226 25 34 0.101767
198 263 23 27 0.100706
