focus/focus_00263
86
640 609 67 83 0.999577
568 2 48 58 0.888874
554 432 28 33 0.856323
396 23 27 31 0.806196
146 576 27 33 0.744679
780 41 74 92 0.716704
387 546 47 59 0.691406
249 621 29 35 0.655638
119 109 37 46 0.626164
414 580 31 39 0.566097
397 332 58 62 0.559102
702 557 59 74 0.558758
859 62 46 50 0.534749
587 487 25 32 0.520572
212 541 28 34 0.500519
310 522 103 140 0.492042
240 590 38 43 0.456177
930 460 60 85 0.447542
177 64 43 46 0.386858
884 324 33 40 0.368205
888 175 40 52 0.363787
929 58 27 30 0.342671
939 123 31 45 0.341284
416 478 31 40 0.334475
688 -7 94 111 0.321623
923 559 31 39 0.306609
511 467 32 35 0.304068
995 259 26 32 0.295193
801 349 30 36 0.291335
256 120 54 65 0.288259
174 219 36 45 0.279483
365 297 30 36 0.271559
546 456 36 44 0.262621
242 37 36 47 0.2619
537 243 143 159 0.249891
591 392 80 90 0.234199
398 593 28 36 0.231054
430 363 36 43 0.228252
145 46 34 53 0.227604
287 -2 45 54 0.224237
944 138 36 45 0.211163
494 481 44 52 0.206702
509 162 49 61 0.201415
725 582 47 61 0.200266
910 16 23 31 0.194904
254 22 42 51 0.194764
445 446 52 66 0.193618
74 272 36 48 0.19313
933 110 30 44 0.19159
418 32 40 51 0.182911
337 492 67 93 0.174549
526 549 76 106 0.173431
525 359 27 37 0.171233
40 544 39 51 0.170756
930 364 83 119 0.16803
134 425 32 39 0.161605
27 47 43 52 0.16156
795 22 44 55 0.160803
308 74 43 55 0.153635
427 86 32 52 0.153397
728 299 76 104 0.15189
358 274 29 33 0.151567
191 98 26 30 0.15025
457 643 20 24 0.147253
909 97 19 25 0.139314
914 302 23 28 0.137828
424 189 54 68 0.136758
311 224 32 39 0.135224
879 344 28 38 0.128606
374 475 24 32 0.128112
959 25 23 32 0.125172
656 114 23 30 0.12436
910 187 45 54 0.122247
541 402 27 31 0.122119
932 88 23 33 0.121909
687 54 68 90 0.116811
964 140 46 57 0.115386
916 235 27 38 0.112652
506 112 55 78 0.111909
204 394 35 39 0.111108
215 549 31 45 0.106978
225 546 34 50 0.10533
839 94 24 32 0.105029
874 331 25 29 0.103466
184 406 25 32 0.101523
907 626 48 57 0.100896
