focus/focus_00232
29
636 258 67 90 0.999088
592 282 63 78 0.813177
615 488 29 35 0.738896
682 252 66 84 0.612722
579 353 40 46 0.419546
494 375 29 33 0.416542
957 51 24 26 0.39945
988 159 20 28 0.367826
648 567 22 24 0.358287
982 52 21 27 0.351522
605 466 34 40 0.308054
486 504 18 29 0.29824
618 360 29 35 0.295775
159 626 26 37 0.27423
956 650 21 32 0.244069
963 145 24 31 0.234905
720 376 94 116 0.227847
997 643 14 22 0.221091
831 605 22 32 0.21619
895 587 22 30 0.207935
975 149 18 22 0.184466
951 241 27 39 0.180683
983 28 18 26 0.179492
746 463 77 99 0.174393
509 387 33 42 0.171291
350 49 25 30 0.159946
987 654 19 25 0.136248
825 648 29 35 0.108924
587 384 54 62 0.102873
