focus/focus_00242
113
709 129 37 55 0.997977
468 405 144 178 0.991883
643 585 43 50 0.88872
790 575 35 42 0.886768
372 375 109 124 0.817596
817 178 75 99 0.78247
47 592 23 29 0.773108
102 636 28 32 0.771646
865 542 37 39 0.758623
932 132 57 66 0.745381
828 364 82 99 0.744109
101 546 39 43 0.724035
756 625 45 49 0.723986
135 518 51 60 0.721809
205 492 42 49 0.714124
285 509 57 66 0.70923
59 614 27 33 0.703234
957 395 36 42 0.692145
925 573 65 70 0.62078
92 640 20 24 0.524944
151 586 28 33 0.510801
271 594 28 31 0.506551
260 604 34 40 0.505484
88 581 28 36 0.498816
895 531 47 55 0.489495
782 289 96 117 0.488056
859 374 76 95 0.485577
487 353 39 47 0.46246
26 240 78 90 0.461319
933 512 34 41 0.45417
76 240 61 74 0.422377
981 622 27 31 0.400965
108 25 22 26 0.400641
987 381 35 42 0.393334
110 600 27 33 0.38773
379 548 54 64 0.386214
36 563 40 48 0.38176
987 467 32 37 0.37313
905 225 64 73 0.370646
469 384 26 29 0.369358
17 545 30 37 0.368067
916 458 41 50 0.365445
131 616 22 27 0.357061
159 406 104 118 0.343485
609 558 48 52 0.341214
615 637 33 38 0.33047
604 500 50 57 0.315754
803 614 32 37 0.313503
816 627 25 31 0.313008
675 629 34 41 0.307329
966 559 32 36 0.304511
687 436 57 70 0.299197
166 209 73 104 0.293665
41 526 46 57 0.286214
455 644 38 39 0.28385
876 560 30 36 0.263829
595 589 25 37 0.254778
943 215 71 82 0.254375
75 178 51 67 0.251199
777 625 37 43 0.245282
279 537 47 58 0.245171
208 567 40 48 0.241962
169 585 33 38 0.24168
241 554 34 42 0.23741
914 130 58 67 0.23731
125 639 29 35 0.22917
799 159 37 47 0.227214
879 169 66 88 0.22701
273 403 83 104 0.224
44 646 24 30 0.222151
957 472 31 39 0.22189
856 442 43 50 0.211232
405 285 20 24 0.200808
894 564 37 43 0.197675
924 502 32 39 0.18961
943 395 38 43 0.187622
810 506 40 50 0.182965
173 517 40 50 0.1828
877 443 42 49 0.181402
910 434 36 47 0.175267
151 48 27 31 0.172572
718 334 43 61 0.17208
79 595 33 36 0.170939
251 568 31 35 0.169936
947 440 42 51 0.164453
977 555 32 36 0.154395
808 633 29 34 0.153523
755 401 40 48 0.150269
626 633 40 42 0.146037
890 335 46 56 0.143382
197 574 32 38 0.141556
820 89 21 25 0.139044
469 358 18 21 0.137433
979 391 30 38 0.128771
499 353 40 44 0.12709
73 145 44 49 0.126206
366 364 38 57 0.126019
852 525 41 47 0.125301
885 495 39 41 0.123934
972 637 28 36 0.123367
129 556 44 49 0.121306
124 629 24 30 0.119825
897 126 22 27 0.116963
84 306 65 80 0.114917
446 567 33 52 0.114594
309 358 54 67 0.113817
777 245 98 119 0.112456
791 642 33 45 0.107841
18 584 33 41 0.105263
663 426 55 61 0.102605
632 556 34 42 0.102597
60 536 53 63 0.101579
104 485 49 58 0.100075
