focus/focus_00019
41
24 153 145 182 0.999936
481 44 85 110 0.995578
532 510 43 48 0.928031
687 101 84 99 0.882881
370 225 51 65 0.826091
375 197 48 63 0.722333
250 77 114 149 0.606076
808 2 162 197 0.575328
363 411 77 99 0.574176
145 375 26 36 0.547059
442 447 43 49 0.530332
603 174 412 485 0.491967
210 386 27 33 0.460238
538 444 32 35 0.434011
365 267 85 119 0.422023
504 539 31 39 0.393007
544 324 79 105 0.385024
81 263 90 110 0.384359
111 382 23 31 0.309234
255 288 138 138 0.307353
523 461 42 49 0.291226
477 605 31 37 0.284221
166 384 23 31 0.280862
152 316 50 59 0.261003
722 43 81 97 0.258367
345 488 46 57 0.256021
476 436 23 29 0.255325
175 373 26 32 0.242199
520 512 38 48 0.242159
198 129 137 174 0.240632
440 512 61 73 0.195688
433 268 151 176 0.174581
179 330 50 59 0.144892
229 -2 97 132 0.115713
564 538 28 39 0.11121
519 488 49 56 0.108477
549 563 21 29 0.107253
223 370 46 59 0.105413
546 458 50 59 0.104863
231 330 44 60 0.100351
-5 312 129 171 0.10016
