focus/focus_00504
26
663 128 101 149 0.999996
168 460 47 61 0.999994
298 460 48 57 0.99998
217 249 41 46 0.999886
548 184 45 54 0.999844
349 452 36 50 0.999667
29 477 51 61 0.999545
306 520 62 72 0.999435
961 338 36 51 0.98614
617 252 105 139 0.918747
779 75 82 116 0.841364
498 417 67 84 0.784892
533 278 34 40 0.583255
255 323 28 34 0.551818
311 451 54 63 0.431903
377 522 39 47 0.422134
254 361 29 35 0.261633
568 280 28 34 0.250294
499 517 33 44 0.218971
596 268 49 61 0.203097
588 500 36 49 0.187564
247 494 29 33 0.180331
721 82 98 122 0.165899
740 168 54 69 0.132258
773 216 67 75 0.128884
206 342 65 72 0.105873
