focus/focus_00216
29
174 859 75 102 1
377 838 85 112 1
270 838 91 123 1
714 178 237 289 0.999988
150 224 217 283 0.999889
414 160 244 321 0.999799
272 1026 47 54 0.861538
657 951 39 47 0.817471
346 1331 332 336 0.616895
649 1018 72 80 0.518387
663 256 45 57 0.416866
289 800 31 35 0.264238
269 956 25 30 0.261791
602 826 18 22 0.26089
291 1192 270 321 0.226798
647 958 36 43 0.21408
183 822 32 37 0.212059
864 691 49 59 0.190329
54 585 224 251 0.188947
943 460 54 66 0.166477
865 600 38 41 0.140537
164 831 33 43 0.136293
562 699 77 89 0.131311
131 1047 35 43 0.124887
367 972 22 27 0.124366
719 524 22 24 0.121338
273 818 27 30 0.116026
108 968 79 106 0.104481
357 1019 39 48 0.100062
