focus/focus_00241
49
944 382 77 111 0.998661
658 339 152 199 0.996606
463 522 65 71 0.991032
437 336 62 74 0.921527
547 357 60 71 0.818096
439 513 50 56 0.713309
327 507 71 88 0.657046
373 343 32 41 0.65553
406 342 50 61 0.616192
903 574 105 140 0.583785
225 342 31 40 0.547955
8 408 32 40 0.538651
313 375 64 82 0.506305
170 500 72 93 0.471037
214 377 52 61 0.419433
226 363 48 55 0.396584
744 102 44 52 0.394163
59 335 55 70 0.367561
805 330 57 65 0.358027
768 439 103 136 0.340061
861 345 66 92 0.339975
525 361 28 32 0.337498
617 388 32 47 0.31051
535 551 39 44 0.305567
801 379 33 50 0.296764
165 592 37 44 0.281122
620 489 38 66 0.23408
694 277 113 136 0.231539
274 541 40 52 0.229322
392 356 43 48 0.223913
604 317 31 45 0.212235
321 338 56 76 0.211012
137 359 60 65 0.205183
125 434 64 76 0.194623
86 339 84 110 0.190597
857 515 59 71 0.181471
241 476 44 58 0.181379
610 370 29 37 0.179834
635 294 143 190 0.172384
874 591 74 106 0.16215
851 545 46 54 0.149709
193 344 26 33 0.149344
26 377 48 64 0.14752
177 447 28 35 0.127456
192 489 73 102 0.114846
49 355 41 54 0.112812
26 438 33 43 0.112489
12 447 30 39 0.101032
479 230 52 62 0.100971
