focus/focus_00023
40
686 52 212 309 0.999781
409 262 45 50 0.938212
397 53 176 196 0.909327
622 375 38 48 0.848457
838 505 44 62 0.838786
439 270 36 40 0.674207
571 250 77 94 0.649062
532 301 22 30 0.526189
398 347 27 33 0.504282
507 408 22 30 0.494805
705 642 32 36 0.442973
557 329 17 21 0.420591
512 295 30 39 0.384398
581 393 19 26 0.365897
439 317 67 82 0.356697
729 515 108 131 0.356111
283 242 23 30 0.336185
469 306 22 26 0.321027
555 373 26 28 0.319444
690 641 34 38 0.317904
528 414 23 35 0.296012
558 384 25 31 0.292105
42 152 147 153 0.2598
552 303 26 31 0.242466
933 145 41 53 0.217017
604 368 20 25 0.201828
929 544 59 70 0.199649
593 331 18 21 0.198341
706 577 45 58 0.189769
492 306 17 25 0.177199
551 285 20 25 0.167937
607 298 56 69 0.162408
896 390 33 47 0.160749
932 296 54 77 0.145593
613 397 17 23 0.141687
991 298 37 47 0.134239
506 241 17 26 0.131713
165 263 43 54 0.131685
471 -16 156 191 0.121291
485 391 18 20 0.117601
