focus/focus_00248
31
725 4 287 382 0.999968
626 266 26 40 0.732366
703 555 152 131 0.60885
532 324 29 37 0.505283
499 160 33 37 0.489464
478 236 33 45 0.452941
509 419 33 48 0.385511
589 218 35 43 0.367646
504 206 25 29 0.330435
464 442 29 38 0.328055
483 407 34 49 0.282302
480 394 26 34 0.275302
601 327 27 35 0.269126
619 307 26 35 0.2594
549 390 19 28 0.25294
524 398 26 37 0.231529
591 396 22 28 0.226628
599 282 24 27 0.224122
382 388 64 85 0.194647
542 361 19 24 0.192833
605 411 24 30 0.186183
494 303 24 29 0.181036
604 207 21 27 0.158521
499 444 27 36 0.152815
617 198 23 28 0.149362
584 362 22 26 0.140787
506 344 17 26 0.13199
573 364 23 25 0.127455
511 210 23 27 0.116402
526 154 23 33 0.104176
465 292 21 29 0.102873
