focus/focus_00237
97
614 15 68 92 0.947995
110 21 26 32 0.945576
832 148 55 72 0.827869
587 418 33 37 0.816671
645 441 19 22 0.762298
200 634 67 78 0.75906
548 185 59 76 0.753715
205 246 30 37 0.725949
319 319 22 27 0.561532
98 21 27 30 0.561029
78 591 56 72 0.546296
432 578 50 57 0.531301
104 325 43 54 0.530264
319 107 126 164 0.529989
702 333 33 42 0.523182
209 117 25 31 0.514728
53 272 19 24 0.489677
417 299 124 162 0.428774
135 646 104 121 0.423447
376 377 46 52 0.41825
394 483 27 33 0.406308
677 518 21 27 0.405371
304 1 37 45 0.392327
641 170 25 29 0.390258
292 62 47 57 0.385903
251 175 43 55 0.355385
42 317 52 67 0.347534
704 100 54 64 0.344765
717 70 27 41 0.340749
575 324 41 48 0.329676
556 321 35 40 0.320907
613 266 27 35 0.315047
213 560 34 46 0.307249
277 630 72 87 0.305864
728 499 22 32 0.298099
165 614 38 46 0.294235
230 266 63 76 0.294115
156 246 23 27 0.291906
174 103 35 41 0.283297
391 563 29 36 0.282542
357 30 30 37 0.266351
890 146 36 44 0.262747
526 174 63 89 0.259469
282 568 28 31 0.25881
632 442 18 22 0.247707
270 117 139 170 0.234874
427 94 132 175 0.231014
771 -1 24 31 0.226906
63 26 26 31 0.223829
747 557 23 32 0.221474
97 666 89 102 0.211707
147 7 55 69 0.189883
419 415 58 76 0.186882
71 98 39 46 0.186581
196 422 23 29 0.180223
609 242 25 31 0.179816
649 600 32 47 0.179261
755 329 33 39 0.177672
20 287 28 34 0.170158
137 277 23 28 0.165058
735 240 22 29 0.163498
553 55 31 44 0.1629
312 381 93 118 0.16248
590 543 39 52 0.158477
612 318 36 44 0.158087
104 261 46 52 0.157667
137 230 24 28 0.149213
364 21 29 33 0.147586
730 515 22 30 0.14172
330 313 31 34 0.137216
427 543 43 48 0.134441
708 355 23 29 0.133125
568 511 21 28 0.131468
580 569 24 30 0.129035
572 252 21 28 0.12412
736 216 23 30 0.12406
799 78 24 32 0.123785
200 31 25 32 0.123635
127 245 35 42 0.122229
760 367 47 61 0.122177
607 174 27 36 0.121344
361 708 26 30 0.120654
749 608 30 44 0.119144
79 635 69 90 0.114569
616 391 35 47 0.111835
238 629 85 109 0.1109
572 534 20 27 0.110834
197 443 38 46 0.108706
566 551 23 31 0.108687
631 456 29 42 0.107031
212 100 25 30 0.10641
601 501 19 23 0.104001
828 321 52 66 0.102933
370 323 34 41 0.102247
195 346 26 31 0.102239
380 343 45 58 0.100563
179 68 42 50 0.10039
