focus/focus_00529
54
378 135 154 208 0.999998
846 24 166 205 0.999972
538 69 144 183 0.999957
793 267 83 112 0.780397
151 340 39 45 0.710887
541 196 76 89 0.684507
720 249 116 134 0.678121
322 405 58 64 0.620794
816 309 86 88 0.618775
934 308 54 61 0.604257
-2 435 39 47 0.599889
175 324 39 40 0.59112
495 327 145 171 0.550154
264 360 31 37 0.536789
669 309 20 25 0.484792
223 467 23 28 0.483462
651 379 22 26 0.456399
655 367 27 31 0.450611
948 466 45 47 0.432418
530 630 22 26 0.409849
131 432 26 31 0.385077
327 644 21 26 0.36549
861 571 24 30 0.361788
922 509 37 42 0.332653
520 95 31 38 0.324986
272 141 115 151 0.324439
692 399 66 83 0.322424
301 159 125 174 0.31106
914 542 40 50 0.282575
901 420 56 72 0.280009
31 452 139 216 0.261792
759 391 57 91 0.260245
134 341 43 58 0.257135
953 642 25 40 0.24048
945 321 54 67 0.230079
663 326 28 34 0.190342
475 536 28 33 0.189398
497 462 43 59 0.186872
518 582 23 28 0.183482
284 605 27 31 0.183267
534 644 26 33 0.179922
210 484 21 25 0.173101
844 386 20 26 0.170729
828 612 31 42 0.168932
292 630 34 43 0.160473
849 259 115 149 0.14389
904 483 32 38 0.141688
473 503 37 38 0.12863
167 533 23 28 0.118655
954 420 21 26 0.114007
175 504 27 31 0.112783
949 581 16 25 0.111175
234 466 23 25 0.104785
605 387 76 88 0.104699
