focus/focus_00516
23
286 133 64 104 0.965137
802 126 71 113 0.961042
768 439 46 60 0.659744
788 484 64 82 0.479338
434 522 36 42 0.459895
885 257 71 91 0.456847
720 366 78 87 0.388237
882 372 51 61 0.362372
904 374 44 53 0.325312
901 422 32 38 0.2996
961 454 47 57 0.266658
821 76 33 38 0.250188
866 -9 42 58 0.212669
930 387 30 36 0.208138
818 449 46 55 0.195665
14 407 25 28 0.190978
673 444 43 56 0.170896
759 445 25 34 0.170312
711 401 52 64 0.161325
344 464 38 48 0.15163
910 330 41 50 0.148191
763 536 36 45 0.13727
812 248 84 108 0.114281
