focus/focus_00135
67
320 42 42 52 0.999999
276 482 66 76 0.871779
142 571 60 66 0.812656
511 589 43 51 0.776603
511 396 44 56 0.751944
885 405 113 128 0.695561
50 633 43 51 0.630588
386 485 41 56 0.605193
66 382 33 44 0.583392
280 450 58 75 0.496172
712 477 49 57 0.463658
859 392 67 75 0.421906
843 481 30 37 0.41428
620 415 55 69 0.411317
348 619 41 47 0.403729
526 386 47 59 0.398234
633 614 36 41 0.370593
596 381 45 53 0.368582
388 298 150 195 0.361962
907 538 135 152 0.351287
150 410 62 69 0.350766
793 584 32 44 0.343381
793 410 67 79 0.341735
794 604 30 36 0.330419
283 599 51 55 0.32968
195 24 37 46 0.321728
505 194 147 179 0.319944
82 508 38 46 0.314774
635 374 51 59 0.308493
608 576 53 56 0.306978
283 276 48 64 0.303284
103 549 42 52 0.286317
142 618 50 53 0.27813
471 611 93 103 0.274951
112 648 39 43 0.253829
230 49 86 111 0.251853
251 600 50 57 0.250106
424 460 81 94 0.248988
461 560 40 48 0.243292
207 602 47 53 0.221821
772 640 35 43 0.215582
306 180 169 251 0.20501
482 484 36 44 0.197354
654 551 72 107 0.196445
7 552 32 38 0.19237
165 550 40 47 0.190969
262 403 70 89 0.189129
213 85 118 194 0.183452
202 0 32 40 0.175281
619 627 52 57 0.168377
493 547 58 69 0.162888
172 636 38 41 0.15988
756 600 31 39 0.153841
384 584 38 44 0.143708
196 375 106 121 0.141957
95 602 42 47 0.136948
333 127 20 27 0.136356
314 536 42 48 0.136266
5 654 21 26 0.130243
672 17 37 47 0.127146
978 52 39 55 0.126184
697 -2 44 56 0.123934
652 0 29 39 0.122531
99 330 52 61 0.122405
803 -1 64 87 0.113623
720 622 33 45 0.110117
266 639 32 34 0.101968
