focus/focus_00256
73
576 88 103 141 0.998314
831 87 95 118 0.983437
247 622 23 27 0.930907
154 386 94 104 0.924353
668 150 199 277 0.882773
337 525 70 73 0.857623
236 302 38 43 0.829769
337 331 108 159 0.738949
172 261 29 37 0.690967
397 438 107 136 0.677622
249 382 23 27 0.619896
107 388 23 32 0.573978
264 151 120 160 0.503735
207 596 24 26 0.497819
179 140 24 28 0.480036
36 363 58 70 0.441694
637 474 73 78 0.394036
138 33 22 26 0.393712
189 623 18 26 0.387537
331 587 42 50 0.372688
619 391 82 115 0.345122
257 405 55 62 0.339664
145 41 29 35 0.337214
34 463 18 21 0.328371
222 367 29 36 0.318998
326 240 140 190 0.318483
376 564 39 48 0.298771
102 13 22 25 0.296507
102 139 21 29 0.295098
237 589 24 27 0.289457
188 544 23 28 0.247685
99 564 15 18 0.246852
153 529 22 28 0.24251
654 647 37 39 0.240357
145 592 19 23 0.237511
861 360 128 167 0.223035
210 616 31 37 0.210614
787 366 98 145 0.200396
134 611 25 34 0.197445
317 659 20 23 0.195807
195 32 21 25 0.185059
388 555 40 51 0.182881
314 527 52 59 0.182113
273 408 61 68 0.178966
112 489 30 37 0.177203
263 26 18 21 0.177119
178 544 18 23 0.176498
183 166 42 49 0.176366
244 637 29 34 0.173962
519 637 32 36 0.173037
243 28 19 27 0.159694
96 630 35 45 0.151434
16 75 26 32 0.147837
230 121 24 29 0.146302
120 179 23 28 0.14598
145 331 16 22 0.144786
443 352 34 49 0.14126
237 632 27 32 0.139229
219 547 17 23 0.134293
190 393 84 97 0.126504
258 40 48 58 0.122746
296 320 34 39 0.120062
244 64 38 49 0.119858
137 9 23 28 0.116177
231 547 19 25 0.114979
255 345 53 63 0.114945
218 559 24 28 0.113488
870 35 110 146 0.112539
301 639 19 26 0.109648
169 506 20 24 0.107828
81 213 43 54 0.104018
507 212 161 197 0.101039
197 539 33 38 0.10096
