focus/focus_00231
32
624 -45 249 311 0.999818
339 25 70 87 0.917598
570 76 57 65 0.817729
532 172 58 71 0.795058
395 130 58 66 0.77322
895 113 44 54 0.770567
-2 310 88 106 0.690103
241 62 81 107 0.555105
179 292 55 72 0.533077
454 292 205 245 0.525711
343 155 52 56 0.442974
107 321 119 137 0.407334
845 604 35 43 0.396399
958 108 32 42 0.380874
163 165 59 76 0.337299
223 122 49 58 0.329557
900 25 53 70 0.302975
666 380 54 65 0.293209
172 37 65 84 0.241204
47 313 62 89 0.22172
313 296 57 75 0.203943
419 621 92 108 0.192725
955 -3 28 29 0.174045
456 24 94 108 0.165838
28 187 84 91 0.162449
583 108 118 136 0.149384
448 507 42 45 0.133395
829 586 27 31 0.132182
38 -1 87 111 0.118661
54 101 47 54 0.106452
875 327 119 157 0.104092
67 270 41 52 0.103096
