focus/focus_00533
47
578 206 33 38 0.999997
290 220 49 54 0.999997
464 224 13 19 0.974607
847 195 40 44 0.955878
918 377 61 84 0.860502
777 290 21 26 0.734389
755 300 27 33 0.635005
259 156 45 49 0.627382
146 395 23 31 0.594799
645 440 31 35 0.547167
340 391 18 23 0.535237
309 217 43 53 0.49843
666 294 22 26 0.464986
371 244 24 30 0.417349
644 428 29 35 0.4159
887 253 23 27 0.407919
488 208 33 42 0.383615
511 431 26 28 0.344072
471 391 33 42 0.338613
947 275 49 57 0.324265
911 275 45 56 0.31667
745 205 62 69 0.309329
862 339 40 44 0.266275
654 291 25 27 0.262913
495 173 29 36 0.261783
469 208 36 40 0.253503
507 203 31 38 0.253175
527 211 23 26 0.226838
257 400 28 37 0.222444
632 325 37 46 0.218727
772 306 27 32 0.214632
853 159 43 50 0.203035
919 267 47 56 0.200357
292 371 55 61 0.198153
426 220 22 28 0.192323
539 326 25 30 0.176854
865 383 22 27 0.169012
89 346 17 21 0.158249
522 310 24 30 0.150571
799 308 22 28 0.145648
787 315 23 27 0.126125
274 421 33 40 0.125427
397 222 31 37 0.124891
533 314 27 32 0.119117
992 196 27 36 0.104633
422 302 26 32 0.102748
338 419 31 39 0.102334
