focus/focus_00247
345
829 560 66 79 0.99963
106 286 29 37 0.981306
117 335 27 32 0.959501
242 6 36 45 0.954329
739 253 19 22 0.928491
13 596 31 42 0.926291
609 514 48 56 0.917359
89 245 35 43 0.905415
575 488 37 51 0.899079
3 132 41 52 0.894734
0 445 29 43 0.887541
938 326 27 31 0.869459
49 533 41 47 0.868606
834 85 59 75 0.865572
70 323 37 50 0.863176
61 341 34 41 0.825433
863 215 95 108 0.820654
694 454 28 34 0.817653
559 379 31 39 0.80701
928 514 16 19 0.779916
803 535 41 49 0.77253
954 562 25 30 0.767203
429 536 65 76 0.765195
373 176 23 28 0.758641
135 451 70 97 0.725009
240 346 21 23 0.713001
937 312 21 25 0.70387
132 367 26 33 0.700707
903 543 51 58 0.696749
804 189 44 55 0.694074
952 612 34 43 0.69247
873 532 35 45 0.685806
553 432 44 51 0.68421
0 177 44 56 0.682166
204 121 38 47 0.680219
921 330 30 34 0.668979
467 237 45 44 0.662344
682 219 28 32 0.660407
310 414 20 27 0.658334
549 126 22 26 0.650705
602 240 32 37 0.650524
134 397 27 35 0.646159
732 206 30 34 0.643656
729 507 56 71 0.638321
472 181 40 45 0.631932
968 409 25 27 0.63041
816 260 30 37 0.630347
303 294 45 48 0.628729
96 191 48 58 0.626857
141 379 29 37 0.623975
406 491 22 27 0.621338
559 450 63 69 0.620781
777 247 34 37 0.620169
88 300 33 43 0.613076
330 174 29 34 0.609862
106 409 23 28 0.593723
502 32 27 31 0.592427
188 4 30 38 0.59072
955 421 35 38 0.588301
59 307 25 30 0.585866
811 214 35 44 0.583158
778 113 48 59 0.582164
701 521 26 39 0.577787
288 448 35 35 0.575807
447 422 43 48 0.567405
142 125 33 48 0.563928
844 178 22 29 0.557284
876 457 33 37 0.550535
315 128 34 42 0.545811
209 92 45 61 0.545665
963 235 43 53 0.544501
180 410 20 24 0.493087
719 586 58 71 0.490522
203 318 23 27 0.485955
783 345 36 35 0.483964
498 149 47 54 0.476758
490 506 19 20 0.467475
990 206 30 41 0.459734
441 520 36 41 0.456288
799 467 21 27 0.452243
58 440 20 23 0.451639
712 225 17 18 0.451194
230 445 17 23 0.451097
407 190 30 35 0.449974
874 431 22 28 0.447953
176 247 42 56 0.443963
125 312 51 59 0.430194
289 272 24 31 0.429724
392 481 21 26 0.427261
176 230 27 34 0.426965
106 261 36 44 0.425511
665 445 37 46 0.415566
172 201 38 47 0.415177
167 126 44 49 0.412099
150 368 25 34 0.411243
744 255 20 22 0.410786
611 436 31 38 0.410744
814 292 22 25 0.40747
347 302 23 31 0.406681
465 518 126 161 0.405121
812 45 27 32 0.404655
900 212 85 94 0.403714
493 318 26 29 0.4037
706 370 26 32 0.403024
895 469 29 31 0.401388
397 39 37 42 0.396816
137 355 30 34 0.394217
152 550 29 37 0.393355
222 197 29 35 0.384698
26 402 35 44 0.383691
200 347 29 32 0.382142
0 504 19 23 0.380132
443 309 27 31 0.378645
277 609 54 69 0.377842
248 367 25 26 0.372292
168 266 25 34 0.371562
29 482 25 31 0.36912
319 492 37 40 0.368713
919 386 55 60 0.366487
-3 346 28 45 0.3659
332 126 45 50 0.364513
92 570 64 67 0.364416
863 470 28 34 0.361788
486 166 36 39 0.361307
143 28 23 32 0.353821
974 533 22 26 0.351334
893 161 47 56 0.350366
328 190 27 32 0.349343
564 114 30 34 0.347512
811 371 28 34 0.34437
97 471 25 38 0.338325
458 10 24 28 0.333168
999 512 21 28 0.332882
812 332 34 40 0.328743
624 160 34 41 0.328321
285 126 41 51 0.325591
127 627 47 55 0.324671
448 468 27 34 0.323437
633 465 23 28 0.322829
358 474 27 33 0.321349
3 602 33 36 0.321161
145 421 26 31 0.320126
231 217 24 28 0.319495
98 409 22 28 0.31891
516 227 28 31 0.31656
948 183 50 59 0.314448
59 453 32 40 0.313647
27 505 25 33 0.308206
170 99 37 41 0.305403
173 391 25 30 0.304073
353 422 32 35 0.303845
465 350 20 23 0.302028
38 476 22 31 0.301098
952 272 36 45 0.300289
782 202 28 30 0.300131
199 219 21 26 0.29985
984 184 35 47 0.298598
419 514 15 25 0.297997
660 433 25 36 0.297424
659 528 29 31 0.295171
865 378 31 34 0.294903
139 415 26 30 0.293009
743 451 39 47 0.29085
707 409 31 38 0.284869
110 204 56 66 0.283602
903 481 25 26 0.280654
363 372 22 29 0.275763
6 430 29 43 0.273723
814 456 18 22 0.272997
646 244 29 32 0.272252
385 366 33 34 0.268363
375 411 24 24 0.266367
200 259 27 34 0.265507
696 479 20 27 0.265062
508 365 19 24 0.264609
80 193 27 30 0.262056
650 90 29 32 0.261703
315 57 51 51 0.2594
849 318 43 48 0.254871
314 345 20 22 0.254534
855 481 33 37 0.254373
284 31 59 68 0.253536
967 464 48 49 0.250209
172 322 17 24 0.249351
541 420 42 52 0.249248
560 242 16 18 0.247914
144 289 32 38 0.246723
48 353 41 58 0.246471
810 108 51 59 0.242215
877 442 29 37 0.241354
452 143 24 28 0.238942
666 255 19 23 0.237701
812 58 41 47 0.23765
650 155 51 59 0.237063
6 528 27 32 0.236005
431 256 21 25 0.234765
939 -6 38 48 0.232963
35 544 49 65 0.231419
351 332 23 26 0.229996
191 335 19 24 0.228691
904 434 21 23 0.228057
272 222 22 26 0.226923
61 2 95 109 0.22688
351 289 18 22 0.226637
800 251 34 39 0.222068
101 144 30 37 0.219042
303 270 23 27 0.217689
723 25 47 51 0.216705
33 160 34 46 0.215689
537 508 19 25 0.21341
814 493 18 22 0.210174
760 177 36 40 0.209924
846 428 26 33 0.209645
792 165 24 28 0.206753
592 133 30 34 0.206265
335 632 44 51 0.205266
203 453 27 33 0.201516
747 100 57 70 0.200527
782 313 18 24 0.200184
701 360 27 36 0.196336
266 178 21 26 0.195733
816 228 35 39 0.194409
406 179 26 27 0.193655
440 41 49 54 0.191758
558 103 32 37 0.191363
956 299 33 39 0.189385
776 266 23 28 0.189097
249 433 15 23 0.188798
373 323 24 26 0.187565
35 454 20 23 0.185396
821 336 37 43 0.184958
335 282 25 28 0.184026
550 385 29 38 0.183186
415 355 21 24 0.181316
443 285 18 20 0.180477
400 465 25 32 0.179654
105 120 33 39 0.179057
121 489 21 25 0.177443
88 410 25 31 0.176752
906 581 57 78 0.176002
599 565 110 136 0.175076
346 383 24 29 0.174189
416 458 26 36 0.172037
296 385 16 21 0.170181
380 205 23 26 0.16678
70 499 24 31 0.165947
671 295 15 18 0.164541
125 266 32 43 0.164234
260 290 30 34 0.163811
760 433 25 29 0.162956
740 168 22 26 0.160596
389 279 28 30 0.16032
225 273 16 18 0.159333
96 163 27 34 0.155722
400 257 20 22 0.155254
760 306 20 22 0.154625
99 493 27 39 0.15416
36 306 21 25 0.153835
373 16 36 41 0.153354
144 598 80 97 0.152015
877 373 27 30 0.151515
10 536 25 37 0.150233
954 486 22 23 0.149116
335 523 59 83 0.149052
284 252 22 26 0.142468
380 184 33 34 0.142084
27 381 18 24 0.140082
314 203 23 27 0.139971
695 517 22 31 0.1386
448 114 30 34 0.137505
417 263 22 22 0.137134
55 407 33 44 0.135576
603 317 17 17 0.135412
564 264 26 31 0.134769
393 223 25 27 0.133459
406 469 27 37 0.133385
299 457 30 36 0.133084
175 66 32 39 0.132828
159 195 30 38 0.132612
462 502 27 33 0.132136
69 272 25 28 0.131983
63 442 25 33 0.131354
797 478 17 24 0.131312
436 252 22 24 0.129545
896 526 43 52 0.129177
347 163 24 28 0.128508
702 110 45 55 0.128346
305 206 26 29 0.128033
585 386 33 36 0.125408
2 288 32 44 0.124681
321 272 19 21 0.122999
395 318 26 31 0.121785
259 400 27 31 0.121344
593 274 25 30 0.121191
949 360 27 29 0.120951
132 385 24 27 0.120511
26 212 39 48 0.120507
341 252 23 27 0.119206
945 515 20 22 0.118588
845 58 40 52 0.118354
700 475 20 27 0.118353
784 526 19 23 0.118338
424 259 22 24 0.118231
511 271 22 26 0.11739
721 294 32 40 0.117254
574 380 27 29 0.115288
739 238 15 18 0.114821
780 537 27 33 0.114775
259 275 20 26 0.113941
980 587 25 30 0.113856
185 359 23 28 0.113607
259 231 31 34 0.113446
370 457 28 32 0.112585
282 334 14 18 0.111204
927 521 21 26 0.11075
977 294 35 40 0.110671
239 450 30 41 0.110491
38 358 22 27 0.109128
525 220 21 21 0.108815
-1 520 21 31 0.10815
15 317 25 29 0.107318
507 -4 30 31 0.107285
919 13 50 61 0.107099
728 272 18 20 0.106863
734 331 19 23 0.106589
854 409 26 28 0.106481
636 198 21 25 0.106276
315 455 31 31 0.105857
125 538 20 27 0.105468
791 188 25 29 0.105215
22 49 37 46 0.104578
303 104 36 39 0.104151
712 190 24 26 0.103296
641 264 17 20 0.103107
464 491 24 28 0.102745
863 315 51 60 0.102669
36 70 54 61 0.102198
953 101 67 92 0.102195
420 543 21 27 0.101944
156 212 24 30 0.10191
99 427 22 28 0.101753
774 429 31 35 0.101655
20 482 18 22 0.101593
401 295 29 34 0.100232
808 164 24 31 0.100046
