focus/focus_00535
45
699 274 81 103 1
124 121 40 53 0.995223
350 147 43 52 0.993084
497 163 45 54 0.988318
567 307 38 48 0.934826
882 434 62 77 0.867798
310 268 116 147 0.791616
206 84 79 102 0.708393
91 260 136 156 0.659883
681 664 44 51 0.652272
484 610 27 35 0.629015
447 343 94 123 0.617926
529 580 25 33 0.565077
746 473 97 113 0.524509
316 226 108 130 0.496059
222 366 57 74 0.487779
500 534 47 59 0.453366
660 233 38 50 0.421898
545 159 60 72 0.418742
471 531 29 38 0.348717
669 -4 145 175 0.339458
268 318 31 48 0.307427
914 397 33 39 0.304347
438 128 50 66 0.288997
45 152 101 130 0.260628
847 380 31 36 0.255277
96 97 29 37 0.245046
692 122 60 71 0.237229
472 102 38 47 0.226728
228 340 62 74 0.218687
586 120 44 50 0.188852
515 435 73 93 0.187232
81 235 70 94 0.178231
966 164 33 42 0.176795
797 441 114 134 0.173592
528 596 23 30 0.164552
601 309 31 40 0.147549
951 461 19 24 0.133322
657 257 34 50 0.132324
312 131 51 60 0.130438
40 100 62 77 0.112695
757 451 23 26 0.110162
772 692 28 33 0.108009
445 165 36 42 0.105068
435 400 78 110 0.100875
