illumination/illumination_00065
23
445 73 31 34 0.718086
459 304 83 112 0.583389
446 117 41 54 0.580803
426 163 43 53 0.437784
444 241 41 48 0.375858
515 316 50 68 0.353992
428 99 33 41 0.293901
420 248 56 67 0.277233
430 517 38 59 0.264478
874 29 33 41 0.24641
402 257 33 41 0.231324
862 34 36 42 0.215282
534 319 53 63 0.205604
617 177 28 31 0.197881
469 561 32 43 0.186481
556 239 25 31 0.184552
599 190 50 67 0.177783
915 12 16 21 0.176996
712 487 30 38 0.154392
478 509 40 45 0.13847
618 310 30 37 0.125675
900 15 25 30 0.11876
428 70 27 36 0.115962
