illumination/illumination_00294
44
222 109 100 156 0.9911
634 59 134 189 0.964
180 23 48 49 0.858712
251 297 21 26 0.745455
271 553 38 44 0.622109
930 393 77 87 0.509745
716 613 29 40 0.471892
638 612 66 72 0.450893
222 554 30 37 0.432951
45 572 108 129 0.415962
346 512 26 32 0.379442
729 615 28 36 0.328547
100 383 32 41 0.318805
17 3 45 61 0.300434
713 636 32 39 0.280922
37 197 34 41 0.255903
962 533 54 64 0.239566
232 530 27 30 0.211121
670 602 52 58 0.208657
291 94 26 36 0.203352
177 497 37 45 0.198778
42 265 27 29 0.197077
132 553 99 110 0.194567
308 273 71 107 0.190788
28 243 15 21 0.189712
964 610 41 49 0.18507
69 243 33 43 0.174324
425 602 67 75 0.170141
32 111 25 37 0.157835
948 668 29 35 0.155276
242 447 40 50 0.155086
49 282 18 20 0.139813
144 309 51 64 0.13402
274 363 20 25 0.131461
34 213 45 57 0.128875
704 245 70 97 0.119073
68 271 46 52 0.114304
39 160 24 32 0.109085
324 458 34 44 0.108033
895 543 80 91 0.107799
200 338 20 23 0.107531
823 546 98 104 0.106994
331 441 26 32 0.10631
53 134 21 29 0.103674
