illumination/illumination_00296
43
750 39 22 28 0.725302
618 474 34 50 0.599612
779 62 24 27 0.474766
253 68 17 22 0.450831
540 27 17 22 0.367467
716 17 26 34 0.297754
788 420 16 21 0.297671
636 11 28 34 0.271343
625 76 16 22 0.265347
549 215 23 32 0.263672
651 183 20 23 0.260757
810 567 32 36 0.254657
441 169 21 22 0.246729
781 329 36 52 0.236753
113 182 22 30 0.228186
639 33 17 20 0.206943
186 309 23 29 0.206363
189 143 17 23 0.202304
604 134 20 26 0.1999
632 52 21 31 0.195482
799 35 16 21 0.185072
84 203 21 31 0.182199
741 470 32 40 0.172249
17 518 32 42 0.167158
370 130 23 28 0.159669
544 45 23 33 0.154256
766 145 21 28 0.149051
632 539 24 32 0.147035
664 477 31 37 0.143713
143 141 22 28 0.133161
675 560 19 25 0.132578
619 568 29 37 0.132329
731 17 22 32 0.131053
610 158 24 32 0.129744
264 3 22 31 0.126221
460 97 22 28 0.118171
507 73 22 31 0.116534
608 195 27 35 0.114813
115 97 24 31 0.114131
137 177 15 20 0.108975
673 10 23 35 0.107756
647 59 23 33 0.105705
91 87 29 36 0.104791
