illumination/illumination_00551
44
646 152 89 95 0.999994
500 206 60 75 0.894851
502 478 24 31 0.830429
202 437 27 29 0.619299
139 183 43 48 0.608881
294 50 18 21 0.543601
951 306 22 25 0.522412
961 313 21 23 0.508821
650 135 27 30 0.496416
279 171 23 28 0.454102
464 246 27 32 0.420868
277 76 21 24 0.399437
692 233 37 41 0.377766
219 375 21 26 0.364778
548 397 27 32 0.359018
673 305 18 23 0.354392
859 396 24 30 0.321353
543 480 22 27 0.313756
759 449 29 36 0.29575
768 280 35 40 0.287171
768 422 36 43 0.233762
168 330 24 27 0.223656
65 512 22 24 0.218952
673 333 16 17 0.209052
545 225 48 56 0.208947
67 360 19 24 0.202287
252 382 54 75 0.19915
512 492 31 37 0.181031
816 470 22 31 0.180226
725 164 20 26 0.175558
880 285 18 23 0.170488
179 337 25 27 0.162479
821 183 22 26 0.149493
284 326 25 30 0.145119
769 381 24 29 0.140331
929 316 23 29 0.134897
830 455 22 29 0.129712
824 474 21 31 0.128311
295 179 34 42 0.126709
46 379 19 25 0.121919
839 446 26 32 0.112421
806 424 27 31 0.106637
852 235 26 30 0.10643
220 229 31 39 0.101347
