illumination/illumination_00678
26
113 72 49 63 0.936301
163 78 51 62 0.919983
74 209 236 276 0.622687
296 179 29 33 0.588355
136 86 45 67 0.457861
88 152 53 64 0.409076
255 167 31 39 0.404512
213 115 26 37 0.377039
104 144 51 64 0.366583
145 98 51 63 0.342012
851 102 70 91 0.314152
249 161 27 33 0.277619
685 23 41 45 0.274657
254 215 87 102 0.241026
374 238 72 88 0.226584
161 134 69 81 0.217404
601 285 38 48 0.196333
535 324 27 34 0.170241
26 266 31 43 0.150818
747 294 38 45 0.150521
306 326 51 66 0.141995
620 320 67 76 0.126574
147 45 27 34 0.122256
211 183 67 86 0.122013
526 244 24 31 0.117886
266 60 90 104 0.105718
