illumination/illumination_00354
21
840 259 40 54 0.972539
868 330 77 86 0.68122
938 295 18 21 0.510588
816 281 40 48 0.480473
876 267 29 37 0.459369
801 390 25 27 0.353253
918 393 29 39 0.331642
975 490 20 26 0.330986
781 177 16 21 0.30548
732 161 26 39 0.29421
19 253 27 31 0.228308
216 239 22 30 0.226006
255 259 16 27 0.171089
958 420 44 54 0.163759
257 249 12 20 0.146904
823 266 45 51 0.142206
839 492 21 25 0.136789
368 167 30 39 0.109597
775 377 26 30 0.106079
847 355 65 70 0.104043
930 271 19 28 0.103915
