illumination/illumination_00299
80
758 274 135 166 0.930486
404 222 25 30 0.847634
331 1 23 32 0.778009
287 190 38 47 0.663631
221 222 51 56 0.660064
407 200 28 33 0.55502
394 527 50 64 0.539669
956 344 24 29 0.536996
160 234 34 44 0.521229
310 162 32 38 0.50314
421 495 33 36 0.50231
401 236 50 61 0.498694
293 281 42 62 0.4871
479 286 37 47 0.486485
596 484 24 27 0.481887
127 185 15 22 0.468346
428 689 22 30 0.431738
981 380 38 44 0.430818
25 223 28 31 0.424203
397 187 21 27 0.410205
68 167 28 31 0.402742
256 187 37 45 0.402159
410 66 25 30 0.383023
332 200 19 24 0.35593
938 326 26 35 0.353401
6 320 22 25 0.298701
337 485 28 36 0.27145
574 564 18 21 0.263658
698 502 80 99 0.26147
297 248 44 47 0.259986
575 448 31 38 0.254308
240 204 53 59 0.250581
931 323 22 31 0.245775
61 199 25 30 0.236286
490 299 32 41 0.229136
523 238 38 46 0.226732
325 319 33 47 0.223927
516 490 41 51 0.220503
723 0 73 111 0.213579
86 228 17 21 0.21142
417 192 23 27 0.210474
433 521 32 35 0.200403
944 356 29 32 0.192346
284 357 51 64 0.19228
375 197 21 26 0.19213
465 548 41 48 0.178809
464 269 22 27 0.177814
325 180 21 25 0.17501
64 264 21 27 0.174083
337 561 41 50 0.160993
349 135 18 23 0.158709
426 657 38 46 0.157903
830 520 19 26 0.156793
911 329 25 30 0.155529
202 189 35 42 0.154879
511 310 31 38 0.154156
345 23 25 34 0.152318
597 507 24 30 0.150748
364 701 28 33 0.143264
527 369 29 37 0.139574
375 361 74 93 0.139339
289 545 29 38 0.136609
28 175 32 40 0.136202
31 251 21 27 0.136154
414 478 28 32 0.129184
616 653 16 19 0.129163
546 569 25 35 0.128236
852 503 41 56 0.122568
162 408 97 115 0.11957
587 508 24 32 0.117884
532 545 27 33 0.115849
778 447 73 88 0.115729
750 355 23 27 0.115549
365 497 25 30 0.114795
369 625 23 30 0.112716
445 494 28 31 0.104962
373 153 22 27 0.103856
192 632 35 41 0.101441
9 204 28 34 0.100181
381 612 60 72 0.1001
