illumination/illumination_00666
72
530 305 26 38 0.999895
167 66 80 107 0.999851
600 325 25 31 0.99983
470 253 30 44 0.997666
385 230 54 64 0.996437
787 288 110 125 0.825524
544 553 39 46 0.791236
147 50 75 100 0.774245
696 382 39 47 0.751796
623 360 26 33 0.662524
667 380 26 29 0.589035
962 243 21 27 0.518307
547 465 55 60 0.51375
409 239 45 53 0.473193
969 243 23 27 0.471898
403 201 43 53 0.469094
36 113 53 65 0.460279
485 402 22 32 0.450273
451 352 43 60 0.406044
981 273 27 31 0.40326
277 464 31 39 0.398571
220 257 28 40 0.393326
17 524 45 72 0.390901
273 287 25 30 0.375048
685 375 38 47 0.365702
603 377 28 32 0.324365
734 254 108 139 0.324037
541 437 25 32 0.317833
477 316 23 32 0.286612
565 381 24 33 0.281636
982 341 25 33 0.276136
493 398 25 33 0.273154
432 406 64 75 0.239347
651 330 30 38 0.230657
603 417 29 31 0.228896
218 503 61 79 0.223847
466 304 21 31 0.221725
71 535 31 41 0.221218
671 468 40 48 0.219331
473 384 26 33 0.212926
651 387 21 24 0.202984
232 110 24 33 0.201064
359 312 36 57 0.200106
436 526 26 33 0.196256
350 372 50 72 0.189002
631 487 27 33 0.184768
220 287 31 43 0.182811
655 480 30 35 0.181331
318 245 30 38 0.179963
595 479 26 30 0.173013
731 423 22 31 0.172615
389 176 44 50 0.170056
416 303 31 36 0.167203
470 463 28 38 0.16322
225 439 26 41 0.161779
458 473 27 37 0.160358
265 352 28 34 0.152503
165 193 45 57 0.15223
131 82 31 36 0.151545
402 418 23 29 0.14653
595 420 22 26 0.139767
254 298 22 29 0.12978
426 193 24 35 0.124137
479 427 26 37 0.123961
665 409 29 41 0.119599
395 518 23 28 0.118762
656 584 30 34 0.118291
421 462 31 42 0.11653
268 384 45 62 0.116147
65 357 30 36 0.112259
206 242 35 50 0.110102
641 319 32 39 0.105292
