illumination/illumination_00642
26
234 219 33 46 0.954649
274 262 25 35 0.860733
232 461 28 34 0.525217
135 590 40 45 0.474529
220 369 33 51 0.456185
298 626 35 42 0.380117
119 499 61 71 0.333069
363 627 50 52 0.318032
268 272 28 32 0.29137
188 471 26 29 0.287547
239 515 61 92 0.236162
243 269 27 38 0.213804
687 311 21 26 0.190226
659 335 35 42 0.180049
331 601 44 49 0.180005
231 359 29 38 0.17507
232 206 22 27 0.163795
437 493 31 34 0.161735
526 598 35 37 0.159495
537 585 40 43 0.159409
211 485 18 27 0.149538
408 617 46 50 0.146553
449 634 36 40 0.136056
262 470 32 40 0.133222
296 566 72 72 0.108758
197 456 18 22 0.101557
