illumination/illumination_00663
23
170 1147 42 52 0.943218
-29 418 463 595 0.919016
349 1443 41 54 0.777964
101 1010 46 56 0.759935
90 988 34 42 0.717514
463 267 205 280 0.648692
112 1112 34 42 0.577706
302 1116 54 72 0.442013
117 1214 44 54 0.376606
35 1163 46 69 0.272188
253 1157 44 51 0.215799
0 1132 53 78 0.205661
75 1162 30 44 0.205226
723 400 32 45 0.191058
102 1053 44 53 0.162121
24 991 28 37 0.147446
247 1264 42 54 0.135662
202 1052 55 60 0.132947
92 1111 33 45 0.127016
308 1176 47 58 0.120526
336 1239 41 58 0.110763
66 1054 35 46 0.108848
23 1073 37 45 0.100652
