illumination/illumination_00271
60
334 115 138 183 0.999749
536 491 45 60 0.841227
703 535 26 34 0.835786
701 574 32 41 0.806045
670 445 22 31 0.608497
517 408 28 34 0.597477
519 554 47 63 0.561543
688 492 23 30 0.555666
623 542 21 30 0.555514
373 346 26 36 0.546162
652 579 20 27 0.504001
549 526 35 49 0.486552
622 525 22 30 0.45129
555 555 28 39 0.439543
529 530 36 49 0.418627
684 468 36 44 0.386901
647 499 21 29 0.382563
648 520 22 29 0.371854
626 575 22 32 0.368088
554 476 36 47 0.359809
651 558 21 29 0.343805
505 510 22 32 0.33616
363 88 46 56 0.316982
671 468 29 37 0.287772
390 390 28 36 0.276823
651 535 20 28 0.272609
380 337 30 39 0.271636
625 564 19 28 0.268983
736 632 22 26 0.264757
709 562 33 43 0.257953
401 492 24 33 0.250606
478 54 36 44 0.222243
407 539 24 33 0.221595
411 551 24 34 0.215269
689 522 22 29 0.212252
445 363 28 35 0.20087
389 404 27 35 0.193244
549 585 26 40 0.187686
381 434 26 35 0.178376
400 514 26 34 0.172942
531 466 40 53 0.165602
654 616 20 27 0.151794
679 439 27 35 0.14569
704 500 18 24 0.1452
386 414 27 36 0.143894
543 613 21 27 0.139735
416 427 19 30 0.139443
446 386 30 39 0.138099
381 324 29 40 0.133301
712 479 37 46 0.128544
388 340 30 40 0.125015
652 567 21 28 0.12367
374 483 24 32 0.120606
398 372 23 31 0.120286
294 86 23 34 0.114555
386 276 33 41 0.112526
620 626 25 36 0.10889
689 445 40 49 0.108474
413 335 51 66 0.107078
712 453 38 51 0.102722
