illumination/illumination_00638
119
511 131 41 58 0.97258
66 83 36 44 0.928075
103 318 29 36 0.865706
953 188 23 30 0.854694
576 322 42 55 0.830125
490 69 59 72 0.827716
866 194 15 20 0.821256
560 182 19 30 0.744861
910 375 30 35 0.660156
568 33 48 61 0.626791
33 184 56 76 0.609335
878 454 22 27 0.596229
778 194 49 61 0.58608
168 181 32 44 0.558383
455 182 39 43 0.520697
828 53 36 46 0.515245
831 212 13 16 0.482572
450 64 63 72 0.481425
270 78 23 31 0.47042
556 283 34 50 0.469026
960 48 48 56 0.465823
917 49 55 60 0.445449
571 217 21 25 0.423312
490 470 21 27 0.41934
633 199 39 49 0.408558
905 166 50 66 0.40385
850 59 29 35 0.3862
194 81 43 51 0.380086
564 83 38 47 0.3766
951 132 26 33 0.374472
679 115 28 31 0.37087
225 83 22 28 0.363569
86 329 38 53 0.361916
715 187 19 23 0.356118
849 704 52 58 0.35528
330 329 28 38 0.346791
346 254 40 59 0.343418
422 258 36 49 0.335213
841 666 37 43 0.322057
885 464 24 30 0.318727
900 436 25 31 0.317638
617 223 40 60 0.310536
899 28 25 28 0.307949
120 185 20 26 0.30452
485 0 25 36 0.302268
796 234 31 43 0.299272
543 90 34 45 0.289047
131 256 44 57 0.288257
942 214 49 69 0.284558
788 304 27 32 0.280679
905 275 42 60 0.278277
672 34 24 28 0.276067
136 218 23 32 0.273794
742 12 28 30 0.273084
945 427 25 29 0.242262
711 198 44 58 0.241006
793 267 24 27 0.232649
730 283 62 83 0.231791
923 152 44 54 0.227658
534 217 51 74 0.216691
969 403 28 32 0.214055
803 335 31 39 0.211226
747 70 27 35 0.208047
612 339 24 30 0.201782
635 321 25 33 0.193888
933 113 30 37 0.192181
974 495 23 30 0.189858
984 197 18 27 0.189536
567 14 42 45 0.183741
479 148 71 82 0.180421
734 18 24 30 0.179322
739 113 31 38 0.175723
14 141 22 25 0.175164
505 253 73 75 0.173535
991 198 25 31 0.169226
234 81 43 51 0.165564
17 181 19 24 0.164855
967 211 50 68 0.163545
367 206 24 30 0.161067
637 192 14 21 0.160912
550 17 42 47 0.160059
857 226 53 78 0.155971
826 702 28 43 0.15296
924 409 28 33 0.151599
7 69 23 31 0.149417
486 478 23 30 0.146896
844 312 57 76 0.146673
595 24 61 70 0.145384
48 7 54 73 0.140374
426 509 40 56 0.139265
802 137 17 21 0.138409
761 205 17 24 0.137801
48 284 24 35 0.137711
207 344 29 39 0.134742
271 96 38 47 0.134375
714 3 23 30 0.133521
882 120 25 30 0.131109
798 105 19 24 0.129444
813 306 25 29 0.129369
12 199 35 41 0.122102
234 -22 89 89 0.120515
843 83 22 26 0.120425
55 252 22 36 0.119664
683 45 35 44 0.11874
824 158 26 32 0.116233
892 411 18 23 0.113685
844 38 39 45 0.111919
449 205 18 23 0.111632
108 151 27 35 0.110576
776 168 25 28 0.110491
110 193 29 33 0.109578
435 205 20 25 0.109464
9 49 21 26 0.108453
853 660 45 50 0.107455
555 43 33 46 0.104171
554 343 23 29 0.103643
646 -3 27 33 0.103324
125 190 31 32 0.101802
962 146 36 42 0.101613
