illumination/illumination_00726
40
556 858 37 44 0.738592
347 571 32 38 0.629726
311 930 54 66 0.594344
658 884 25 32 0.52927
736 1355 33 42 0.486215
350 280 24 32 0.454645
443 1267 36 44 0.351271
828 441 30 34 0.342188
319 389 30 37 0.329195
377 1046 37 46 0.317479
674 486 92 115 0.2611
629 844 33 40 0.24177
724 1053 36 45 0.237497
596 774 26 33 0.222494
717 410 51 62 0.222364
565 436 32 36 0.216173
689 1245 28 36 0.198677
345 521 30 34 0.193434
873 260 43 48 0.185559
543 917 29 35 0.167818
572 1278 53 64 0.167597
754 305 52 60 0.162312
329 1087 32 39 0.160994
328 1127 49 56 0.156835
411 332 19 24 0.145122
403 1078 31 37 0.137768
491 685 31 37 0.135935
418 356 27 34 0.133998
224 425 37 46 0.131381
270 967 41 53 0.131258
713 1313 27 33 0.130735
446 1104 37 45 0.121187
596 461 38 45 0.119018
681 922 31 39 0.117175
456 1093 41 50 0.116597
644 355 24 29 0.109472
540 1003 28 35 0.109468
101 483 165 213 0.106074
411 1046 40 46 0.10537
652 1131 74 94 0.100943
