illumination/illumination_00323
65
477 12 135 172 0.999933
316 107 66 80 0.997733
642 474 23 28 0.923977
671 181 39 50 0.844627
107 486 69 77 0.840775
618 275 43 49 0.792736
849 647 26 33 0.756531
66 607 66 78 0.702789
616 539 27 33 0.695762
942 497 36 47 0.684246
817 553 37 44 0.66225
462 120 38 43 0.65929
923 646 32 35 0.654126
968 591 32 43 0.596816
909 548 35 40 0.591213
638 502 54 71 0.574818
991 544 28 34 0.534958
896 631 49 50 0.513512
825 376 45 56 0.497897
580 551 41 61 0.473858
-5 318 55 73 0.45765
512 611 31 36 0.429635
189 626 25 36 0.429394
603 225 26 34 0.427383
526 171 42 51 0.404561
366 177 55 65 0.400391
115 530 77 86 0.396232
242 196 41 51 0.386443
855 559 62 85 0.378677
272 193 55 72 0.371345
575 527 21 29 0.370177
865 633 29 37 0.365156
856 633 27 33 0.354253
576 137 81 104 0.327677
294 162 65 80 0.321549
793 425 22 28 0.311076
837 574 46 49 0.301148
143 514 102 105 0.290518
260 450 43 57 0.282577
363 123 34 43 0.26193
647 383 81 101 0.243549
13 606 58 73 0.242543
552 392 23 28 0.226186
959 542 41 53 0.221587
623 533 25 30 0.22061
988 634 29 36 0.216153
378 329 24 28 0.184574
975 518 25 32 0.181194
341 355 35 44 0.178626
571 289 32 41 0.172035
338 161 37 42 0.170971
925 602 29 37 0.169711
777 569 31 42 0.158584
981 583 40 55 0.148435
605 381 26 34 0.129689
947 577 38 44 0.125802
973 651 37 47 0.124798
947 528 30 36 0.124293
755 467 20 27 0.120908
883 621 40 51 0.114399
407 256 22 27 0.110179
408 206 23 28 0.109587
696 621 36 52 0.108501
958 633 29 39 0.104074
784 578 45 61 0.100844
