illumination/illumination_00764
29
360 120 130 169 0.999857
778 265 37 49 0.989782
907 429 75 94 0.411248
514 252 21 24 0.393382
724 240 64 82 0.334593
191 362 24 29 0.312063
651 114 33 41 0.299317
132 281 50 61 0.296433
687 294 23 30 0.28267
916 274 20 23 0.28193
882 263 18 24 0.270543
215 357 32 40 0.216493
109 242 39 47 0.197986
-12 347 91 110 0.195515
804 340 49 55 0.191863
724 558 26 33 0.17212
565 323 51 62 0.164511
558 418 40 48 0.163684
536 276 24 26 0.14204
618 305 41 53 0.126572
69 288 43 57 0.125282
696 448 43 54 0.122991
632 135 50 65 0.121677
687 258 34 42 0.119937
135 160 34 42 0.113715
574 251 32 38 0.111807
660 369 65 85 0.108525
638 111 35 44 0.107146
705 127 23 30 0.106682
