illumination/illumination_00750
33
485 65 36 49 0.999558
280 161 76 90 0.865371
857 184 22 25 0.767298
800 133 15 20 0.746147
605 162 31 37 0.518691
854 216 27 31 0.500386
831 197 18 23 0.490817
956 171 35 42 0.478094
476 140 121 154 0.461216
321 236 24 26 0.414338
939 162 17 18 0.370304
877 191 18 23 0.359298
262 189 53 54 0.355658
208 153 51 58 0.342384
918 444 21 28 0.340291
542 464 33 48 0.340079
858 155 18 26 0.277664
500 109 29 31 0.260912
501 64 30 45 0.249711
359 201 24 28 0.241816
394 182 46 58 0.236537
495 311 69 88 0.233427
978 143 39 44 0.203468
828 192 17 20 0.194579
108 158 35 45 0.189431
368 218 32 35 0.174073
815 250 32 42 0.162695
673 153 41 49 0.140387
865 218 34 40 0.138596
797 165 41 45 0.127922
817 226 21 24 0.126401
469 545 23 31 0.121251
909 123 34 41 0.105071
