illumination/illumination_00611
85
598 243 37 49 0.984511
397 105 38 53 0.970224
696 427 24 32 0.941991
364 93 47 69 0.723829
499 429 27 30 0.718355
711 240 46 59 0.691873
559 434 23 26 0.686807
393 348 81 95 0.662565
371 326 24 28 0.645805
706 459 29 38 0.603099
484 181 47 56 0.593342
477 435 22 26 0.558911
6 329 21 25 0.533215
523 434 25 27 0.519574
344 246 41 59 0.505868
465 438 26 29 0.500603
472 482 21 27 0.462102
23 486 26 29 0.448965
716 478 22 29 0.448787
799 210 27 31 0.441652
514 432 21 23 0.399649
519 363 23 27 0.394097
38 304 24 30 0.388134
404 279 24 29 0.384191
25 36 27 35 0.37043
731 218 50 64 0.361161
742 173 42 47 0.358498
735 185 40 43 0.344
945 133 35 45 0.337678
456 301 32 38 0.336596
897 435 64 78 0.315076
666 484 24 32 0.307876
548 390 29 33 0.302412
528 382 27 32 0.292163
228 433 19 30 0.282999
23 430 20 22 0.278428
509 402 25 30 0.258188
914 294 29 37 0.25337
462 17 147 177 0.247647
777 172 25 35 0.246988
666 496 24 31 0.245845
259 237 45 64 0.245582
410 180 26 30 0.240078
357 216 32 42 0.231004
577 489 25 35 0.222061
273 340 19 25 0.221721
301 245 56 61 0.216329
72 420 24 29 0.212102
651 395 45 47 0.205819
384 405 65 76 0.181066
596 60 22 28 0.173649
898 322 41 50 0.17285
254 69 22 34 0.172295
403 525 26 37 0.169057
473 400 29 34 0.165704
89 370 25 28 0.164088
51 489 40 48 0.161649
170 452 29 39 0.157863
648 509 40 47 0.153805
145 154 27 33 0.151957
707 446 26 38 0.151853
567 430 23 25 0.149444
403 337 24 27 0.148007
571 393 40 47 0.143787
641 237 25 36 0.143124
357 182 31 34 0.139677
529 361 20 25 0.139251
511 298 56 66 0.138424
850 68 76 107 0.134865
442 476 30 41 0.133887
452 328 32 36 0.133328
374 368 37 43 0.123723
558 318 26 33 0.122062
810 255 40 44 0.121063
609 71 27 32 0.119356
485 419 23 26 0.117241
811 307 89 114 0.116142
449 226 78 86 0.116014
747 95 35 48 0.115271
469 376 24 25 0.114376
966 282 25 31 0.114328
896 31 27 32 0.113885
786 254 45 49 0.11356
241 314 28 40 0.108474
575 260 30 35 0.107944
