illumination/illumination_00059
33
505 322 58 72 0.855631
636 664 50 59 0.78315
356 607 19 25 0.752359
517 686 45 63 0.724094
505 591 56 69 0.687347
622 543 35 42 0.666214
598 530 46 61 0.571152
432 561 61 75 0.569983
486 490 31 43 0.474929
420 347 37 43 0.453498
505 458 25 31 0.414489
328 402 92 122 0.39364
506 409 35 44 0.390964
668 482 94 142 0.3802
595 505 36 50 0.355474
636 486 74 92 0.301104
658 639 22 29 0.264338
331 343 42 51 0.257994
427 357 47 59 0.21825
512 395 35 45 0.211083
577 676 17 25 0.199193
769 599 112 146 0.197064
369 564 32 41 0.161134
495 432 27 35 0.160839
803 345 46 54 0.159819
474 447 32 41 0.156418
295 491 92 132 0.147721
358 225 118 148 0.137188
513 569 38 50 0.122869
296 310 42 53 0.114555
443 447 48 53 0.114032
751 475 125 168 0.113557
518 433 33 40 0.106148
