illumination/illumination_00570
193
155 136 15 19 0.998351
107 131 20 26 0.98459
270 471 28 31 0.956762
513 302 34 36 0.929743
836 256 55 62 0.913777
964 375 28 31 0.911169
687 232 37 49 0.911127
288 100 27 32 0.90542
788 465 45 52 0.887143
609 514 30 37 0.885656
129 315 22 25 0.86087
334 133 10 11 0.854111
131 156 30 40 0.843978
296 357 44 49 0.789393
914 269 29 32 0.771443
653 201 61 77 0.769566
43 399 31 32 0.734503
665 152 35 40 0.727568
266 373 32 34 0.726246
408 65 24 29 0.715788
19 97 31 39 0.699973
242 440 46 50 0.686145
1 508 45 49 0.685982
394 190 24 28 0.682508
27 134 23 28 0.631176
171 411 26 28 0.619973
122 268 29 35 0.618375
548 55 17 20 0.615796
251 270 23 29 0.603666
226 122 25 34 0.59749
648 101 25 31 0.577182
614 411 35 40 0.572095
385 504 37 38 0.551083
190 115 37 47 0.549608
276 461 27 30 0.548307
719 43 34 42 0.548231
605 331 34 47 0.533188
386 225 27 29 0.531386
508 137 29 36 0.530162
857 359 26 28 0.518619
20 130 22 28 0.518546
383 467 29 33 0.506965
32 430 26 27 0.500183
237 262 32 34 0.491221
83 413 35 38 0.488073
417 217 31 34 0.478673
539 202 18 24 0.474847
374 118 24 26 0.470624
969 262 49 55 0.468914
407 205 21 31 0.465897
466 412 24 25 0.451384
901 146 78 104 0.450958
246 326 25 30 0.440105
822 206 32 37 0.431373
859 105 50 58 0.410309
308 459 31 35 0.409798
246 135 19 26 0.401468
399 269 28 31 0.400087
414 71 44 50 0.399123
53 434 35 40 0.398956
333 498 43 46 0.398585
684 31 27 32 0.396125
373 382 31 36 0.386796
836 357 36 39 0.381356
419 291 20 21 0.37398
893 209 46 52 0.370889
28 404 26 27 0.368374
130 402 44 45 0.365744
318 512 49 55 0.365099
97 240 45 64 0.363192
618 469 23 30 0.354873
400 279 28 34 0.35479
568 378 21 24 0.352983
420 194 35 42 0.351088
342 147 27 35 0.34708
711 141 61 71 0.342297
413 493 22 25 0.331861
364 311 32 35 0.331093
427 273 25 28 0.327185
594 272 19 23 0.320705
407 325 29 34 0.318537
284 353 25 26 0.312176
528 372 43 51 0.308922
626 350 25 32 0.307109
484 394 25 26 0.303397
595 505 32 38 0.299365
504 340 26 33 0.298168
420 165 35 43 0.273618
209 195 54 63 0.272607
14 536 29 35 0.272455
251 194 28 37 0.272112
867 360 41 45 0.264597
586 362 37 46 0.263366
949 270 31 34 0.26285
561 211 32 40 0.257288
677 87 21 25 0.256754
377 267 20 23 0.251895
90 57 61 85 0.251548
169 305 28 29 0.249012
175 345 31 36 0.246893
15 412 36 38 0.245815
423 8 22 24 0.243218
302 182 39 49 0.241279
292 144 56 63 0.240637
513 198 19 27 0.237977
401 413 22 25 0.235572
867 169 32 37 0.233629
431 412 31 39 0.231609
444 349 23 26 0.230525
920 281 29 34 0.229593
95 456 21 27 0.227067
484 325 20 20 0.22687
80 137 21 32 0.226132
339 437 30 34 0.225968
275 129 28 36 0.225614
717 415 30 39 0.225612
81 270 42 62 0.22374
136 112 31 36 0.223352
410 256 25 28 0.214626
484 141 20 26 0.20724
149 224 57 69 0.203273
231 479 24 27 0.202269
362 224 35 46 0.202053
336 262 22 28 0.199649
437 104 22 28 0.199403
220 93 23 27 0.194547
168 360 57 58 0.193537
70 140 22 28 0.190677
237 495 33 33 0.186137
963 290 40 46 0.185992
671 188 52 73 0.182765
624 378 28 34 0.181452
641 35 30 40 0.18118
646 325 24 27 0.180584
622 150 31 35 0.178058
460 223 27 28 0.175804
642 453 38 47 0.175568
464 275 38 43 0.173685
268 231 36 45 0.169972
198 402 28 32 0.163907
185 421 22 26 0.161719
241 118 26 34 0.161016
798 103 31 38 0.16067
795 274 41 50 0.15991
825 149 40 48 0.159646
818 258 40 48 0.159492
422 469 22 26 0.156486
500 145 17 22 0.156017
925 293 27 31 0.154622
617 532 30 40 0.153924
489 254 29 30 0.150367
541 340 25 27 0.149717
809 346 18 22 0.140572
411 508 47 60 0.13891
506 410 26 28 0.13842
350 401 27 30 0.138366
559 315 41 45 0.137665
943 79 29 38 0.134079
337 141 25 36 0.133823
379 301 22 22 0.13352
361 161 27 29 0.133296
61 108 35 43 0.131983
232 240 26 28 0.131975
454 410 27 28 0.131903
927 162 73 94 0.126197
127 357 21 24 0.124835
409 128 28 33 0.124271
451 188 20 23 0.123521
463 319 25 30 0.123481
583 385 29 33 0.123481
779 141 36 40 0.119424
77 485 30 31 0.118644
59 400 31 35 0.117556
805 314 38 46 0.117472
721 318 27 33 0.117087
307 50 32 39 0.115089
714 437 36 46 0.114997
910 262 25 27 0.114848
482 131 17 22 0.113741
299 0 49 60 0.113716
798 131 53 59 0.112935
684 44 30 33 0.112015
601 299 34 44 0.110942
505 380 17 26 0.110427
466 173 20 26 0.109522
312 533 41 54 0.107111
193 243 24 27 0.10661
55 421 37 38 0.106072
196 254 23 27 0.10568
61 467 33 39 0.104314
515 110 30 36 0.103424
443 326 34 36 0.101132
599 58 28 38 0.10065
