illumination/illumination_00312
32
447 366 29 38 0.956476
469 191 147 190 0.908336
433 298 33 46 0.644967
629 425 102 149 0.631398
500 432 33 42 0.438453
447 111 80 91 0.425169
385 584 23 29 0.402778
564 144 25 34 0.399144
500 118 60 72 0.376806
542 561 37 46 0.365164
512 95 25 31 0.28308
596 367 29 43 0.275958
429 489 48 66 0.270213
548 521 46 61 0.250989
536 581 38 45 0.22977
604 531 23 29 0.221056
625 401 38 60 0.214592
542 590 42 48 0.214273
653 534 52 78 0.208902
379 578 19 24 0.208866
511 558 45 74 0.206972
620 370 39 59 0.199204
424 354 31 39 0.19254
425 562 26 34 0.187345
421 303 29 36 0.167883
312 527 35 44 0.165521
532 342 54 59 0.160441
402 354 33 44 0.145387
529 512 36 51 0.127987
330 547 23 29 0.126914
349 528 25 31 0.102998
377 589 14 22 0.101947
