illumination/illumination_00389
66
643 475 90 117 0.963716
382 1231 26 31 0.69882
349 1497 26 32 0.547379
203 1477 32 39 0.541958
688 1140 52 64 0.4955
749 589 33 39 0.492282
251 1464 26 33 0.456245
222 1427 23 29 0.455133
357 1227 21 27 0.42079
89 1451 18 23 0.415553
375 1248 33 40 0.414384
274 1399 23 25 0.410441
387 1457 24 29 0.374735
58 1453 29 36 0.351701
263 1470 22 28 0.351495
370 1318 24 28 0.2948
82 1477 28 34 0.292961
589 494 47 60 0.265817
7 1445 29 34 0.26528
700 574 38 47 0.262611
970 680 50 68 0.25476
853 1396 28 34 0.245301
414 1460 26 32 0.222443
703 1218 24 31 0.217073
634 465 34 42 0.207387
3 1320 21 25 0.206654
478 1337 28 33 0.202783
594 600 33 42 0.202495
17 1290 24 28 0.199078
545 1231 51 62 0.19607
152 1444 23 28 0.192456
677 1253 25 31 0.191375
736 1455 38 46 0.187133
209 1392 27 32 0.183248
197 1402 19 23 0.181604
984 1349 25 29 0.180704
662 615 32 41 0.180256
321 1453 35 44 0.179422
228 1310 23 26 0.177483
618 1381 25 30 0.168033
634 1385 26 31 0.164774
12 1359 28 33 0.164507
745 724 31 39 0.159916
660 436 97 114 0.159868
313 1320 23 27 0.159545
719 1391 27 33 0.157948
729 541 28 37 0.156214
14 1429 27 32 0.153636
145 1367 24 29 0.153417
35 1257 29 35 0.152679
104 1313 24 29 0.148767
943 1363 25 30 0.147008
894 1390 29 35 0.1385
589 1433 27 32 0.136977
601 670 35 50 0.123823
795 640 25 33 0.119766
250 1171 63 74 0.11805
846 1428 32 39 0.117414
62 1347 20 23 0.116687
422 1409 36 44 0.114737
124 1484 20 25 0.112015
856 1405 27 34 0.108578
407 1319 24 29 0.106678
129 1375 18 22 0.105853
614 478 26 33 0.10554
943 1397 35 42 0.103193
