illumination/illumination_00683
28
588 92 184 238 0.99999
438 226 104 138 0.999841
219 107 36 45 0.869482
122 171 209 252 0.844502
252 108 42 48 0.627309
778 133 38 45 0.622095
501 549 22 28 0.530789
519 248 103 122 0.459375
253 305 229 283 0.416185
140 519 28 31 0.412624
533 543 45 55 0.371496
204 618 41 51 0.341325
610 2 27 33 0.318527
287 144 51 58 0.297836
498 8 27 35 0.271965
616 485 29 37 0.261142
306 141 59 66 0.25159
269 109 39 45 0.249838
240 543 55 67 0.197933
537 570 85 107 0.179585
40 64 41 51 0.170777
782 287 71 96 0.169062
188 148 53 63 0.163387
487 377 109 163 0.139387
707 104 95 127 0.131287
831 169 66 92 0.119798
817 15 23 29 0.115073
529 20 44 62 0.108982
