illumination/illumination_00385
43
104 1214 73 99 0.994998
866 283 80 103 0.709274
652 368 70 86 0.660867
558 398 38 42 0.643559
68 1435 73 88 0.619944
317 1192 71 81 0.602025
889 262 53 65 0.599711
856 403 60 77 0.599185
229 174 149 191 0.519596
856 455 61 78 0.494334
418 526 75 102 0.420253
915 614 45 58 0.382711
299 1259 35 39 0.369802
155 1409 33 41 0.359715
410 290 115 139 0.318713
550 149 49 57 0.315951
480 631 130 159 0.313438
188 1414 28 32 0.31079
259 420 132 190 0.306721
265 1163 96 118 0.302371
943 1123 38 45 0.297397
92 1252 104 139 0.281823
813 1422 90 110 0.276766
901 517 55 78 0.271991
41 288 57 69 0.26496
310 85 27 33 0.264376
390 136 164 189 0.253166
147 1453 50 62 0.241095
790 728 35 41 0.208779
724 677 24 27 0.207209
728 747 25 30 0.194754
674 723 30 38 0.183178
244 1273 89 105 0.165209
580 72 153 177 0.143204
273 859 65 90 0.138743
892 208 51 64 0.135509
718 728 24 28 0.130777
317 1234 67 82 0.130257
470 1120 37 49 0.128548
727 285 91 122 0.122075
407 587 99 123 0.109987
905 370 47 58 0.105955
139 1297 79 99 0.104468
