illumination/illumination_00580
57
404 110 34 45 0.999948
466 45 44 65 0.999928
358 144 23 31 0.999928
829 179 21 29 0.999667
248 140 24 36 0.999621
727 294 19 23 0.999592
917 156 25 32 0.99338
464 75 75 99 0.987705
133 78 26 41 0.9561
7 5 45 54 0.907062
568 85 45 59 0.846708
533 227 47 70 0.817393
709 421 28 36 0.804635
503 453 23 30 0.739701
440 34 31 41 0.664616
734 387 37 43 0.583617
967 40 30 40 0.564207
388 162 36 47 0.536382
633 237 22 26 0.523061
931 152 32 39 0.473774
56 247 25 31 0.364825
435 229 60 66 0.356289
424 451 25 29 0.351465
545 81 48 65 0.351063
956 153 26 30 0.350095
460 7 20 23 0.34895
691 169 27 36 0.345544
241 416 64 73 0.32606
135 284 22 28 0.277119
107 203 40 52 0.269066
890 17 43 54 0.266095
144 297 22 29 0.253188
347 259 33 44 0.251366
869 487 26 34 0.221133
658 251 18 26 0.219732
661 172 29 39 0.216716
739 356 42 55 0.197743
743 10 26 33 0.19564
126 249 29 37 0.180699
67 291 57 71 0.18001
627 275 20 27 0.176752
675 370 21 24 0.16587
401 156 32 45 0.159813
842 353 23 27 0.155295
997 219 22 32 0.15415
110 82 37 45 0.148679
695 365 33 43 0.144415
558 3 42 53 0.137055
671 334 39 47 0.13428
750 289 33 36 0.131481
755 480 33 37 0.130391
726 150 37 51 0.123569
698 320 48 53 0.122483
819 200 27 34 0.118235
378 281 21 30 0.106669
470 409 23 28 0.103212
669 150 21 27 0.101214
