illumination/illumination_00767
90
281 193 34 43 0.999935
337 224 36 43 0.999834
230 170 27 33 0.9988
957 272 22 29 0.978701
641 235 34 44 0.922733
773 245 12 15 0.909162
797 347 30 39 0.859933
476 361 30 44 0.694734
439 260 49 61 0.657677
53 236 24 29 0.620582
809 328 28 28 0.584649
388 74 140 161 0.572484
422 253 22 30 0.557868
837 340 28 33 0.53977
534 187 69 80 0.519636
816 214 40 49 0.519634
628 251 38 45 0.478464
180 46 38 50 0.458082
901 244 33 41 0.445314
115 320 34 42 0.43088
168 354 22 31 0.428984
766 331 22 30 0.41454
141 183 30 55 0.411868
957 497 18 24 0.407541
665 211 29 33 0.404331
97 433 18 22 0.381555
148 7 23 27 0.379829
391 299 28 32 0.37854
489 224 22 25 0.374433
236 369 24 33 0.372863
61 418 40 45 0.369165
709 274 45 81 0.362875
241 211 22 28 0.335538
34 399 25 31 0.322891
429 391 44 59 0.314523
994 273 27 36 0.294524
968 270 22 29 0.292958
786 326 38 43 0.286666
621 322 21 28 0.274419
290 175 22 25 0.268681
550 142 58 68 0.264386
332 321 32 38 0.246663
475 397 29 36 0.244705
338 413 36 52 0.238368
265 464 24 28 0.237767
876 226 23 27 0.23633
965 249 24 29 0.236023
639 359 24 28 0.2336
101 324 33 39 0.225122
9 450 40 61 0.220964
292 572 36 47 0.21014
141 220 27 39 0.208255
272 603 25 33 0.206396
461 576 34 45 0.205472
165 340 25 34 0.203912
257 186 24 26 0.202732
310 175 20 22 0.202326
132 445 26 35 0.197769
254 199 22 30 0.197556
217 394 29 38 0.197369
112 157 52 69 0.197311
489 388 31 43 0.197261
440 291 72 87 0.180936
261 312 24 33 0.171414
736 249 16 21 0.170136
708 199 50 60 0.16165
260 209 23 30 0.153929
431 595 33 40 0.15131
610 392 79 108 0.145503
272 319 23 35 0.143672
251 507 23 30 0.139187
173 58 20 29 0.134528
196 177 21 28 0.131454
751 365 26 27 0.130639
660 273 68 91 0.128178
895 405 27 33 0.125869
363 460 18 27 0.124778
397 378 23 27 0.122851
316 177 21 26 0.122574
846 327 22 26 0.12085
27 407 25 37 0.120353
504 495 21 30 0.118941
586 342 24 28 0.113556
970 308 26 37 0.111865
921 354 55 68 0.10808
487 423 26 37 0.10792
585 479 20 26 0.107615
670 363 20 26 0.107226
904 406 33 40 0.10659
594 319 25 31 0.100926
