illumination/illumination_00720
31
956 177 62 75 0.857643
851 294 27 33 0.825378
846 319 29 36 0.790185
773 206 56 74 0.652753
844 309 27 35 0.649348
186 308 28 36 0.569032
701 126 36 53 0.537705
734 -4 55 93 0.379273
793 163 91 117 0.36511
693 256 39 55 0.302843
706 272 36 51 0.302432
867 102 131 166 0.300261
256 319 58 77 0.26558
724 262 24 32 0.264727
659 99 22 30 0.253908
438 168 65 103 0.235861
831 149 101 133 0.234908
331 266 197 258 0.234177
743 91 47 65 0.209122
206 267 58 68 0.207034
847 261 33 46 0.193786
608 561 56 66 0.18278
743 229 26 34 0.170522
675 580 20 27 0.16614
554 310 37 49 0.151584
752 232 27 38 0.140418
286 304 31 37 0.127007
262 397 37 41 0.124218
693 288 26 41 0.119974
697 156 26 37 0.105995
899 346 33 40 0.102489
