illumination/illumination_00063
26
425 196 174 215 0.986676
353 234 124 173 0.846021
240 354 31 48 0.769456
655 528 192 223 0.697415
304 316 26 31 0.613141
47 197 158 223 0.566031
306 297 26 34 0.507353
234 260 26 32 0.438208
150 505 34 43 0.422519
165 578 68 86 0.420217
258 338 22 30 0.329756
10 592 81 102 0.291924
195 -15 186 270 0.272213
765 326 72 83 0.246587
391 204 95 118 0.230302
293 262 35 36 0.22562
319 303 33 42 0.221563
325 429 18 25 0.199338
447 506 70 86 0.192633
214 275 43 67 0.172458
431 611 66 78 0.159125
305 399 30 37 0.156691
458 606 56 68 0.125176
606 260 37 45 0.122879
577 248 35 41 0.119021
330 250 22 25 0.103195
