illumination/illumination_00645
46
348 241 39 50 0.999996
438 229 44 62 0.999982
617 221 59 79 0.999929
672 124 147 175 0.999893
72 233 41 51 0.978957
28 317 211 256 0.85423
666 204 18 24 0.670176
807 5 100 110 0.592467
394 285 49 63 0.548817
797 154 52 65 0.501133
607 359 80 102 0.44357
172 30 61 67 0.424814
991 280 31 39 0.361563
575 -2 36 47 0.331358
893 31 56 60 0.32721
912 259 29 40 0.297492
362 330 46 53 0.289219
622 312 93 128 0.281139
321 325 22 29 0.280888
157 78 32 38 0.275986
506 233 51 63 0.26317
633 130 26 28 0.25854
126 299 49 52 0.255489
382 234 52 68 0.24682
744 532 51 57 0.208686
403 343 40 53 0.205813
646 111 29 34 0.201124
404 227 40 49 0.188966
601 23 34 57 0.185197
137 512 78 123 0.171704
520 387 43 48 0.166656
579 42 27 33 0.163557
242 604 31 37 0.159687
323 335 42 52 0.152853
207 294 100 122 0.152309
221 605 34 42 0.146944
927 250 35 41 0.132192
294 231 61 86 0.131382
486 152 37 54 0.129873
8 341 31 38 0.129722
465 396 41 55 0.120855
525 411 116 115 0.119453
458 370 48 62 0.116999
159 21 34 37 0.115102
734 304 56 63 0.110338
506 100 29 39 0.109159
