illumination/illumination_00338
23
696 41 31 38 0.999967
505 225 60 74 0.999454
873 605 31 33 0.534744
866 589 31 39 0.507742
652 260 60 87 0.467279
960 624 31 39 0.412601
985 601 33 38 0.368326
785 167 53 56 0.362266
859 615 34 38 0.219161
194 625 33 38 0.219068
1 568 72 84 0.212556
475 455 34 38 0.211575
462 452 25 29 0.20854
938 135 53 66 0.18684
663 601 36 42 0.180728
16 642 40 45 0.170117
536 498 28 38 0.169575
874 132 37 39 0.140511
182 355 26 29 0.135079
422 612 40 49 0.123313
454 486 70 107 0.121269
945 193 29 33 0.117402
778 615 28 36 0.112073
