illumination/illumination_00153
34
290 306 65 84 0.999985
157 188 75 119 0.999941
535 270 91 94 0.999843
385 607 29 37 0.716175
344 393 47 59 0.633411
204 395 45 54 0.586268
632 300 88 111 0.553144
96 619 41 54 0.466325
401 641 27 37 0.422658
137 414 15 23 0.420545
251 461 56 75 0.369473
578 524 42 67 0.335226
48 604 16 19 0.317729
612 320 35 47 0.297842
694 650 23 29 0.282071
19 447 17 23 0.217855
552 243 63 74 0.206883
378 474 22 29 0.206213
658 520 87 93 0.185713
612 266 28 44 0.153227
118 234 44 47 0.15251
373 635 24 30 0.149818
272 333 33 41 0.142204
108 583 23 28 0.135203
547 376 56 68 0.132421
615 640 29 39 0.127807
632 560 70 75 0.124582
254 434 39 53 0.124549
219 604 36 39 0.119485
286 475 98 133 0.119011
7 515 28 38 0.117821
576 416 34 51 0.114455
714 133 149 193 0.113294
85 558 21 29 0.110196
