illumination/illumination_00657
30
136 150 46 63 0.999737
280 377 14 16 0.691916
541 164 22 32 0.656723
123 159 44 58 0.638484
600 197 21 28 0.610615
271 426 25 31 0.49266
285 424 27 30 0.477668
505 173 26 32 0.398472
757 155 20 22 0.395374
963 74 39 46 0.344609
928 183 20 25 0.316209
137 201 34 39 0.311198
222 121 20 27 0.280969
578 301 18 26 0.266926
206 203 29 40 0.219647
257 476 22 27 0.211846
168 596 23 29 0.191145
213 88 34 45 0.16528
221 222 20 28 0.164232
168 351 43 53 0.150284
848 186 14 16 0.148039
514 169 22 27 0.145123
202 215 28 36 0.13755
949 350 20 27 0.134065
111 360 64 77 0.121495
707 136 26 29 0.12075
491 304 49 60 0.119886
723 289 21 27 0.118196
722 149 22 24 0.117933
807 315 36 46 0.103393
