illumination/illumination_00556
50
621 151 134 163 0.999905
544 71 29 32 0.879729
503 340 98 113 0.850193
446 329 26 31 0.735357
571 269 22 28 0.611051
545 319 27 33 0.568949
472 370 21 26 0.559642
571 318 85 109 0.508116
65 551 43 54 0.504194
725 296 47 57 0.453636
616 57 82 94 0.450774
230 492 22 31 0.441754
647 291 33 40 0.414719
722 92 27 31 0.393093
85 481 26 32 0.328129
494 328 15 18 0.30466
745 4 33 43 0.273574
482 363 19 25 0.264609
813 298 27 36 0.262145
221 285 134 180 0.258203
699 537 47 60 0.231288
510 323 16 19 0.229235
486 283 19 26 0.209856
339 389 26 35 0.204817
477 298 17 23 0.200541
22 524 42 50 0.193434
595 89 90 115 0.191064
334 33 25 34 0.179249
536 85 34 43 0.178122
145 165 28 36 0.169412
274 80 24 31 0.162504
210 144 25 32 0.160815
577 203 17 24 0.156236
302 135 35 39 0.145125
748 358 28 34 0.144222
851 378 26 32 0.133522
888 611 39 50 0.132087
677 293 45 55 0.130074
780 397 28 38 0.129424
682 336 30 41 0.12609
263 114 27 37 0.121816
485 350 19 23 0.119728
3 520 42 52 0.117211
390 348 29 37 0.115619
344 60 49 51 0.113189
572 433 25 30 0.111424
170 107 49 58 0.111226
254 230 28 38 0.108688
85 492 27 34 0.104415
52 252 23 32 0.103416
