illumination/illumination_00292
151
348 276 71 112 0.937043
660 180 37 54 0.925737
688 359 110 180 0.863905
292 139 40 48 0.856029
788 140 33 41 0.853742
802 215 22 25 0.825891
714 315 32 35 0.785754
945 232 29 43 0.776644
596 421 48 66 0.745199
919 491 26 30 0.73845
952 144 26 32 0.693162
544 415 29 39 0.68417
676 341 25 33 0.683622
426 310 56 80 0.67483
731 268 28 39 0.647987
681 248 23 27 0.597431
813 278 37 48 0.592714
450 485 27 34 0.585556
425 378 25 31 0.581018
899 321 38 51 0.564042
1 381 27 29 0.563981
983 193 38 42 0.560269
940 247 24 35 0.559546
178 374 25 32 0.547732
739 214 30 36 0.52069
433 630 27 28 0.516868
897 287 42 64 0.515461
909 213 38 48 0.513529
71 151 142 196 0.513182
174 515 22 26 0.502528
132 457 44 54 0.492391
152 530 34 46 0.487637
698 289 28 36 0.479326
480 439 31 38 0.471788
659 292 32 42 0.469203
600 217 38 51 0.458427
103 410 37 41 0.458099
593 184 47 54 0.45582
756 322 23 24 0.455228
485 403 26 32 0.455116
339 211 40 44 0.446055
603 496 30 37 0.445705
800 293 35 40 0.440947
143 536 26 37 0.429871
460 309 44 55 0.413706
206 151 25 27 0.413077
633 374 29 39 0.400107
604 368 34 53 0.389708
866 199 37 45 0.382329
479 599 41 49 0.377941
135 567 22 28 0.374918
287 183 64 77 0.366387
712 159 22 31 0.341474
980 256 28 36 0.329631
654 344 27 29 0.32671
749 212 36 45 0.321617
395 313 35 48 0.317924
424 263 73 91 0.316195
898 493 32 51 0.308341
131 643 20 30 0.307281
31 367 40 42 0.302278
941 300 42 52 0.296814
582 531 53 69 0.29656
703 205 40 52 0.29458
688 147 37 41 0.283964
898 202 34 49 0.283877
749 281 33 40 0.279831
908 134 32 39 0.279129
920 203 44 53 0.275187
648 294 22 27 0.269965
607 347 38 55 0.269356
957 255 23 27 0.2544
826 303 44 47 0.251598
71 399 33 37 0.248859
783 302 48 46 0.243875
900 604 51 81 0.234889
682 328 36 40 0.233152
554 414 29 43 0.233126
131 543 31 38 0.22834
720 138 81 90 0.221675
108 392 39 41 0.220858
738 336 36 47 0.220372
176 455 29 37 0.219843
616 372 33 45 0.219559
877 327 40 51 0.218749
908 516 27 41 0.21828
625 241 36 51 0.215038
888 341 54 75 0.211235
910 451 26 31 0.209284
419 544 26 35 0.19962
171 466 30 41 0.199474
186 424 37 50 0.199391
601 286 42 56 0.198817
122 464 26 28 0.197241
768 318 31 28 0.192275
918 464 28 29 0.190906
367 214 45 55 0.187698
88 535 31 38 0.186805
999 161 19 31 0.18645
96 360 41 42 0.183125
784 205 29 34 0.182342
527 273 68 103 0.1809
697 325 31 32 0.180767
702 131 28 32 0.179047
151 161 99 140 0.174529
431 595 44 52 0.174231
495 603 44 56 0.171966
592 610 28 37 0.171457
652 303 19 25 0.170785
466 244 38 42 0.170707
793 312 46 45 0.165894
919 424 25 32 0.164565
24 399 42 46 0.16281
519 385 28 33 0.16182
445 384 34 44 0.155433
239 161 69 90 0.155205
900 181 35 43 0.154047
923 560 22 34 0.152923
392 419 44 57 0.150795
197 339 33 39 0.150193
944 338 27 33 0.149538
420 424 67 83 0.14857
764 236 54 76 0.146093
914 472 29 31 0.144143
794 183 38 46 0.143176
64 494 25 28 0.143074
540 398 25 34 0.142357
395 224 39 47 0.138018
749 311 28 26 0.134615
156 457 33 45 0.134154
342 445 27 37 0.133304
42 455 33 37 0.127015
429 499 23 31 0.123681
915 484 28 29 0.121669
125 560 25 30 0.119692
955 165 21 27 0.118166
428 387 27 38 0.117238
740 323 30 33 0.116748
942 264 29 37 0.115868
475 533 60 81 0.113605
732 321 24 30 0.113569
758 307 32 31 0.111853
504 205 19 21 0.109869
889 378 48 67 0.109006
395 406 32 41 0.107425
398 609 43 58 0.105305
530 643 33 37 0.104127
1 397 52 57 0.104065
707 492 96 108 0.103996
577 561 64 74 0.101965
802 281 35 41 0.100503
