illumination/illumination_00066
41
367 226 25 27 0.946562
265 80 30 38 0.750847
333 189 42 47 0.744198
251 575 20 21 0.616319
238 651 25 28 0.564899
491 433 52 65 0.534218
562 -2 58 88 0.493699
527 528 18 22 0.471743
335 497 24 27 0.453499
454 527 24 30 0.428099
698 626 29 30 0.380731
308 143 27 39 0.347298
426 606 22 25 0.333502
268 590 21 28 0.333493
503 491 36 51 0.281235
437 633 28 33 0.263407
507 621 21 25 0.243643
441 245 35 43 0.232429
222 422 30 31 0.232253
717 627 32 32 0.230331
365 170 48 62 0.226649
323 230 21 30 0.216991
533 509 30 33 0.206036
467 31 132 188 0.196293
496 534 45 51 0.193384
27 334 31 34 0.188484
255 403 18 23 0.186363
447 502 36 41 0.172997
427 479 21 26 0.171607
372 302 35 47 0.167314
455 442 37 45 0.164868
547 17 64 95 0.15914
988 485 23 25 0.152348
977 520 22 26 0.141645
223 104 43 57 0.139295
269 394 22 26 0.138842
222 449 34 37 0.13419
241 635 22 23 0.110765
324 426 22 28 0.110283
15 567 29 31 0.108316
260 563 15 20 0.10762
