illumination/illumination_00347
69
456 567 30 32 0.942051
520 574 22 24 0.929641
309 344 25 34 0.90147
638 374 59 76 0.709773
487 467 29 30 0.702005
472 588 22 25 0.657978
144 466 23 28 0.594708
506 372 27 31 0.567694
611 445 27 29 0.518103
328 364 22 30 0.505903
621 380 21 27 0.499433
969 327 19 21 0.495311
869 639 23 28 0.493179
626 324 46 61 0.444607
978 592 26 27 0.406563
908 556 27 38 0.380988
359 595 23 26 0.350088
909 241 24 37 0.344557
897 256 30 42 0.341019
902 560 27 38 0.340732
401 336 37 41 0.3275
624 404 32 42 0.31779
398 598 35 39 0.315721
389 605 23 26 0.31385
719 393 13 19 0.304172
924 567 23 32 0.285248
890 583 18 21 0.281242
854 542 42 46 0.27845
245 308 22 32 0.275614
894 532 31 38 0.259283
751 644 28 34 0.253293
939 586 37 44 0.249137
706 243 29 34 0.24744
897 612 43 45 0.239057
431 467 25 30 0.235095
523 347 22 29 0.229748
426 420 30 36 0.229331
952 560 29 36 0.21771
832 336 34 32 0.212844
837 291 21 33 0.20817
701 374 16 22 0.197725
132 356 34 50 0.192434
328 577 41 49 0.19101
873 269 28 41 0.182417
267 339 21 29 0.174952
857 338 23 25 0.171356
259 317 24 31 0.15808
845 596 45 46 0.155995
620 464 37 42 0.155277
978 567 30 36 0.152375
547 427 28 39 0.152234
727 389 25 36 0.151974
868 618 26 31 0.14579
405 441 32 42 0.14574
261 328 25 30 0.145562
654 527 37 41 0.145477
885 258 27 37 0.142652
579 441 29 31 0.139828
116 362 20 28 0.13501
446 442 56 59 0.132168
150 421 26 33 0.117551
735 333 29 33 0.117195
611 326 36 44 0.109882
872 290 26 34 0.109679
468 565 27 30 0.105361
890 635 45 46 0.105031
883 329 24 32 0.104339
709 462 17 20 0.103918
641 476 25 33 0.102296
