illumination/illumination_00331
25
835 1186 26 34 0.413139
304 665 123 156 0.367278
943 1045 43 56 0.367118
421 753 430 538 0.353997
272 614 92 130 0.3208
447 144 25 32 0.303443
862 1229 48 59 0.294394
652 1405 25 33 0.260901
838 990 88 122 0.248627
771 1315 20 26 0.190154
868 969 23 35 0.16948
599 1341 26 37 0.165927
480 194 166 214 0.161702
295 627 103 137 0.146676
284 529 27 31 0.146196
630 1255 50 70 0.137016
876 963 29 42 0.136453
477 82 75 97 0.126595
871 1206 29 36 0.125682
295 1275 28 34 0.125307
216 619 52 64 0.117496
399 1309 24 30 0.10518
650 1422 26 35 0.105024
937 935 30 42 0.104923
590 1265 25 39 0.102799
