illumination/illumination_00300
45
684 178 52 71 0.960315
137 504 62 66 0.884359
39 534 26 32 0.703253
990 652 27 31 0.694263
956 586 31 34 0.578114
783 562 36 44 0.5581
137 603 42 51 0.526661
927 471 28 34 0.524081
992 470 29 40 0.521322
421 527 47 57 0.438945
930 486 35 44 0.422033
954 616 23 27 0.355096
820 554 29 41 0.350995
12 586 29 35 0.348929
921 519 38 45 0.34438
557 526 75 87 0.333928
872 546 29 38 0.331068
942 650 25 28 0.328793
76 598 31 39 0.315118
64 483 37 48 0.310791
897 286 105 115 0.304262
887 558 40 50 0.280131
621 519 50 65 0.257971
941 549 44 53 0.235791
971 470 20 24 0.235243
311 529 24 32 0.222424
591 592 27 34 0.218789
175 525 53 68 0.218102
229 497 51 62 0.216237
908 550 40 50 0.210917
379 532 51 60 0.186837
179 641 32 37 0.178684
78 502 34 44 0.174997
401 531 49 59 0.17042
972 580 55 66 0.167811
898 591 34 37 0.162374
865 629 34 37 0.153387
144 625 35 43 0.152247
-3 562 35 46 0.151773
877 553 33 42 0.127011
333 568 32 40 0.126718
636 392 26 37 0.108162
5 548 37 48 0.10748
298 557 29 35 0.105821
883 647 30 34 0.104749
