illumination/illumination_00624
155
679 154 71 96 0.999789
447 529 36 48 0.939871
476 601 52 57 0.938855
48 533 24 27 0.909295
402 320 24 29 0.908107
81 521 41 49 0.901004
137 621 25 30 0.889158
596 369 46 57 0.833321
337 466 21 28 0.829678
296 534 40 46 0.800556
47 403 36 39 0.779964
365 408 63 77 0.702467
2 496 25 30 0.696357
354 120 47 55 0.675228
0 574 43 61 0.674244
206 -2 36 45 0.665481
142 306 118 159 0.651191
209 606 35 38 0.633529
505 586 62 73 0.627021
146 155 48 73 0.61929
330 622 30 34 0.602969
460 575 45 53 0.595496
445 33 104 117 0.588139
184 558 25 31 0.5867
344 556 19 22 0.577227
18 549 29 34 0.573294
977 133 36 44 0.572547
56 622 31 39 0.569807
399 146 70 100 0.568907
288 634 31 35 0.557921
-3 389 64 78 0.550613
716 418 28 32 0.544618
293 310 44 55 0.530911
283 439 43 55 0.528101
108 596 22 25 0.524751
108 414 88 98 0.520783
566 648 30 36 0.520361
304 639 29 34 0.514123
97 62 20 27 0.505781
721 443 44 57 0.497111
408 646 18 27 0.478283
952 243 52 74 0.471088
423 435 32 37 0.465344
16 264 55 69 0.461029
778 338 55 69 0.460553
466 497 29 33 0.455375
188 448 75 94 0.442314
983 146 33 42 0.441857
508 516 26 31 0.441109
11 598 36 47 0.431752
55 639 24 31 0.430506
187 512 44 50 0.427695
101 176 35 54 0.416358
278 511 27 33 0.410064
468 630 27 33 0.406563
20 169 26 33 0.404973
202 649 24 29 0.40423
502 137 29 38 0.395199
517 494 25 32 0.381874
284 323 17 20 0.373419
519 274 29 40 0.370044
460 635 18 26 0.36438
118 171 48 73 0.357017
340 635 25 29 0.351914
671 412 54 61 0.351605
53 587 45 48 0.347291
29 476 30 33 0.339851
385 68 37 42 0.333135
17 331 28 33 0.326597
101 56 20 28 0.324292
419 466 22 27 0.317198
543 525 34 44 0.312574
142 606 36 40 0.308798
368 372 49 60 0.304894
616 448 47 61 0.304824
127 473 87 105 0.302918
210 651 25 31 0.297512
202 619 24 28 0.296588
229 201 92 115 0.292619
0 328 25 35 0.290815
76 633 24 28 0.290631
465 465 24 26 0.289925
515 532 25 30 0.28132
263 586 33 38 0.264332
374 632 21 27 0.261544
121 651 35 35 0.259949
560 374 38 45 0.256436
536 153 36 45 0.255723
90 441 35 38 0.252918
264 505 27 33 0.252167
31 599 32 35 0.251451
679 517 44 65 0.240307
283 536 32 39 0.239989
478 511 29 33 0.239326
376 649 35 42 0.239027
197 643 13 18 0.234466
26 231 27 34 0.234457
361 602 41 47 0.234452
862 646 20 28 0.232325
137 637 29 35 0.229979
792 319 62 76 0.229978
497 163 32 43 0.228095
526 66 35 43 0.225564
519 217 39 52 0.22512
740 409 27 31 0.221526
23 509 39 39 0.220805
829 232 36 46 0.220461
283 605 34 35 0.220334
48 159 35 45 0.218411
44 562 27 34 0.21206
344 392 27 33 0.209669
391 532 27 33 0.209024
408 623 23 34 0.199446
720 427 30 40 0.197936
385 602 32 41 0.194478
253 608 25 30 0.191115
594 490 25 31 0.190052
129 222 35 46 0.1872
102 617 32 35 0.18512
345 600 26 32 0.178728
355 633 27 33 0.17846
176 595 33 37 0.175621
156 222 52 62 0.17379
301 423 23 25 0.163129
42 397 28 34 0.157271
87 562 31 40 0.155567
504 359 28 33 0.153947
39 333 19 26 0.152104
900 228 34 41 0.151168
15 463 34 39 0.148931
340 419 26 40 0.14809
664 451 24 27 0.140164
78 581 31 35 0.139993
580 407 31 43 0.139406
344 150 23 31 0.135323
704 458 51 62 0.134171
62 525 37 43 0.133382
249 331 23 28 0.129249
212 203 25 33 0.129061
365 464 30 36 0.126795
168 31 26 34 0.124629
200 197 26 30 0.123012
328 478 23 27 0.121309
312 405 23 28 0.118498
107 499 76 91 0.117502
469 621 21 26 0.1164
411 317 32 38 0.114757
78 643 35 38 0.113137
161 594 23 25 0.112735
415 578 33 43 0.106801
230 618 26 33 0.105898
846 285 27 31 0.104856
527 17 43 54 0.10287
890 402 24 29 0.102868
754 415 25 32 0.101557
