illumination/illumination_00602
89
542 91 47 66 0.999903
255 49 38 48 0.999897
904 64 52 69 0.999101
79 45 54 103 0.999006
813 134 47 60 0.991252
361 50 61 72 0.98502
347 49 30 40 0.762567
778 136 25 30 0.742791
316 358 34 43 0.705605
949 71 32 42 0.604322
513 580 24 27 0.556256
260 423 42 52 0.550672
959 108 34 41 0.550489
776 436 38 46 0.508341
247 356 30 39 0.490295
228 275 47 64 0.488663
477 407 21 29 0.480091
971 311 23 29 0.457856
969 416 27 31 0.421503
49 56 51 71 0.412868
243 336 24 29 0.410898
914 46 29 35 0.396323
958 515 22 30 0.381534
953 447 38 47 0.379619
494 336 43 57 0.354753
780 146 50 66 0.347274
604 342 22 27 0.33828
577 538 23 27 0.334686
360 -13 68 81 0.31922
509 503 16 21 0.292197
281 370 17 21 0.290924
525 295 26 32 0.28968
830 335 23 33 0.275154
245 233 34 46 0.269072
706 630 26 31 0.268973
945 202 29 35 0.266747
275 11 27 34 0.265005
876 267 31 39 0.263252
418 307 30 34 0.262842
315 575 25 29 0.250875
579 302 23 26 0.250187
956 489 30 35 0.247593
703 643 23 30 0.242641
682 533 31 37 0.231254
843 471 23 31 0.210526
508 468 21 27 0.209724
622 237 63 93 0.20906
373 162 52 65 0.202371
618 318 23 27 0.202157
297 379 28 34 0.197569
396 47 63 80 0.195418
395 389 21 25 0.190805
233 253 29 39 0.189721
321 12 29 38 0.189477
640 600 18 23 0.183151
612 568 21 24 0.173843
21 86 54 62 0.166594
531 406 27 33 0.162206
825 262 21 24 0.160548
467 430 26 30 0.158548
232 512 25 32 0.157723
948 401 23 28 0.155905
660 137 18 22 0.155469
342 59 27 39 0.152424
50 7 37 43 0.150486
250 389 20 26 0.150187
221 186 27 35 0.147415
327 411 21 23 0.14024
560 79 30 35 0.138136
179 3 20 24 0.136416
125 125 20 25 0.136323
760 440 39 44 0.134084
796 475 21 27 0.134054
133 63 31 39 0.13342
799 597 28 33 0.13217
700 364 39 52 0.128608
185 131 25 31 0.126044
120 134 33 42 0.124864
928 237 35 43 0.121881
370 332 29 34 0.12172
960 333 21 26 0.121134
928 551 17 20 0.119251
541 294 31 37 0.117736
764 168 21 28 0.115784
438 371 27 31 0.115285
251 411 19 24 0.113433
246 2 20 22 0.110004
209 535 33 42 0.107119
29 582 25 29 0.10318
