illumination/illumination_00998
28
865 561 29 37 0.838608
305 268 57 62 0.723401
535 561 46 53 0.68394
570 344 184 200 0.555172
478 400 167 185 0.534554
786 335 32 38 0.513065
823 550 44 53 0.46772
851 524 24 31 0.420708
84 32 103 126 0.313505
898 67 25 31 0.291189
11 302 181 192 0.27853
151 81 85 109 0.260391
693 616 41 51 0.24208
384 83 66 81 0.226319
769 317 22 28 0.213645
946 216 44 57 0.209617
452 517 24 30 0.190275
857 306 82 101 0.181294
415 392 46 53 0.165968
979 413 35 44 0.158573
402 622 43 54 0.146259
375 535 25 30 0.136181
229 254 36 46 0.135077
818 534 25 30 0.129035
786 567 55 73 0.123487
176 324 197 221 0.120088
507 352 99 112 0.107653
899 223 50 61 0.100698
