illumination/illumination_00704
30
235 140 174 234 0.940205
300 422 31 52 0.816953
923 506 30 33 0.7074
769 167 65 68 0.58023
881 590 26 30 0.502715
775 187 74 102 0.495617
876 648 27 31 0.448561
779 586 84 106 0.423523
803 451 46 70 0.417646
792 550 41 47 0.369163
928 629 34 40 0.342122
905 628 28 31 0.328844
845 610 27 34 0.313302
298 542 34 41 0.304093
912 649 29 33 0.293162
229 501 38 49 0.286623
960 601 25 30 0.274148
807 499 38 46 0.193366
905 599 22 27 0.184611
839 530 23 26 0.17831
863 644 29 33 0.172219
844 541 24 27 0.170867
551 620 43 48 0.158629
886 550 24 24 0.152779
888 490 25 27 0.139611
773 407 66 102 0.130615
886 654 28 32 0.117791
940 586 27 32 0.112077
855 605 24 29 0.104987
970 575 25 30 0.100477
