illumination/illumination_00314
22
443 315 12 19 0.976142
637 323 10 14 0.82689
776 372 21 26 0.685681
671 300 15 20 0.569043
407 427 25 31 0.420345
592 319 14 20 0.389538
552 523 29 33 0.362374
435 316 15 18 0.349745
782 322 13 18 0.346681
968 333 13 22 0.303551
315 12 124 145 0.265849
387 287 58 64 0.244461
743 461 27 29 0.165822
256 328 14 16 0.164541
895 335 15 22 0.157333
78 42 35 34 0.147776
463 329 25 28 0.131899
930 321 20 26 0.11694
914 187 20 22 0.115059
108 70 20 24 0.108787
793 222 31 35 0.105914
930 184 23 25 0.10535
