illumination/illumination_00095
67
305 99 21 28 0.968281
448 374 18 21 0.865874
581 466 24 29 0.778495
725 273 32 37 0.746694
261 364 68 65 0.620448
569 23 64 81 0.575942
16 159 41 48 0.552433
527 88 44 50 0.51377
684 310 20 26 0.509519
132 79 86 95 0.486494
93 23 43 48 0.47987
927 329 23 25 0.47847
714 285 28 33 0.473917
209 30 25 31 0.467438
258 90 25 27 0.428149
568 380 24 31 0.422882
134 0 30 37 0.419578
139 29 28 33 0.402979
69 447 20 23 0.390639
439 152 32 37 0.388978
784 321 22 31 0.368397
603 295 24 28 0.337723
115 104 33 40 0.332226
233 172 54 74 0.33023
457 15 19 21 0.3256
370 352 18 23 0.323586
4 508 40 42 0.304705
605 319 21 26 0.30465
29 120 41 48 0.284585
476 120 24 29 0.279326
397 23 26 32 0.270929
569 306 20 24 0.263984
214 119 22 28 0.255725
163 -1 46 55 0.254016
975 545 20 28 0.247791
670 295 20 26 0.244265
103 76 34 40 0.231499
476 96 35 41 0.230798
236 82 31 38 0.210818
815 323 20 26 0.20895
14 141 43 49 0.201837
268 68 23 28 0.187864
676 316 21 25 0.175843
214 4 31 38 0.173163
47 91 66 74 0.170572
389 12 22 27 0.162628
251 43 27 34 0.162276
342 70 35 43 0.162093
268 29 26 35 0.155067
649 309 24 29 0.152255
660 323 23 26 0.146519
625 454 34 40 0.140682
238 122 21 24 0.137953
20 114 38 48 0.136077
296 85 24 29 0.133503
314 491 21 27 0.12946
670 435 18 27 0.127796
114 270 20 25 0.125414
162 26 35 40 0.122001
68 76 48 54 0.119437
25 318 24 29 0.11663
815 346 23 28 0.111664
450 92 39 48 0.105789
328 379 31 36 0.104125
405 79 26 34 0.103452
297 145 25 37 0.102983
523 2 21 25 0.101188
