illumination/illumination_00728
88
127 203 53 58 0.989134
799 141 35 39 0.871997
451 449 55 62 0.858363
220 206 71 90 0.843846
633 232 24 33 0.818977
265 225 47 60 0.806005
399 93 69 83 0.77138
932 309 26 26 0.740918
555 243 29 46 0.6877
200 19 197 236 0.650882
179 283 36 46 0.639485
799 161 36 51 0.633177
433 271 41 50 0.619903
773 389 57 65 0.597097
617 247 53 72 0.577515
404 478 39 46 0.571228
277 231 76 80 0.56966
617 131 32 37 0.547686
480 263 21 26 0.538466
181 226 27 31 0.523748
371 539 29 36 0.505432
216 395 31 38 0.493008
577 121 21 28 0.491279
859 528 56 64 0.462957
186 199 35 43 0.46261
688 313 33 38 0.401219
691 268 33 40 0.399223
718 223 97 112 0.3879
427 291 31 40 0.357207
936 429 25 30 0.35551
108 479 58 68 0.350824
420 -2 38 45 0.321112
240 540 38 47 0.31708
713 183 51 67 0.31019
439 14 30 37 0.30257
242 519 38 48 0.299765
337 245 24 36 0.293252
584 343 46 68 0.285459
765 494 42 51 0.281801
911 194 93 118 0.27993
675 291 16 20 0.248587
181 265 28 39 0.246804
969 417 37 48 0.241374
558 56 51 62 0.236182
537 237 26 36 0.232172
687 252 32 37 0.222457
918 493 62 76 0.222293
577 524 30 39 0.221027
935 444 28 36 0.214816
460 579 36 43 0.210324
80 639 33 41 0.2059
862 176 56 61 0.203367
656 259 22 26 0.182673
639 129 39 46 0.181425
488 329 20 24 0.175661
83 117 71 86 0.174981
741 559 29 39 0.174369
390 362 58 84 0.168404
181 140 40 46 0.167025
698 321 34 37 0.165873
502 236 19 22 0.15992
846 227 36 41 0.159781
797 183 38 50 0.155658
566 516 32 43 0.149853
668 148 30 36 0.145587
831 179 35 44 0.145523
467 330 21 25 0.143014
131 544 50 65 0.142711
257 537 43 52 0.13777
711 335 42 50 0.137724
839 495 40 50 0.132866
987 531 36 50 0.12818
351 573 62 83 0.124834
568 502 31 42 0.12399
176 493 28 35 0.122863
570 482 29 40 0.119555
374 498 42 52 0.118451
643 228 35 46 0.118341
778 246 59 77 0.116812
917 516 65 80 0.112847
158 417 37 43 0.112519
704 256 38 44 0.106814
711 610 47 57 0.106517
532 295 30 38 0.106004
435 250 41 47 0.105157
286 390 74 92 0.103707
427 159 46 60 0.103025
662 262 22 27 0.100456
