illumination/illumination_00295
63
322 139 90 114 0.999961
233 225 83 101 0.987632
615 524 52 63 0.650863
398 371 36 51 0.575185
699 478 23 25 0.546735
984 232 26 32 0.496071
1 142 27 32 0.491711
475 548 35 43 0.490142
406 509 58 80 0.489983
947 362 37 50 0.480061
405 238 34 40 0.461082
629 504 33 38 0.437201
435 348 30 39 0.416302
509 354 34 50 0.410449
602 414 62 78 0.364819
990 182 23 29 0.345058
841 546 40 52 0.343575
478 459 37 44 0.341787
522 294 32 39 0.338594
518 358 34 51 0.321328
772 422 36 43 0.320468
16 270 39 50 0.31928
860 477 34 43 0.30658
407 255 33 44 0.2969
458 302 35 40 0.288243
66 142 25 28 0.280674
395 422 53 63 0.271539
805 137 29 38 0.258062
957 627 30 39 0.238203
469 276 32 40 0.232546
582 549 83 102 0.229719
450 492 42 48 0.221837
350 513 62 79 0.204657
674 423 46 52 0.192885
845 331 27 37 0.187172
689 254 40 49 0.18712
351 319 28 41 0.186759
724 510 28 33 0.179205
486 298 33 44 0.177014
64 255 23 30 0.165842
673 498 29 39 0.161246
589 77 49 62 0.15448
223 534 89 103 0.154467
410 371 36 52 0.151211
766 608 29 41 0.144
39 583 38 47 0.14125
981 351 27 29 0.138007
807 522 19 26 0.135837
491 483 45 55 0.13527
933 620 30 41 0.133139
731 637 39 45 0.132109
703 559 26 32 0.131757
693 412 33 39 0.128757
852 293 46 59 0.125137
858 591 41 54 0.123465
421 343 33 49 0.117631
-1 261 24 33 0.117556
704 541 34 36 0.112432
905 371 24 34 0.112029
421 259 34 43 0.111199
545 491 36 47 0.103603
540 326 29 35 0.103328
1 615 27 31 0.102656
