illumination/illumination_00337
213
767 998 30 35 0.999996
949 990 24 29 0.999984
617 1061 14 19 0.999949
238 991 27 39 0.999894
519 420 40 49 0.990764
52 999 25 40 0.984549
987 1006 24 34 0.966254
73 1118 46 58 0.878
955 1248 31 39 0.877197
259 1021 43 52 0.855795
165 1042 21 27 0.842342
639 1066 15 22 0.800582
786 1234 30 37 0.787129
490 71 48 58 0.784437
187 50 65 79 0.767024
685 1011 81 92 0.757091
373 1109 29 35 0.755718
51 958 48 50 0.725067
934 213 63 73 0.707361
376 642 24 34 0.684714
595 1100 36 43 0.66903
22 1490 34 42 0.66764
860 171 16 20 0.653085
417 484 44 59 0.647691
539 1132 25 28 0.635036
345 248 44 44 0.626733
175 171 21 29 0.625048
467 1011 35 46 0.608993
352 722 32 47 0.605377
766 277 19 24 0.591994
427 438 22 27 0.581667
836 363 27 31 0.570699
645 1112 21 24 0.559471
110 1176 29 46 0.552099
338 270 28 32 0.549261
495 170 52 60 0.542523
81 866 18 24 0.520984
815 794 45 56 0.518923
261 679 28 34 0.518578
641 379 27 30 0.512088
954 201 72 90 0.498814
212 1022 25 30 0.49306
723 948 52 59 0.489261
852 786 64 80 0.486398
595 -16 107 130 0.486356
741 1133 30 40 0.482641
920 617 97 125 0.469263
185 1220 25 29 0.469166
998 1013 24 34 0.469001
295 1047 28 35 0.46866
921 1168 28 36 0.465639
86 158 29 36 0.465416
150 1080 37 46 0.458726
635 1020 33 38 0.451904
288 358 24 29 0.450968
893 1246 34 39 0.424364
207 265 22 31 0.422828
970 358 24 27 0.419504
533 323 29 33 0.40878
854 1096 31 42 0.408128
889 366 30 36 0.405692
548 108 30 33 0.404296
154 1045 20 33 0.401764
841 1183 26 28 0.399575
583 956 39 49 0.386504
975 1033 42 56 0.384341
351 55 89 102 0.382821
806 1167 23 29 0.372007
195 1472 47 49 0.368995
807 443 27 32 0.363682
56 245 21 23 0.354683
396 843 30 36 0.351079
212 1113 25 31 0.343251
724 1194 41 51 0.341801
503 684 19 27 0.338578
691 133 28 29 0.336527
828 1039 15 20 0.323983
142 1006 15 20 0.323977
724 1229 26 31 0.323947
722 547 59 66 0.320819
69 1356 33 44 0.319412
924 1222 21 27 0.318294
460 967 32 42 0.314386
229 257 25 27 0.313325
280 329 22 31 0.310894
312 288 38 42 0.294254
1002 1120 21 26 0.293966
243 54 47 63 0.293171
10 700 25 26 0.290901
878 756 29 37 0.286907
900 230 39 42 0.284078
483 1434 51 56 0.281793
1 1493 34 38 0.28101
920 348 43 48 0.280426
301 978 60 77 0.276063
878 1052 48 63 0.271184
70 1309 51 62 0.271119
822 176 41 45 0.269539
55 924 27 30 0.2689
681 822 118 151 0.268418
220 1471 36 39 0.267739
91 1045 66 82 0.259551
197 232 31 35 0.258913
381 272 34 38 0.254903
336 647 49 70 0.25345
519 109 25 29 0.253102
503 1100 32 35 0.248352
13 1076 20 37 0.245798
285 293 40 40 0.245401
971 1132 20 25 0.242393
68 36 19 22 0.24231
394 1050 19 24 0.241981
938 973 23 26 0.240796
559 1069 17 20 0.236123
649 340 26 29 0.235041
206 891 18 28 0.2326
610 206 29 35 0.230191
155 856 29 38 0.228607
627 133 18 23 0.228506
370 1132 28 34 0.227443
511 1360 75 79 0.225438
805 282 43 47 0.223282
565 110 29 31 0.221366
771 1075 45 57 0.216235
574 1386 34 38 0.215381
165 228 46 52 0.213267
275 820 22 29 0.212459
0 218 28 32 0.21128
98 50 28 34 0.211242
393 316 36 42 0.209626
6 275 65 77 0.204894
562 18 52 53 0.204176
372 1194 40 48 0.202699
569 1130 25 27 0.199987
540 1074 24 34 0.197994
620 996 29 36 0.197425
43 21 26 31 0.195683
856 958 40 42 0.195116
261 1463 34 38 0.194788
811 157 30 38 0.193633
503 369 69 79 0.191814
352 -3 33 39 0.191412
706 970 18 26 0.189808
4 798 46 52 0.189034
894 1209 31 37 0.188689
113 1317 36 52 0.183286
853 263 27 35 0.182199
64 233 34 38 0.181086
473 392 35 39 0.179814
911 1245 28 34 0.179622
642 1093 31 34 0.179124
80 301 27 38 0.176955
64 1486 34 38 0.17688
251 586 39 56 0.174208
570 405 31 44 0.169976
261 250 39 43 0.168275
510 47 59 64 0.164908
461 475 28 34 0.163857
209 1065 38 43 0.163026
141 833 21 30 0.161731
484 91 52 52 0.160294
248 265 31 34 0.160141
574 1048 30 41 0.159916
235 231 28 32 0.159645
96 1350 31 46 0.159172
319 841 25 30 0.156238
293 423 34 41 0.154084
693 142 27 29 0.152098
678 1036 19 26 0.151795
421 1115 37 42 0.151728
764 1263 22 27 0.147578
857 738 24 27 0.143689
173 1405 41 45 0.142859
38 1142 42 62 0.140988
425 1027 20 27 0.139094
64 1371 38 56 0.137273
46 1361 36 48 0.136535
111 876 24 31 0.135912
387 1453 30 34 0.135027
153 480 29 40 0.132998
723 147 21 24 0.13248
460 493 35 53 0.128221
100 238 35 42 0.128075
-6 805 39 48 0.127386
884 1240 33 43 0.126942
285 670 36 40 0.125114
0 1160 21 26 0.124413
830 993 29 43 0.123396
794 958 27 38 0.123048
575 118 33 36 0.12162
580 342 36 42 0.119947
877 126 21 25 0.119766
968 1173 26 36 0.119763
70 1164 27 43 0.119004
41 303 44 71 0.11736
858 151 22 25 0.11657
433 544 24 32 0.116035
802 87 39 55 0.115435
838 151 24 29 0.113222
700 1124 22 27 0.112814
309 241 39 41 0.111523
905 1231 22 27 0.111137
51 771 31 39 0.108116
588 91 34 40 0.108
992 1158 25 30 0.107285
675 1248 18 22 0.106437
527 84 35 39 0.105074
155 251 34 40 0.102197
835 526 39 45 0.101953
438 1003 35 38 0.101387
295 1459 32 37 0.100428
789 79 38 61 0.100404
932 1217 23 31 0.100068
