illumination/illumination_00154
57
261 268 76 93 0.760452
412 561 53 61 0.723746
172 292 121 149 0.673542
369 629 37 40 0.657964
305 258 71 108 0.59054
505 1 44 55 0.551094
612 224 30 36 0.50471
683 607 29 34 0.502378
652 101 62 71 0.495006
655 281 52 66 0.479657
764 137 44 62 0.444757
933 251 39 49 0.435845
723 605 39 43 0.422528
708 136 32 41 0.403459
665 270 53 65 0.389128
272 342 132 178 0.373645
654 245 26 31 0.366496
710 290 25 30 0.363349
697 229 23 27 0.356357
344 22 236 370 0.323218
375 579 29 35 0.318288
150 516 55 58 0.311873
813 63 48 58 0.308474
937 297 38 46 0.306053
193 428 81 99 0.288596
846 70 76 98 0.271815
756 172 43 62 0.259123
461 572 41 52 0.249783
445 578 35 42 0.234547
980 645 34 37 0.230861
961 549 49 63 0.21978
955 240 50 69 0.217363
700 184 26 36 0.208125
774 60 56 61 0.204545
966 291 30 41 0.196991
962 649 43 42 0.196519
941 265 38 51 0.193575
891 25 52 59 0.187817
914 565 56 66 0.182717
653 182 45 60 0.174757
715 159 28 37 0.161279
911 305 52 61 0.160127
196 531 46 51 0.158586
834 646 27 31 0.158432
653 615 30 36 0.157986
888 300 48 59 0.151717
729 250 62 71 0.151447
884 523 48 51 0.145015
41 568 26 34 0.138233
944 541 52 60 0.136458
266 573 20 22 0.134169
800 164 116 153 0.127761
874 488 59 68 0.118189
893 550 45 53 0.114282
810 552 95 102 0.110033
265 582 24 26 0.107005
925 263 33 47 0.103142
