illumination/illumination_00705
21
523 113 42 60 0.76325
567 305 27 34 0.692111
886 340 30 34 0.662716
554 433 25 29 0.545439
823 266 29 32 0.418721
228 514 22 27 0.332869
503 301 32 39 0.310733
496 316 26 39 0.194874
323 438 31 38 0.186259
631 298 20 26 0.180678
337 463 20 27 0.177279
554 128 28 37 0.17099
212 497 26 31 0.16083
306 488 20 22 0.160706
504 510 35 39 0.150694
871 363 32 37 0.141167
409 376 41 49 0.134078
512 411 47 52 0.132524
494 250 39 47 0.117709
499 276 39 50 0.115292
572 338 32 46 0.111534
