illumination/illumination_00359
96
435 319 19 23 0.987346
244 341 17 23 0.977892
684 358 19 30 0.953832
172 342 14 19 0.949689
342 420 60 66 0.868728
850 199 62 72 0.782323
678 276 25 35 0.724311
952 205 36 49 0.719467
906 219 32 44 0.713816
764 506 23 30 0.690141
665 355 26 32 0.671708
664 280 24 28 0.664876
493 325 26 33 0.658366
233 405 18 23 0.653708
969 161 27 33 0.633103
296 326 49 59 0.630658
161 255 39 45 0.60577
185 382 22 25 0.596582
322 413 51 58 0.578984
89 467 26 30 0.570103
484 376 24 27 0.555421
559 230 26 31 0.504863
607 316 39 56 0.482632
749 209 44 51 0.4552
315 381 15 20 0.443595
727 209 48 56 0.441423
122 256 24 36 0.425245
805 463 27 31 0.387862
301 409 41 48 0.382964
287 250 29 34 0.379024
332 300 21 31 0.369313
277 311 23 29 0.365968
791 206 38 48 0.364993
177 418 33 38 0.351948
461 328 16 22 0.351083
821 203 51 60 0.349467
526 388 37 54 0.349052
434 291 25 29 0.345569
355 337 35 45 0.33987
446 373 22 28 0.339719
792 422 15 19 0.33959
210 462 25 30 0.318756
238 469 33 39 0.316878
260 244 24 28 0.311251
148 429 32 38 0.306678
655 233 22 26 0.302482
588 341 18 23 0.293284
829 336 29 35 0.292423
658 434 62 77 0.290738
290 229 26 32 0.273368
581 250 44 55 0.262093
403 302 27 32 0.259539
296 442 26 34 0.247419
174 248 43 46 0.240858
527 358 22 29 0.24059
170 482 23 26 0.238599
173 364 25 35 0.233846
451 444 42 55 0.230415
387 339 21 25 0.227147
662 318 36 46 0.226333
674 354 25 29 0.226278
695 426 32 33 0.222818
782 401 21 26 0.222296
779 356 26 32 0.206794
214 425 22 26 0.205533
286 298 19 24 0.201518
319 297 26 34 0.2002
764 466 30 35 0.200154
66 452 38 44 0.199275
477 431 26 32 0.187169
570 335 17 26 0.186348
224 379 24 28 0.181782
271 243 32 40 0.172108
146 250 28 36 0.167391
393 268 22 28 0.166954
531 373 23 34 0.161371
392 306 25 31 0.159558
521 419 21 29 0.155553
697 236 21 25 0.155333
626 229 27 33 0.149939
764 437 36 38 0.148119
375 504 21 27 0.143425
619 230 22 25 0.143049
464 362 33 36 0.141928
158 296 28 35 0.141825
103 242 29 42 0.139131
445 417 18 24 0.134204
335 472 21 24 0.126313
538 437 27 40 0.124191
115 427 32 36 0.118141
912 208 36 45 0.117164
772 366 16 26 0.115156
487 330 24 31 0.112357
220 230 36 42 0.104907
823 434 19 23 0.102233
633 411 25 33 0.100181
