illumination/illumination_00622
48
487 85 99 128 0.999997
583 43 104 140 0.99979
673 159 50 53 0.905862
467 212 55 79 0.755548
876 68 55 62 0.722941
20 536 29 35 0.610058
926 71 41 50 0.584456
226 440 33 41 0.56065
613 175 104 156 0.507018
582 188 50 58 0.431751
542 5 48 56 0.425282
960 372 42 47 0.362672
230 -6 51 66 0.353187
600 170 48 56 0.334637
474 234 60 72 0.311392
464 111 33 49 0.279002
564 228 46 56 0.27518
586 270 32 37 0.256356
959 170 47 56 0.240593
717 103 48 61 0.224542
632 544 21 30 0.221528
950 85 58 69 0.21908
545 219 23 30 0.213494
977 67 42 51 0.210633
836 30 33 42 0.205126
720 203 17 21 0.196726
815 431 30 41 0.188142
901 453 43 47 0.18147
477 61 50 57 0.177053
979 472 38 45 0.174292
810 165 45 54 0.162556
776 8 31 37 0.161737
329 303 19 24 0.158095
675 74 31 45 0.157606
518 522 29 34 0.152564
618 403 37 56 0.140742
866 137 28 34 0.135612
63 436 28 32 0.132181
757 245 32 52 0.130312
871 363 28 34 0.130134
872 488 29 37 0.120343
717 63 58 67 0.117484
905 502 27 32 0.114471
15 123 23 31 0.111483
55 511 26 35 0.101905
485 522 39 52 0.100781
310 131 30 35 0.100503
893 144 33 40 0.100059
