illumination/illumination_00674
83
281 133 38 53 0.954428
894 234 69 77 0.842789
428 184 28 29 0.76696
328 282 37 43 0.760467
363 175 27 33 0.720875
879 163 21 23 0.652446
302 226 20 28 0.630195
500 224 28 34 0.584561
433 311 32 39 0.581396
762 220 58 75 0.447125
206 169 25 33 0.444079
671 269 38 46 0.436194
270 455 29 41 0.410358
645 235 58 64 0.401998
725 477 24 29 0.368557
156 172 64 81 0.364291
591 311 30 34 0.351576
918 109 46 52 0.340494
270 182 40 49 0.337724
874 68 23 30 0.335268
343 285 37 41 0.334461
192 471 24 28 0.333801
925 182 31 39 0.33155
767 176 22 31 0.305148
159 204 60 79 0.29165
5 435 53 61 0.265365
203 112 28 35 0.264719
150 333 56 68 0.260385
661 320 21 24 0.258095
854 338 20 23 0.241394
188 148 28 37 0.241315
552 212 27 30 0.232442
922 66 24 33 0.230473
849 407 30 35 0.227219
97 444 21 23 0.225047
63 388 26 28 0.222355
182 61 61 69 0.221941
346 191 36 48 0.219057
941 391 32 38 0.203704
754 274 46 57 0.200262
323 329 24 27 0.198509
247 131 26 29 0.197931
703 182 36 44 0.195505
256 138 28 33 0.189448
189 443 24 28 0.189391
848 321 20 24 0.189177
795 268 28 42 0.187274
325 404 45 59 0.182873
231 75 24 28 0.182655
112 175 33 48 0.181298
895 153 27 33 0.175797
645 443 32 44 0.167032
119 443 31 34 0.166874
677 327 22 30 0.162914
418 311 36 43 0.161141
182 408 22 26 0.157289
990 318 34 45 0.152855
715 64 34 41 0.151985
719 327 36 47 0.151554
289 188 40 52 0.14872
616 363 23 31 0.14715
47 463 34 38 0.138712
580 315 25 28 0.138211
555 324 26 30 0.136495
298 131 40 54 0.135598
121 232 26 35 0.135557
371 292 47 52 0.135143
378 235 34 39 0.135046
717 399 32 40 0.133377
881 407 19 26 0.132027
205 156 23 32 0.126326
122 465 40 45 0.124993
569 163 26 30 0.124289
796 331 30 38 0.121884
281 73 32 35 0.119692
155 393 23 29 0.119636
306 74 42 47 0.119129
375 340 24 33 0.116992
818 189 30 40 0.114869
811 375 31 43 0.114118
125 248 24 33 0.113669
657 336 25 31 0.112967
670 186 28 30 0.101378
