illumination/illumination_00772
26
206 99 40 48 0.778484
326 160 65 85 0.777673
378 95 136 161 0.741949
969 74 37 45 0.617161
517 301 96 120 0.545506
83 310 41 45 0.516361
356 45 76 86 0.383365
95 182 86 120 0.375183
401 315 88 115 0.306559
180 249 32 39 0.241923
247 167 30 34 0.220266
196 141 49 57 0.218185
108 61 25 32 0.206048
487 43 30 39 0.185501
482 15 33 38 0.165465
169 36 46 50 0.163826
356 359 38 47 0.152606
197 364 77 99 0.134445
216 386 157 191 0.126053
121 273 55 71 0.124344
344 11 44 54 0.123899
52 148 31 38 0.11559
458 320 64 78 0.115309
298 159 30 41 0.11094
182 72 24 30 0.106105
447 15 38 43 0.10068
