illumination/illumination_00056
46
467 426 34 42 0.635542
300 454 27 30 0.62666
246 471 20 26 0.6206
110 460 32 37 0.606693
448 443 45 61 0.601396
419 526 70 99 0.583904
379 421 26 33 0.482246
408 599 26 31 0.467817
472 174 171 184 0.452907
242 625 22 29 0.448496
47 522 27 33 0.434031
502 369 29 37 0.434009
140 643 24 30 0.392042
22 613 21 26 0.387809
276 411 32 39 0.339191
32 452 25 31 0.331652
306 417 47 53 0.287026
384 474 25 31 0.278691
37 621 27 35 0.272817
443 459 45 60 0.267456
747 36 67 91 0.260076
156 463 23 29 0.239126
426 403 34 43 0.23625
147 603 26 33 0.236247
17 510 37 45 0.215115
321 100 155 199 0.204758
66 451 28 33 0.204399
488 398 26 35 0.200576
332 640 33 39 0.197993
283 423 30 35 0.19407
366 645 24 29 0.188253
367 508 27 37 0.178727
402 419 42 57 0.175642
77 575 26 32 0.165095
338 410 31 40 0.137356
155 532 29 36 0.136542
568 583 25 33 0.134274
435 433 27 34 0.130675
426 616 18 24 0.130504
586 565 25 32 0.126952
148 420 40 50 0.121885
562 605 33 41 0.118352
239 640 20 25 0.116067
373 398 33 43 0.108918
58 511 28 33 0.107606
176 397 36 47 0.101538
