illumination/illumination_00604
75
622 262 26 33 0.999943
920 255 40 50 0.999918
681 261 30 38 0.99987
855 261 25 30 0.945502
807 387 43 50 0.904805
965 422 33 38 0.741926
395 472 29 33 0.633125
489 253 34 44 0.603692
755 373 23 30 0.602413
728 372 24 27 0.594497
636 14 24 28 0.593571
487 327 49 63 0.580308
478 333 18 22 0.518159
763 281 28 38 0.480641
603 216 27 36 0.468642
902 315 78 101 0.440524
533 599 23 27 0.403529
884 498 29 39 0.398245
388 382 24 34 0.396782
554 581 39 43 0.350775
870 320 26 30 0.34708
548 657 19 24 0.33827
304 386 28 44 0.330984
641 561 28 36 0.281253
352 538 21 24 0.276415
302 282 26 37 0.262408
633 381 29 36 0.255319
510 547 24 27 0.239752
970 538 17 23 0.227978
411 388 16 25 0.225435
243 294 20 22 0.224381
523 326 32 43 0.220198
470 366 31 38 0.207421
575 444 22 27 0.197053
56 353 58 72 0.195835
882 271 37 44 0.191351
947 469 31 36 0.191137
546 244 30 43 0.190655
744 433 38 44 0.183624
379 546 23 26 0.181272
678 460 35 44 0.175798
882 341 22 29 0.162191
745 278 31 42 0.161064
785 351 24 32 0.158823
341 387 36 58 0.155478
458 259 23 30 0.155193
586 475 22 27 0.1526
892 619 21 28 0.152472
134 626 34 45 0.14593
530 191 36 42 0.143553
460 451 24 29 0.14095
859 235 23 31 0.136585
289 362 18 30 0.13402
921 244 31 34 0.133969
604 322 43 51 0.132604
104 470 54 70 0.13041
355 122 37 47 0.127725
859 343 27 35 0.125041
330 620 23 26 0.118944
777 84 42 49 0.118424
322 310 27 37 0.11762
692 127 21 28 0.117389
968 286 31 37 0.116237
679 372 53 63 0.11508
794 335 30 36 0.1141
407 150 52 61 0.113863
359 589 21 26 0.111428
843 103 21 27 0.110591
739 370 26 31 0.110393
881 590 35 46 0.10929
807 288 29 38 0.108584
497 602 20 23 0.107719
482 599 22 25 0.102059
788 158 43 61 0.10159
385 330 19 25 0.101405
