illumination/illumination_00392
32
175 115 51 68 0.998929
595 121 41 47 0.863362
744 117 61 73 0.840757
837 254 36 48 0.46117
410 188 44 53 0.42583
687 295 29 37 0.421207
735 380 25 33 0.374257
215 278 39 39 0.346496
749 292 22 27 0.3397
739 192 22 27 0.29191
722 380 21 28 0.275272
974 242 48 54 0.255212
850 191 66 85 0.249403
782 340 24 32 0.235682
579 313 22 26 0.214979
741 393 43 51 0.214069
805 587 18 24 0.213623
793 338 26 30 0.212625
224 416 66 80 0.16331
723 305 24 26 0.162826
792 105 25 31 0.158113
808 256 45 53 0.151422
631 122 20 25 0.145114
796 560 24 27 0.142385
148 315 27 34 0.140577
522 210 21 26 0.13923
560 324 69 80 0.133235
596 227 22 27 0.131188
837 518 37 43 0.124363
280 398 24 33 0.124091
612 101 22 26 0.120003
634 225 55 72 0.113578
