illumination/illumination_00327
49
484 513 155 202 0.953438
394 1143 230 274 0.732215
944 975 30 36 0.72053
860 804 27 35 0.655298
671 1182 37 47 0.604726
896 810 24 31 0.560415
25 840 20 24 0.552341
853 1083 39 45 0.457724
890 1177 30 37 0.417939
361 682 33 39 0.415296
809 826 20 29 0.373524
247 1127 20 24 0.352259
309 1243 24 31 0.341408
503 963 74 98 0.339297
456 1318 155 194 0.330295
677 1141 41 49 0.329818
782 1116 21 26 0.329056
519 919 56 73 0.320271
177 1054 27 30 0.320164
824 1090 19 25 0.309595
952 1231 67 84 0.308896
902 1171 28 33 0.294321
811 1155 18 23 0.186843
899 1437 39 47 0.184095
917 847 36 44 0.180427
997 966 21 24 0.169372
867 908 30 38 0.169101
790 1078 21 23 0.163612
769 1302 24 28 0.163237
119 1159 21 24 0.160545
233 1164 24 30 0.158845
311 661 30 35 0.154161
269 1047 26 31 0.153313
886 777 28 39 0.150339
809 1175 15 22 0.143216
38 1344 26 33 0.136506
886 891 27 36 0.135382
148 1101 22 27 0.135246
175 602 121 133 0.121185
733 1150 27 38 0.120726
149 943 22 27 0.117207
197 1015 19 23 0.116896
429 1377 81 98 0.111485
936 1242 29 34 0.111465
329 905 36 51 0.109928
713 1245 25 30 0.109837
692 1181 35 44 0.104964
798 1130 19 24 0.104756
980 1300 27 33 0.102118
