illumination/illumination_00079
26
376 326 190 243 0.991385
396 225 23 29 0.802777
360 636 38 43 0.774571
507 613 57 69 0.734987
307 937 270 400 0.591379
640 957 45 59 0.505821
538 429 43 58 0.46917
820 708 26 34 0.411114
604 867 94 115 0.379816
241 1302 62 97 0.336896
684 1156 40 53 0.32543
342 624 22 30 0.296516
544 616 30 36 0.259493
839 726 28 36 0.213586
581 604 41 52 0.209372
425 603 50 67 0.178502
325 851 52 61 0.171931
496 640 39 52 0.168503
831 718 24 33 0.157519
778 1220 29 37 0.154045
792 668 26 34 0.145345
839 738 39 50 0.12263
295 1248 131 181 0.119617
651 856 58 70 0.10961
848 750 46 56 0.102744
724 1257 74 107 0.101406
