illumination/illumination_00548
107
457 390 184 228 0.997439
240 975 41 48 0.951242
575 1106 45 59 0.93675
202 1115 82 104 0.863947
346 766 31 40 0.862079
226 1051 24 30 0.847709
279 653 35 41 0.825625
562 165 76 85 0.797427
463 247 21 24 0.785968
323 1144 28 32 0.763568
603 240 32 38 0.737263
606 171 57 67 0.730969
522 1008 30 32 0.703082
122 889 43 46 0.687379
341 731 20 25 0.680002
548 656 38 48 0.674201
529 568 76 81 0.627705
762 1145 21 22 0.623127
727 1214 34 40 0.578918
599 1106 71 88 0.570992
872 386 81 133 0.561491
263 1000 27 31 0.538122
338 695 26 31 0.537081
406 989 35 40 0.530821
401 455 30 36 0.524611
246 491 27 34 0.500241
597 814 128 164 0.469498
289 686 29 37 0.468421
173 1311 28 34 0.447462
426 510 21 37 0.447427
508 231 21 25 0.443005
354 707 20 29 0.44198
177 1136 34 41 0.433171
730 1173 28 34 0.422614
156 1039 33 39 0.404066
222 995 25 34 0.384428
211 1048 24 31 0.375641
627 246 33 36 0.348524
96 1422 79 97 0.344243
443 247 26 31 0.341489
428 352 21 26 0.341214
862 803 54 90 0.330919
225 1074 49 69 0.329074
553 1031 31 37 0.328561
547 368 24 30 0.31008
519 779 23 31 0.30742
835 398 93 129 0.302352
347 708 20 30 0.297015
599 682 25 38 0.2926
679 428 22 33 0.272925
204 922 54 65 0.264714
684 575 46 46 0.264692
497 288 20 26 0.260904
333 1023 18 23 0.243976
491 814 27 35 0.24285
420 551 29 50 0.239432
271 945 43 52 0.236451
194 965 24 37 0.235836
330 1070 19 24 0.232746
518 153 51 60 0.226525
276 1109 35 47 0.222025
733 575 57 65 0.221999
489 734 24 37 0.221927
156 1306 25 32 0.220991
186 563 27 31 0.217519
262 659 40 51 0.212896
594 712 24 35 0.211464
690 1188 38 48 0.208327
293 950 34 42 0.200521
137 1216 38 44 0.199897
174 1039 25 33 0.195376
677 573 23 31 0.190824
327 1044 19 25 0.186276
868 735 80 125 0.18345
349 734 24 31 0.183276
229 1014 25 34 0.181681
467 224 30 32 0.177731
731 1282 48 57 0.174775
27 752 24 28 0.170256
552 1017 28 33 0.163816
615 252 29 34 0.161968
146 904 38 45 0.159116
706 583 40 44 0.155636
414 424 24 30 0.155159
634 413 28 38 0.154976
154 990 33 39 0.149991
111 855 25 31 0.146653
340 653 17 24 0.146187
565 778 24 38 0.143833
675 540 18 27 0.142099
433 772 37 49 0.137609
295 1051 22 25 0.136259
171 1219 55 63 0.134992
151 870 22 26 0.13086
262 474 55 58 0.13038
631 462 20 27 0.128813
381 650 26 31 0.128703
430 474 18 25 0.126612
23 579 25 31 0.117492
461 779 30 38 0.113149
503 277 17 22 0.113074
318 620 25 32 0.112499
454 1463 23 28 0.109336
552 893 30 40 0.104495
488 667 19 26 0.103495
790 1263 35 43 0.101741
172 885 53 57 0.100391
