illumination/illumination_00574
69
809 158 46 59 0.99989
651 281 17 22 0.993353
923 182 33 40 0.862187
755 289 30 38 0.77901
584 317 41 47 0.768207
769 277 13 21 0.763341
391 288 19 24 0.749566
583 297 22 28 0.646184
263 142 18 21 0.625369
450 304 47 57 0.592613
515 290 13 18 0.532033
110 44 23 31 0.518639
780 281 46 65 0.467203
8 54 23 27 0.459627
220 288 27 35 0.422718
882 388 25 34 0.406915
565 255 17 19 0.394715
487 299 26 32 0.383838
783 266 23 29 0.370021
78 96 32 42 0.342231
936 183 30 37 0.340574
80 4 23 31 0.326927
644 296 35 46 0.312887
400 393 26 34 0.311443
243 121 29 39 0.306219
565 355 65 87 0.262056
503 186 17 20 0.257351
23 231 24 33 0.255346
439 315 27 34 0.24249
313 285 21 30 0.241838
187 118 20 24 0.234556
552 311 25 29 0.227674
55 206 27 39 0.226516
954 186 25 32 0.225369
460 87 25 35 0.212102
445 204 39 52 0.210985
806 257 27 35 0.205814
554 401 39 51 0.201192
48 293 24 30 0.195714
206 305 66 85 0.191309
845 512 59 77 0.184925
668 320 42 58 0.184035
99 9 17 23 0.180595
820 205 24 31 0.178162
236 90 38 54 0.171725
159 103 17 21 0.165768
516 303 27 33 0.16022
451 156 23 32 0.155944
96 61 25 34 0.152616
158 301 21 25 0.147415
108 289 29 37 0.135948
822 232 48 55 0.133833
307 101 28 36 0.128028
779 260 18 27 0.127961
203 139 19 28 0.126499
498 223 19 23 0.124258
130 194 21 27 0.124218
274 27 22 28 0.122942
65 316 25 31 0.119682
322 179 29 37 0.118815
458 126 23 32 0.11521
242 146 24 34 0.111823
313 162 20 24 0.109305
190 307 28 34 0.107506
974 435 31 38 0.107474
171 173 26 34 0.107149
495 302 26 34 0.106719
148 157 30 37 0.102548
717 369 25 31 0.101271
