illumination/illumination_00386
53
349 166 162 215 0.676939
507 43 24 30 0.608807
664 383 46 53 0.491017
331 481 28 38 0.488933
974 12 36 41 0.453812
439 448 59 78 0.406146
32 272 192 318 0.379815
554 437 34 42 0.334906
750 145 28 32 0.333513
762 153 22 26 0.32841
399 177 153 221 0.321522
551 475 48 59 0.285676
746 422 61 69 0.284851
782 168 39 45 0.260004
568 287 36 49 0.246126
288 529 26 34 0.243949
531 497 61 73 0.219635
772 337 31 38 0.183111
784 28 27 31 0.182628
785 413 30 33 0.180388
736 351 26 30 0.179051
673 399 44 52 0.178165
808 148 28 38 0.168147
590 317 35 39 0.164285
587 108 28 39 0.162525
949 87 24 31 0.160036
734 395 23 27 0.158752
490 80 52 66 0.148298
302 278 48 60 0.146213
764 546 23 31 0.144641
587 275 23 30 0.143227
812 517 23 30 0.139515
366 483 44 54 0.139212
267 527 26 33 0.137917
75 82 63 74 0.137533
332 326 33 41 0.135962
798 195 28 34 0.132507
508 62 25 31 0.130293
841 162 25 34 0.130069
105 196 26 33 0.12872
787 459 29 38 0.125388
686 491 32 39 0.124713
822 363 33 38 0.123998
964 25 40 50 0.120606
365 61 43 53 0.119851
508 513 40 54 0.113338
100 39 64 85 0.110472
409 26 68 80 0.110453
747 340 40 47 0.11006
605 388 26 31 0.108458
440 22 81 86 0.106908
504 412 25 36 0.105793
832 128 28 39 0.103505
