illumination/illumination_00366
128
908 519 19 23 0.842304
964 554 26 31 0.829786
0 598 74 94 0.79863
276 422 124 159 0.747487
560 504 24 28 0.652475
699 359 14 18 0.645228
696 430 48 62 0.620932
722 492 24 31 0.617612
695 479 18 22 0.608138
992 13 28 40 0.589571
750 573 18 23 0.57596
173 578 23 27 0.536822
264 530 25 28 0.529217
716 435 49 59 0.524534
892 416 24 38 0.523819
937 642 22 28 0.506074
515 474 12 16 0.481124
979 523 24 29 0.472076
126 598 84 89 0.470163
600 564 26 39 0.465086
728 504 21 28 0.422151
80 586 18 22 0.421833
832 44 23 24 0.421755
705 221 19 22 0.419197
857 464 23 26 0.41853
187 580 25 31 0.417748
195 293 113 137 0.415189
338 609 22 28 0.411
788 565 24 39 0.405448
965 566 57 71 0.398734
54 562 21 28 0.396903
134 353 22 28 0.396162
847 244 23 28 0.391073
615 542 54 68 0.38618
833 407 22 26 0.368991
517 590 25 26 0.368856
861 362 21 28 0.367692
764 487 63 80 0.363409
956 274 28 43 0.356208
872 185 20 28 0.355864
840 508 23 24 0.355713
818 495 19 22 0.354668
208 500 40 47 0.349171
917 622 24 34 0.34784
113 524 33 40 0.335108
578 491 24 29 0.329791
730 483 18 21 0.314172
567 514 35 45 0.302812
872 283 32 42 0.300711
473 503 16 22 0.299705
115 625 25 33 0.299448
700 484 22 27 0.295345
798 544 24 36 0.27495
214 553 20 26 0.274593
167 435 31 37 0.266359
783 448 25 34 0.263055
442 473 26 30 0.261694
927 512 35 40 0.260327
948 150 23 30 0.260044
720 304 23 26 0.259895
213 546 17 21 0.247007
72 617 22 27 0.237889
819 202 17 19 0.234825
39 529 23 26 0.231295
234 564 20 28 0.229174
267 418 26 29 0.228521
105 585 27 28 0.226994
742 483 14 22 0.224033
368 578 34 46 0.220871
670 427 17 22 0.218968
274 572 16 19 0.216238
889 -3 68 81 0.214642
266 593 25 29 0.204246
337 576 27 43 0.199604
826 606 32 47 0.192635
939 385 23 33 0.190732
39 561 26 31 0.185743
11 567 48 53 0.185694
773 561 19 26 0.178476
190 449 25 36 0.177319
447 509 39 48 0.176667
166 451 29 38 0.17179
433 477 26 34 0.169495
300 617 29 35 0.169002
702 101 24 35 0.168774
694 368 20 25 0.164631
406 635 20 27 0.162193
600 463 50 63 0.161941
180 413 24 27 0.160017
142 560 29 37 0.159375
751 310 18 21 0.159072
653 320 45 54 0.157907
659 69 22 28 0.155535
647 305 23 27 0.144876
881 394 16 22 0.144314
90 631 30 37 0.143582
677 112 16 21 0.143499
264 488 23 33 0.14207
843 485 22 32 0.137669
797 573 21 36 0.137468
749 326 20 22 0.135416
817 514 15 19 0.132842
80 624 32 41 0.132114
120 583 26 28 0.129315
683 421 46 67 0.125637
924 226 19 23 0.123003
878 385 18 21 0.118555
830 15 26 34 0.117471
986 521 27 30 0.116132
760 328 18 20 0.115946
898 154 25 30 0.114663
79 558 19 23 0.114544
158 526 23 27 0.113913
659 90 24 30 0.11382
822 431 35 38 0.113498
430 331 22 26 0.112872
846 397 20 27 0.111454
534 438 20 24 0.110111
637 410 19 25 0.108718
833 198 16 18 0.10846
300 576 12 16 0.10772
950 643 18 27 0.107117
702 522 23 29 0.105181
404 444 34 45 0.103624
861 499 34 38 0.103009
196 590 23 30 0.102525
434 500 23 30 0.101697
615 424 26 31 0.100863
