illumination/illumination_00629
82
762 397 18 24 0.991819
494 382 53 67 0.985261
658 419 25 33 0.901682
656 388 22 28 0.828381
885 313 71 89 0.819209
457 506 33 52 0.793901
45 424 51 60 0.721909
341 269 31 46 0.666512
696 394 23 28 0.665394
882 244 22 26 0.598814
211 53 52 66 0.590938
284 37 180 213 0.561112
73 199 186 294 0.550974
801 194 39 44 0.467409
817 192 33 43 0.459056
28 239 48 60 0.425713
276 268 26 33 0.420633
393 177 111 133 0.41797
818 5 16 20 0.412276
80 422 105 125 0.397358
502 419 89 120 0.376002
914 375 43 50 0.364635
279 491 27 33 0.345607
731 119 22 33 0.341036
509 372 55 69 0.333084
61 157 47 58 0.325118
55 328 34 39 0.32205
395 237 115 196 0.320431
900 266 34 43 0.3084
235 15 162 179 0.308271
669 425 32 41 0.303406
41 319 38 45 0.296117
718 386 29 41 0.290097
13 421 64 75 0.290092
270 450 33 39 0.287904
838 215 40 51 0.277069
648 356 21 35 0.255544
256 72 153 216 0.253364
498 109 33 52 0.246754
919 323 66 87 0.242815
711 413 57 75 0.22872
51 183 38 47 0.224929
511 199 31 40 0.22484
286 362 29 33 0.212115
882 369 49 63 0.201455
914 28 47 61 0.201198
658 287 91 109 0.201183
54 294 24 28 0.18834
53 340 35 44 0.18188
842 80 27 37 0.181134
501 88 30 35 0.180097
871 204 24 33 0.177276
873 303 29 39 0.176933
785 382 31 43 0.173185
722 547 28 34 0.166627
645 173 27 33 0.165286
679 159 42 55 0.165267
829 397 55 70 0.164845
826 81 30 42 0.162102
411 -4 37 46 0.161921
253 303 52 66 0.155961
123 57 82 110 0.150179
475 492 33 44 0.149111
43 453 68 84 0.147317
781 45 28 39 0.13972
629 99 46 61 0.139617
274 438 28 30 0.133609
953 88 74 90 0.131109
330 289 27 33 0.128865
820 271 57 74 0.127219
345 349 80 112 0.124356
753 415 81 102 0.123784
863 38 33 45 0.123664
513 186 29 29 0.120561
707 452 42 56 0.118514
347 293 42 54 0.115382
739 357 42 46 0.114891
816 21 19 26 0.110821
652 488 37 53 0.105029
735 271 35 42 0.104138
322 348 35 47 0.100998
855 62 70 89 0.100069
