illumination/illumination_00759
21
435 530 106 120 0.832532
178 388 208 240 0.638115
394 265 65 72 0.579565
16 492 107 128 0.541031
445 460 20 25 0.373698
72 464 18 23 0.353143
172 260 30 31 0.342265
450 433 11 14 0.234687
96 450 21 27 0.220891
910 455 26 34 0.212612
595 508 20 26 0.197679
150 233 27 30 0.184513
904 405 29 36 0.178316
88 440 19 22 0.163388
106 432 9 13 0.153808
605 463 13 18 0.14509
378 564 35 43 0.141105
441 521 22 29 0.14015
920 458 26 29 0.129335
610 625 27 34 0.107933
722 550 21 26 0.107659
