illumination/illumination_00672
78
705 246 34 42 0.997473
457 146 51 66 0.950432
596 230 40 46 0.946814
806 233 35 46 0.92296
64 374 130 196 0.918255
253 234 25 41 0.902173
510 214 36 44 0.852953
797 202 17 20 0.793394
505 197 29 36 0.763783
787 173 34 41 0.750944
223 490 25 30 0.699556
509 434 18 31 0.641352
459 201 21 30 0.628504
256 370 25 28 0.57548
385 286 67 80 0.571881
830 415 24 27 0.554196
827 316 38 49 0.522432
769 206 29 33 0.505634
495 445 28 44 0.493326
984 359 31 37 0.489557
595 351 51 72 0.482859
515 300 26 36 0.480785
706 311 18 25 0.480449
425 504 27 33 0.454472
807 277 35 41 0.452595
236 113 15 23 0.436084
580 203 28 35 0.404439
716 236 31 38 0.374577
543 244 30 40 0.348628
848 349 49 73 0.306492
624 230 30 37 0.278453
816 196 41 50 0.276205
678 371 43 58 0.273072
672 196 42 51 0.272395
777 202 28 34 0.269358
87 154 21 27 0.267205
243 374 16 19 0.25948
441 157 44 57 0.256869
615 210 35 42 0.255703
720 290 22 26 0.250406
221 373 18 20 0.235977
178 283 22 36 0.226542
595 201 38 48 0.223962
780 294 26 38 0.223553
439 247 32 47 0.221295
565 364 29 39 0.217828
582 335 19 25 0.217538
236 199 43 56 0.215685
553 204 20 28 0.211997
781 312 34 51 0.210366
725 423 26 29 0.204534
522 228 43 47 0.200193
228 152 26 38 0.196336
716 217 30 36 0.193579
430 265 42 53 0.191934
813 370 30 35 0.180448
94 242 23 27 0.179891
787 395 48 63 0.178001
956 245 20 26 0.175072
988 388 22 28 0.173374
834 398 24 26 0.172588
229 143 18 27 0.172166
249 266 22 27 0.168174
818 225 27 36 0.157992
865 277 28 35 0.151862
99 155 19 22 0.147452
51 319 20 29 0.14435
523 273 36 42 0.143245
728 309 25 28 0.139101
501 225 25 33 0.130067
741 238 26 36 0.112081
653 205 34 37 0.10894
732 542 20 31 0.10682
981 405 30 39 0.103628
770 417 29 39 0.103358
586 231 28 38 0.1033
938 223 28 38 0.102512
182 395 28 36 0.100449
