illumination/illumination_00734
54
283 222 105 135 1
100 233 59 77 0.997344
725 213 142 212 0.990686
460 332 25 36 0.970755
630 435 77 110 0.923708
767 420 61 80 0.852269
244 329 57 67 0.846888
501 256 111 141 0.785821
181 462 31 41 0.594254
456 348 30 45 0.591998
181 231 31 45 0.570669
123 520 25 30 0.566932
594 172 87 103 0.566222
144 322 30 34 0.537833
194 48 33 46 0.488415
16 314 65 91 0.483949
880 370 91 147 0.465571
156 314 36 41 0.431229
656 428 76 96 0.421085
246 175 36 47 0.408027
200 271 36 49 0.379587
960 339 32 41 0.362325
546 231 62 70 0.295741
150 179 38 62 0.294098
174 257 27 40 0.288595
269 183 22 27 0.283497
151 93 42 64 0.271046
218 347 32 39 0.24206
841 244 129 156 0.235594
264 354 50 66 0.232939
150 478 31 39 0.222571
412 347 28 33 0.199382
226 105 49 59 0.193777
82 139 48 56 0.193284
164 466 25 28 0.179665
105 520 28 32 0.175989
623 368 101 123 0.171504
265 123 24 31 0.168552
391 174 50 59 0.159441
215 208 24 32 0.156477
604 494 63 80 0.156339
794 117 41 45 0.152767
704 521 34 37 0.142058
233 341 26 30 0.119175
778 479 28 39 0.113028
75 234 42 56 0.112968
632 509 52 67 0.112827
659 134 58 60 0.111671
29 73 34 42 0.110897
264 63 47 59 0.109943
77 95 54 70 0.10758
18 177 58 87 0.107118
242 163 32 43 0.103461
236 234 49 67 0.10318
