illumination/illumination_00078
56
764 28 106 135 0.99998
104 79 117 178 0.906811
34 14 80 96 0.791593
732 59 23 28 0.744133
467 541 102 116 0.735663
886 507 21 28 0.62986
435 583 66 77 0.512688
829 529 136 159 0.490744
955 367 39 44 0.486585
900 420 24 33 0.47907
61 232 43 55 0.465736
388 185 47 56 0.457647
-8 -2 74 91 0.441163
589 298 31 49 0.378923
391 112 91 95 0.36944
279 510 82 96 0.320868
65 3 82 91 0.317798
785 309 35 37 0.295481
632 388 26 33 0.271757
729 482 91 107 0.25837
869 99 29 36 0.245783
579 579 33 42 0.244538
47 155 73 93 0.233972
826 397 27 31 0.231671
715 87 24 30 0.225578
264 529 26 28 0.221749
709 538 69 85 0.21601
717 -5 42 55 0.206801
296 63 27 34 0.206359
494 297 58 74 0.202888
521 326 56 61 0.20152
734 112 22 26 0.191743
650 -11 72 109 0.190764
484 194 28 31 0.184391
844 -6 26 31 0.179517
637 479 22 29 0.177854
797 450 49 50 0.177846
501 127 70 73 0.168522
659 562 34 38 0.166168
817 -2 26 30 0.159463
470 134 49 56 0.143068
590 548 84 101 0.13869
462 277 31 37 0.138233
755 568 93 108 0.137738
597 160 51 79 0.131699
908 473 26 30 0.121219
185 454 26 38 0.116874
876 128 54 66 0.115866
279 477 78 87 0.110839
343 209 28 33 0.109517
305 356 22 33 0.106481
430 59 33 46 0.106215
337 572 39 45 0.105752
383 223 38 43 0.103875
409 256 41 49 0.103075
145 155 121 163 0.102527
