illumination/illumination_00316
69
724 412 30 39 0.921728
428 575 376 471 0.762058
842 727 28 37 0.753037
650 1060 28 32 0.638133
868 886 30 40 0.612108
466 247 61 76 0.605612
501 1049 46 60 0.600287
215 177 23 27 0.57102
699 151 77 87 0.559087
556 377 27 37 0.553261
410 362 32 41 0.517204
713 1227 34 42 0.51392
14 506 28 31 0.509529
406 200 47 56 0.501002
916 949 36 47 0.496913
866 965 56 66 0.49179
671 1269 28 35 0.472931
80 690 20 26 0.422037
709 447 29 38 0.406373
763 443 34 48 0.396566
794 303 37 46 0.395909
897 830 28 39 0.387651
663 425 29 37 0.362663
182 315 29 34 0.344867
662 362 29 34 0.339785
114 206 36 40 0.336628
82 31 39 54 0.308493
33 10 35 44 0.305461
728 1264 22 26 0.304632
792 431 35 48 0.303305
278 47 34 41 0.297754
0 23 26 30 0.29224
506 365 26 35 0.291333
810 245 115 137 0.279119
440 1261 39 41 0.27762
873 485 39 52 0.27157
484 1036 30 41 0.27088
645 1291 32 39 0.269702
886 808 33 38 0.263268
925 119 68 77 0.250934
63 28 36 46 0.239094
131 4 47 57 0.235875
253 12 29 33 0.223553
909 421 56 59 0.214746
907 844 30 36 0.212368
138 101 36 43 0.18822
584 985 74 96 0.172665
21 695 27 28 0.169148
448 367 28 35 0.166643
881 896 37 51 0.155947
100 1194 72 84 0.153507
603 332 25 32 0.149531
629 115 70 83 0.141612
636 414 29 38 0.138566
126 130 31 37 0.132492
930 276 70 75 0.131097
516 1028 31 44 0.12696
647 338 23 29 0.125003
6 49 48 54 0.123301
114 94 28 32 0.115204
875 863 27 32 0.113658
759 321 25 32 0.112874
894 899 36 46 0.111546
38 211 36 40 0.109569
299 245 23 30 0.107243
158 171 33 35 0.104596
270 271 35 41 0.10388
717 1260 26 32 0.10279
330 803 139 168 0.102261
