illumination/illumination_00060
86
580 234 97 150 0.987475
689 45 218 288 0.987202
899 162 63 91 0.96798
440 254 86 111 0.883544
92 380 225 275 0.870599
423 292 88 104 0.839654
937 337 21 30 0.794135
591 481 37 46 0.781768
825 463 13 18 0.763163
926 613 18 27 0.723925
921 574 22 35 0.693618
844 595 27 38 0.679289
636 532 20 25 0.621264
781 488 19 23 0.616858
909 321 36 51 0.594655
775 584 29 36 0.563985
832 628 25 37 0.538982
564 511 44 55 0.501972
910 483 19 30 0.475605
635 398 24 31 0.47559
931 243 22 30 0.464311
932 654 16 24 0.453704
967 440 36 44 0.431203
898 134 28 50 0.424791
824 515 16 21 0.40105
723 515 17 21 0.362284
727 593 23 28 0.349053
963 404 27 35 0.332194
717 629 44 50 0.328737
747 534 15 18 0.297982
720 445 16 21 0.267547
677 618 30 44 0.265763
664 247 40 57 0.26004
541 613 27 33 0.255868
838 645 21 34 0.240783
833 485 20 25 0.237271
755 426 18 22 0.236323
753 593 24 28 0.232606
940 352 22 35 0.228298
463 194 28 33 0.225824
712 588 30 39 0.22421
760 484 16 20 0.221414
511 452 23 29 0.219667
858 438 17 25 0.20683
853 570 26 41 0.205618
920 538 17 24 0.197004
730 487 26 33 0.189225
904 462 21 30 0.18533
534 507 29 41 0.17911
947 368 23 31 0.178946
649 382 15 18 0.173289
545 510 28 42 0.173231
926 588 25 37 0.167839
982 532 20 28 0.167808
992 573 17 25 0.164884
823 561 23 33 0.164649
774 518 30 42 0.163352
740 641 29 44 0.159433
825 552 18 27 0.154853
810 485 21 28 0.152472
742 451 16 21 0.1462
307 380 84 103 0.145384
717 475 17 19 0.144869
861 492 21 32 0.141893
659 503 29 36 0.132151
769 617 26 34 0.131848
767 468 21 25 0.128447
767 461 18 24 0.124449
706 607 42 53 0.12405
723 550 19 23 0.123456
711 505 19 22 0.121537
694 619 39 55 0.119863
771 432 19 23 0.117589
862 277 60 77 0.115707
795 13 37 49 0.114996
861 464 22 36 0.114769
683 254 114 135 0.11347
224 429 157 248 0.113234
770 550 29 39 0.113021
607 408 42 46 0.112084
854 546 21 30 0.111284
877 403 16 20 0.107347
767 523 18 23 0.107099
879 343 17 23 0.104348
857 400 19 25 0.104178
536 587 22 36 0.101616
