illumination/illumination_00336
26
502 183 99 127 0.999693
218 307 26 29 0.903593
135 402 25 32 0.844203
97 591 16 22 0.816879
534 549 37 42 0.718987
867 596 34 43 0.52223
643 531 34 42 0.518598
577 297 33 36 0.508862
836 344 32 38 0.500781
463 130 114 130 0.440655
928 325 21 25 0.415699
8 321 30 35 0.303761
-1 282 31 37 0.249693
448 319 73 91 0.24142
616 514 27 30 0.230888
416 224 30 33 0.228785
198 377 55 68 0.211009
363 353 27 31 0.193201
564 603 26 33 0.191369
900 247 28 35 0.158971
981 271 22 24 0.155416
736 298 24 26 0.138039
557 329 44 51 0.135698
458 227 52 63 0.130528
263 599 19 26 0.122837
667 300 22 22 0.120879
