illumination/illumination_00325
96
567 704 111 142 0.999985
409 1119 28 41 0.971973
501 860 43 59 0.956794
539 1152 84 98 0.840649
325 1170 69 79 0.728475
679 533 79 104 0.722827
499 1152 22 27 0.715479
713 1395 27 33 0.687907
350 1306 29 39 0.649709
909 1284 28 33 0.624332
570 1071 32 41 0.603362
312 1258 37 43 0.595887
962 1268 31 36 0.586259
607 1029 24 31 0.559914
697 665 29 35 0.551881
971 1197 43 48 0.547184
922 1222 50 59 0.501187
733 1137 48 52 0.481224
943 1145 53 64 0.47933
258 1265 32 37 0.443143
374 1223 33 47 0.43113
486 1073 25 30 0.426096
504 846 44 56 0.421541
355 1234 29 35 0.421441
825 466 25 31 0.420728
550 1443 31 36 0.411365
679 637 40 52 0.38981
644 677 31 35 0.384633
821 1057 35 41 0.376576
675 1135 25 30 0.367398
917 1215 31 38 0.362256
374 1111 45 54 0.360468
388 1171 30 45 0.356084
528 1306 47 61 0.350981
488 1191 29 35 0.350661
453 1079 46 62 0.344298
884 1313 36 42 0.342544
307 1293 39 47 0.339654
964 1238 29 32 0.332466
660 1093 15 19 0.327611
495 1241 26 32 0.317611
980 1057 45 59 0.311498
640 535 43 57 0.308977
641 1063 24 32 0.279137
964 1129 49 58 0.275603
806 1062 28 32 0.272845
848 1380 35 43 0.263822
509 1091 50 65 0.263546
317 1085 40 51 0.261303
768 1376 26 33 0.252309
467 1093 54 77 0.238964
369 1255 36 54 0.238368
782 1341 27 34 0.238302
384 901 87 122 0.233222
443 1071 39 53 0.228199
718 1153 28 34 0.215745
339 1120 69 86 0.215175
321 1346 21 30 0.213637
282 1319 25 32 0.201124
516 1311 35 44 0.199338
946 1187 45 52 0.18936
779 1080 45 55 0.181962
889 1221 25 32 0.181169
299 1268 34 40 0.179694
689 675 32 38 0.17765
488 1165 32 41 0.168834
839 1053 41 49 0.1672
329 1263 36 50 0.166837
384 1232 30 46 0.164599
367 1186 42 51 0.164096
579 1036 27 35 0.15876
295 1117 35 43 0.157684
277 1253 41 49 0.156446
571 1322 29 41 0.155415
777 1009 28 35 0.153637
799 1349 28 33 0.150968
612 1050 22 28 0.149391
423 1125 24 36 0.141748
652 632 52 78 0.138225
919 1197 31 39 0.134705
621 1013 54 71 0.131503
294 1153 27 34 0.130809
697 1154 41 48 0.125324
591 689 31 38 0.116136
562 1319 29 41 0.113154
614 1080 22 29 0.112766
655 1132 23 28 0.112349
566 630 22 33 0.111771
327 1218 46 48 0.11018
495 1065 54 69 0.10938
764 1125 30 40 0.10639
469 1210 37 53 0.104831
313 1202 31 36 0.103211
621 629 25 38 0.102944
611 601 29 40 0.102795
838 1084 36 45 0.1012
