illumination/illumination_00324
29
603 469 69 100 0.998718
12 1004 32 36 0.766815
554 1358 20 25 0.740984
792 1269 29 35 0.622222
692 1194 32 38 0.504133
521 1073 51 65 0.432411
341 1456 29 33 0.423257
720 1269 34 53 0.388277
706 1118 64 81 0.306791
305 1447 39 44 0.284905
562 1237 48 57 0.273777
748 1384 21 25 0.273414
449 1329 30 34 0.271136
725 1251 25 34 0.216405
694 1304 25 36 0.21481
570 951 30 40 0.210075
472 1404 48 54 0.204579
648 880 155 208 0.192326
804 1241 26 31 0.177324
694 1288 24 32 0.166625
487 1238 25 32 0.157578
704 1083 66 79 0.150771
602 926 55 87 0.145385
457 1371 33 43 0.145341
226 1218 38 42 0.136749
546 1201 39 44 0.127023
820 1236 32 38 0.122667
917 1407 34 35 0.103943
38 1263 38 44 0.102677
