illumination/illumination_00739
21
765 344 41 49 0.552395
995 282 23 25 0.472928
360 300 11 12 0.468153
29 147 33 40 0.448345
806 311 36 40 0.408952
89 126 14 18 0.336637
82 182 27 31 0.290893
17 209 14 19 0.279996
52 139 28 39 0.278362
681 297 42 49 0.272153
910 312 26 29 0.250233
47 352 31 50 0.219651
982 361 28 36 0.18633
618 350 34 50 0.184494
943 322 30 33 0.156674
890 324 24 27 0.150605
109 340 21 27 0.144577
123 334 32 41 0.144016
76 291 22 25 0.138591
7 227 13 20 0.125908
6 171 27 37 0.116992
