illumination/illumination_00620
42
203 64 77 126 0.998355
748 261 30 33 0.911062
838 119 192 259 0.891153
408 369 38 45 0.819729
213 199 33 40 0.795313
707 224 46 58 0.692048
83 417 29 42 0.577634
621 185 35 38 0.560821
580 250 28 28 0.500371
493 346 23 28 0.498485
735 249 31 34 0.481535
88 425 31 42 0.442596
647 151 26 35 0.439417
459 384 21 27 0.394332
567 249 31 32 0.389483
617 239 30 34 0.385807
180 103 34 43 0.383512
309 280 26 33 0.336637
648 173 87 109 0.331396
693 144 27 36 0.318709
962 376 24 28 0.31387
814 187 56 75 0.280256
100 229 52 76 0.265119
402 240 28 30 0.2506
792 417 38 45 0.244142
433 152 28 31 0.239477
330 339 80 91 0.219242
353 151 15 20 0.218134
584 189 57 69 0.217323
802 321 22 27 0.213799
626 247 30 32 0.199255
305 334 59 63 0.177182
556 140 31 38 0.176701
416 382 35 41 0.175797
352 245 23 30 0.165681
529 141 42 50 0.158345
776 310 38 49 0.148239
802 141 53 63 0.131768
742 179 46 50 0.123055
732 213 35 41 0.121229
971 400 35 45 0.109515
477 369 21 25 0.102639
