illumination/illumination_00276
46
505 561 114 147 0.999983
869 952 31 40 0.99733
656 1262 73 89 0.710031
595 947 39 52 0.688138
908 1213 23 26 0.622916
802 880 36 51 0.604593
835 907 39 52 0.60307
531 1260 66 82 0.596328
122 1091 24 30 0.573564
880 1014 29 41 0.570031
648 1356 101 121 0.557085
374 405 179 180 0.47065
583 1025 105 144 0.384107
760 915 24 34 0.381417
50 190 39 48 0.369419
671 814 73 91 0.349277
642 815 38 40 0.346266
788 930 33 42 0.344601
167 1082 34 40 0.321702
504 905 98 129 0.292439
168 278 75 91 0.289886
978 969 30 36 0.287376
85 216 54 66 0.277511
317 332 137 165 0.27413
932 984 28 36 0.270679
425 1293 44 58 0.228202
483 1371 34 40 0.221034
214 1317 16 23 0.21217
231 1170 21 28 0.207059
165 179 96 113 0.20579
894 1072 23 30 0.205021
436 710 21 28 0.184797
30 900 26 35 0.174254
450 1168 23 27 0.173968
950 919 35 48 0.164702
8 1244 23 30 0.160175
423 653 20 28 0.154157
838 833 36 53 0.137856
23 611 220 261 0.1323
32 1056 43 50 0.13184
568 958 52 65 0.131631
393 1167 27 34 0.130691
135 258 28 37 0.128159
626 1346 22 27 0.106896
204 346 148 168 0.104105
960 961 29 39 0.100114
