illumination/illumination_00679
80
710 257 36 51 0.999987
615 237 35 46 0.999917
182 177 44 59 0.999731
686 222 27 34 0.998726
454 234 28 34 0.998511
829 202 31 37 0.998193
504 228 20 25 0.992534
837 233 18 27 0.962277
772 255 19 25 0.961328
665 404 17 21 0.924483
556 220 29 37 0.914656
588 220 17 24 0.870037
360 232 54 65 0.80701
388 303 17 22 0.653711
497 264 44 60 0.646103
311 264 33 50 0.630389
513 342 31 44 0.579597
91 257 17 22 0.537903
511 229 26 32 0.532751
679 400 40 54 0.527659
432 245 27 32 0.518375
700 573 24 30 0.500935
318 231 21 28 0.467655
36 256 32 38 0.455696
294 271 25 30 0.439458
725 573 28 35 0.435385
521 310 24 29 0.431931
185 280 22 28 0.398051
15 281 26 31 0.385114
789 264 33 50 0.349685
476 490 39 48 0.331418
689 302 19 23 0.330589
714 398 22 26 0.328049
577 483 20 29 0.324964
343 339 46 71 0.308069
396 588 22 28 0.292197
272 325 23 26 0.291964
177 291 32 43 0.287579
611 312 76 80 0.279947
80 252 21 25 0.250524
180 234 45 60 0.248611
154 253 24 31 0.244112
840 395 38 53 0.242975
111 257 30 37 0.239992
606 226 17 20 0.23491
335 227 34 43 0.232532
952 523 36 42 0.222846
714 612 34 42 0.219004
695 564 23 31 0.213201
310 198 23 29 0.211781
666 454 51 71 0.20179
452 251 32 43 0.198958
502 494 22 28 0.195207
450 339 68 84 0.19446
396 328 45 51 0.192268
935 173 69 84 0.186622
572 552 20 24 0.184211
322 583 27 30 0.181113
325 350 21 34 0.159827
856 444 19 25 0.159057
99 315 25 27 0.150304
912 228 25 33 0.148781
587 232 25 30 0.147941
477 465 33 43 0.147693
710 357 20 26 0.145615
312 344 25 39 0.143663
283 184 20 25 0.131462
263 407 79 104 0.131327
677 580 23 28 0.130028
806 334 34 45 0.128887
327 225 18 21 0.12765
818 252 76 101 0.120639
784 460 34 39 0.116138
577 632 23 26 0.111134
265 263 27 36 0.10638
567 515 22 31 0.106115
299 511 25 30 0.105952
341 392 23 32 0.105776
928 512 39 44 0.102068
549 304 21 22 0.101434
