illumination/illumination_00647
82
630 370 25 33 0.986882
638 138 54 69 0.845401
222 452 24 32 0.797786
773 523 30 40 0.752114
692 393 22 35 0.703034
718 381 34 40 0.683378
639 238 28 37 0.632503
114 75 123 147 0.551463
77 352 36 45 0.532543
589 267 21 27 0.530437
274 371 16 18 0.512879
386 218 58 82 0.495416
60 17 21 25 0.493518
114 -6 133 171 0.492112
699 -5 29 32 0.478461
408 451 28 36 0.443993
56 370 20 27 0.435722
428 367 24 30 0.427862
539 576 78 98 0.416884
686 -2 21 26 0.408862
652 321 37 45 0.406423
441 287 25 33 0.402371
782 507 60 72 0.400433
619 649 15 22 0.379391
729 452 59 73 0.357428
79 85 31 38 0.331288
609 419 20 28 0.322467
787 568 43 59 0.314473
598 473 29 40 0.295276
588 442 19 23 0.278926
625 113 32 38 0.276259
762 587 26 30 0.275708
447 446 27 36 0.257516
128 167 121 148 0.253331
119 384 25 33 0.245742
763 453 39 56 0.243686
619 36 38 54 0.233009
730 181 25 32 0.226017
261 530 29 32 0.224953
669 311 26 35 0.219719
459 600 26 29 0.219211
19 504 23 26 0.215272
485 410 22 27 0.208069
647 430 22 30 0.205598
483 288 34 44 0.200383
606 381 25 33 0.19928
261 -10 105 121 0.198472
654 618 43 54 0.197768
205 492 44 56 0.196521
431 448 18 25 0.196307
83 382 35 40 0.19501
0 71 32 36 0.190547
464 418 24 29 0.18665
97 346 22 31 0.177726
557 285 29 40 0.175058
645 196 25 29 0.171947
159 618 24 27 0.169487
668 582 21 27 0.164499
795 299 68 82 0.15578
621 0 19 24 0.155348
729 297 19 24 0.153265
670 541 44 51 0.141345
299 622 22 26 0.141146
628 81 20 25 0.137367
160 385 16 19 0.131478
627 169 27 30 0.128584
637 57 28 39 0.12731
517 308 30 35 0.124401
41 381 21 28 0.123219
134 526 25 29 0.122214
2 196 23 29 0.119664
617 384 21 28 0.116072
479 527 32 41 0.114504
481 623 23 27 0.114261
428 628 33 39 0.111781
86 180 23 29 0.109746
563 312 19 26 0.108993
177 285 49 65 0.104031
350 274 37 45 0.103854
37 400 22 29 0.103755
184 514 31 39 0.102965
377 413 23 27 0.101802
