illumination/illumination_00685
83
443 352 187 289 0.998636
810 380 137 211 0.96816
221 219 92 129 0.902022
663 993 94 145 0.809097
899 842 48 67 0.75131
436 1280 70 95 0.67051
155 747 37 49 0.660987
461 627 103 124 0.592112
317 776 110 118 0.564656
364 1046 70 77 0.555503
639 1199 57 75 0.507159
264 1061 67 75 0.501775
539 884 54 63 0.490653
354 1227 37 48 0.471084
510 883 59 76 0.468159
381 1118 73 82 0.467427
937 641 63 72 0.463551
124 704 49 62 0.459126
378 326 153 186 0.438917
919 687 79 92 0.423316
475 1403 60 80 0.421874
240 1158 74 85 0.412595
768 661 49 57 0.392449
151 712 47 55 0.37689
920 580 80 92 0.375331
543 1279 32 42 0.370872
376 871 103 119 0.344965
367 1259 86 119 0.339368
385 1145 83 104 0.328615
383 1054 93 105 0.323804
849 1003 55 73 0.323287
898 715 33 40 0.32124
699 693 48 64 0.305673
707 1102 127 176 0.304435
643 473 46 60 0.303656
289 1198 70 90 0.287683
581 801 45 60 0.287395
772 936 42 54 0.281155
854 949 62 80 0.28072
605 960 56 83 0.279038
261 881 107 109 0.252923
664 626 86 94 0.250453
123 924 72 90 0.249017
680 772 33 43 0.24883
702 945 23 32 0.24761
524 1143 125 147 0.238368
422 1249 37 46 0.235452
514 851 28 33 0.231701
852 623 94 98 0.229927
670 309 201 264 0.221836
204 368 178 207 0.220284
193 960 117 139 0.21497
529 1459 54 65 0.210647
906 938 40 49 0.208535
0 579 56 69 0.189014
903 893 39 49 0.184934
282 1393 97 110 0.184735
535 936 24 33 0.176525
888 844 30 41 0.175555
512 627 76 92 0.175522
422 599 63 78 0.172153
803 1040 53 65 0.168597
174 308 54 60 0.167382
747 646 37 40 0.164135
315 973 43 51 0.16397
34 928 88 98 0.158989
655 856 71 101 0.154451
42 702 107 130 0.137996
679 1249 82 100 0.137721
740 743 37 44 0.135201
570 4 55 70 0.133502
646 735 43 48 0.130276
617 1398 45 60 0.12342
600 1308 27 35 0.123249
306 681 59 68 0.12001
17 959 30 40 0.116939
89 379 70 85 0.115045
179 759 74 86 0.114591
645 184 199 238 0.110047
612 -2 43 51 0.108398
122 888 54 59 0.106101
960 620 55 62 0.105591
418 1412 36 43 0.103985
