illumination/illumination_00627
56
563 331 39 48 0.999984
625 331 39 55 0.999536
261 336 25 27 0.996738
169 318 37 44 0.99049
29 314 37 41 0.988875
467 206 30 36 0.981239
317 331 30 33 0.794662
609 331 27 35 0.733604
297 383 35 44 0.662009
657 384 58 72 0.649265
461 350 18 23 0.552804
579 235 33 46 0.53201
243 381 19 22 0.49691
380 254 64 68 0.471482
278 446 32 41 0.467185
636 275 27 37 0.449954
187 532 31 39 0.425604
158 297 19 25 0.421983
827 279 31 34 0.409898
373 133 91 95 0.389264
307 368 24 32 0.386128
9 284 24 29 0.37611
538 503 44 49 0.373387
549 319 35 43 0.341749
530 177 48 58 0.33141
705 298 19 23 0.326163
491 305 74 111 0.319172
134 289 37 42 0.299904
610 418 85 118 0.294361
584 195 33 42 0.284478
648 373 39 53 0.228414
252 26 35 38 0.222114
279 463 26 36 0.216117
619 313 43 52 0.213131
475 301 31 38 0.207712
562 165 47 55 0.20329
502 284 45 65 0.202962
-1 408 39 44 0.190468
317 347 24 28 0.183113
522 446 78 88 0.176237
102 292 34 42 0.169302
505 220 68 86 0.162887
-2 343 53 67 0.162824
67 372 33 37 0.149529
474 370 29 36 0.145068
2 397 27 32 0.142663
40 301 28 32 0.138011
981 254 36 44 0.134603
336 301 56 58 0.128527
654 327 43 55 0.125791
74 272 27 31 0.122087
23 452 24 29 0.121369
830 255 18 24 0.115227
458 445 25 35 0.112865
297 363 22 28 0.109848
634 313 54 61 0.104995
