illumination/illumination_00631
126
236 62 90 110 0.99993
528 113 67 83 0.999397
642 252 45 56 0.900807
748 265 58 81 0.896599
595 339 34 40 0.889625
882 255 41 55 0.880403
322 143 41 61 0.873675
671 350 46 54 0.827818
452 400 37 55 0.82703
847 251 57 75 0.775718
675 277 38 60 0.775171
580 133 27 40 0.770647
895 512 35 44 0.730834
283 326 41 59 0.694934
877 291 45 57 0.643409
699 414 29 36 0.636279
603 452 41 55 0.62668
365 412 21 31 0.61173
535 358 52 63 0.599523
606 206 31 37 0.568154
755 409 59 73 0.545896
954 487 57 78 0.526728
855 458 51 58 0.503757
537 166 54 71 0.500956
334 450 22 30 0.480751
300 188 29 43 0.474988
258 384 35 43 0.470801
536 600 37 57 0.4683
375 174 37 54 0.463724
304 305 33 47 0.443644
966 572 29 36 0.442942
826 603 56 70 0.442354
342 381 30 41 0.43461
619 369 28 34 0.421764
46 599 17 29 0.410347
964 460 54 69 0.404754
101 570 32 37 0.396797
92 447 25 31 0.394847
605 30 66 78 0.394492
870 337 42 52 0.386651
268 497 24 29 0.361827
385 240 54 81 0.356958
583 249 32 42 0.353466
476 552 48 58 0.317426
415 358 27 37 0.316692
560 168 65 98 0.304951
85 615 51 78 0.302141
612 484 31 43 0.297013
598 323 27 36 0.288963
298 351 39 47 0.288741
933 313 28 34 0.284365
99 526 44 59 0.278166
40 351 29 40 0.276717
567 477 37 52 0.274631
567 605 51 79 0.265798
212 504 19 26 0.265627
906 327 35 46 0.25338
662 520 39 47 0.248788
545 281 62 75 0.246747
198 354 24 30 0.245392
868 40 47 60 0.229948
434 324 26 37 0.229277
177 250 24 29 0.227386
513 501 26 35 0.226493
521 250 36 42 0.225831
483 345 70 86 0.217922
357 202 54 71 0.215524
346 146 26 40 0.213845
297 207 32 47 0.213715
382 355 31 38 0.211562
48 321 34 43 0.205823
291 35 35 41 0.205129
658 303 40 52 0.204913
938 496 43 61 0.203834
813 255 50 57 0.203464
243 156 47 58 0.198047
182 335 26 34 0.192555
171 639 36 45 0.192378
365 386 23 35 0.19188
210 284 27 34 0.191662
348 426 23 30 0.181987
573 93 29 41 0.167988
206 597 34 44 0.167569
390 442 32 41 0.163624
191 396 26 31 0.161404
914 274 42 52 0.159289
531 543 32 46 0.158828
387 488 48 66 0.156579
817 517 57 71 0.154117
296 654 36 35 0.153612
35 115 81 102 0.151627
312 283 21 29 0.149986
756 141 53 66 0.147368
212 402 39 51 0.146825
232 527 29 33 0.146278
220 497 30 34 0.142989
830 574 51 67 0.142926
325 466 30 38 0.142749
303 251 26 31 0.137708
605 563 32 46 0.135431
608 259 21 30 0.133424
935 328 28 37 0.133125
206 464 27 34 0.126206
106 264 26 33 0.125673
120 534 41 52 0.124871
185 452 24 31 0.124483
101 309 24 29 0.122837
416 327 24 29 0.122823
194 308 24 31 0.1205
501 294 48 59 0.119264
51 192 55 63 0.118861
418 400 36 55 0.115311
311 418 24 30 0.114329
240 487 40 48 0.113351
676 305 39 56 0.112884
348 486 44 58 0.112364
790 515 41 56 0.111589
284 34 23 25 0.110587
290 284 22 29 0.109773
821 480 47 57 0.109747
592 429 40 55 0.108625
286 246 23 28 0.106991
629 265 30 39 0.102936
10 440 36 47 0.102674
394 294 28 37 0.102441
646 57 36 46 0.10038
