illumination/illumination_00585
125
328 80 85 112 1
605 38 31 39 1
853 72 41 51 0.999985
909 98 34 38 0.999981
660 156 32 41 0.999977
636 89 39 42 0.999862
782 30 36 41 0.999565
56 180 39 50 0.999045
429 53 30 33 0.998301
15 96 41 50 0.9959
607 159 25 29 0.994345
150 48 23 30 0.992247
468 167 32 35 0.983674
105 86 23 35 0.96414
968 152 39 56 0.924552
745 79 22 27 0.844238
191 108 79 89 0.798332
540 316 87 95 0.776246
271 484 26 33 0.745905
577 203 88 100 0.73378
873 283 51 71 0.681172
448 292 51 58 0.654542
617 128 56 78 0.643725
254 379 26 29 0.622819
787 284 45 53 0.620342
438 165 29 30 0.616453
403 313 47 53 0.574453
462 145 33 40 0.546907
440 522 28 36 0.522445
418 159 31 36 0.515755
906 223 28 35 0.509256
785 11 34 36 0.504643
862 225 44 58 0.496274
246 185 33 41 0.496023
745 135 22 31 0.489994
52 67 29 37 0.447954
451 360 21 24 0.437012
41 180 36 47 0.407226
612 330 23 29 0.402717
888 227 36 40 0.396817
367 509 41 44 0.394496
694 108 38 54 0.38984
605 300 31 33 0.389484
541 130 27 34 0.38409
469 507 22 31 0.381403
173 60 25 27 0.374995
175 105 56 65 0.368638
646 251 41 50 0.364695
764 171 27 31 0.360874
937 106 25 33 0.340967
703 172 27 30 0.337737
56 154 20 22 0.330092
816 343 30 33 0.325908
459 418 33 36 0.325372
108 389 39 71 0.317141
357 218 22 24 0.311096
551 500 17 21 0.30965
883 256 61 66 0.306374
884 161 40 55 0.288101
303 552 29 34 0.277573
613 87 28 31 0.270179
839 399 25 26 0.261277
63 289 29 34 0.25673
146 75 46 59 0.246909
7 330 32 53 0.235418
656 202 28 33 0.234333
618 185 44 49 0.230481
879 145 23 26 0.229174
875 189 18 22 0.22699
364 42 26 32 0.222671
944 234 49 56 0.216128
260 387 44 52 0.214906
650 226 41 46 0.212694
486 124 33 43 0.206487
333 542 90 111 0.206034
414 624 30 33 0.204025
696 557 69 73 0.203873
248 243 14 22 0.202171
280 68 36 43 0.190475
623 320 28 31 0.189329
250 476 38 44 0.189025
908 182 34 49 0.188425
637 315 31 36 0.176718
244 120 41 52 0.1754
96 116 22 31 0.171369
647 217 29 32 0.170604
302 172 45 64 0.169362
463 354 31 36 0.165242
328 653 34 38 0.161541
121 540 45 67 0.161536
526 129 31 39 0.161299
556 473 17 20 0.160919
34 49 29 34 0.160583
329 48 29 34 0.156749
787 563 21 24 0.149469
277 280 83 85 0.149044
260 151 29 35 0.145146
748 150 27 38 0.144503
410 357 17 24 0.144297
219 204 24 29 0.142057
505 200 41 48 0.140392
580 305 24 27 0.140357
848 127 37 51 0.14026
465 450 29 30 0.135448
109 313 34 52 0.133194
593 472 127 152 0.132022
680 87 31 40 0.131226
184 62 23 27 0.129433
291 165 34 47 0.129103
426 374 40 44 0.12602
691 154 34 39 0.124713
679 210 20 24 0.119632
430 40 31 30 0.114451
279 180 20 28 0.113709
237 104 45 54 0.113354
716 438 26 30 0.112631
131 410 25 46 0.111701
563 232 26 31 0.110296
6 251 38 45 0.109573
710 218 22 32 0.108694
663 274 44 51 0.107607
691 301 41 51 0.107024
613 170 45 52 0.105202
271 563 77 102 0.102762
275 52 29 42 0.100023
