illumination/illumination_00762
113
750 329 31 37 0.999969
503 333 27 34 0.999846
688 364 32 39 0.991808
335 369 35 46 0.934318
801 91 38 52 0.921241
397 369 20 25 0.915785
156 264 21 28 0.913834
433 416 35 48 0.833861
135 394 28 35 0.696385
566 449 22 33 0.6948
171 290 21 28 0.649158
356 286 21 26 0.612323
777 293 26 30 0.588422
212 542 32 34 0.564218
845 3 23 32 0.486403
646 304 17 21 0.48124
848 230 21 26 0.465329
172 111 117 127 0.46238
327 217 45 49 0.457531
247 308 16 24 0.453147
837 167 26 37 0.443693
696 265 51 58 0.442027
899 -3 20 25 0.427194
803 149 52 73 0.421591
383 479 53 69 0.419111
350 539 29 34 0.415939
186 304 39 51 0.40798
765 291 22 27 0.40329
323 110 73 94 0.399604
507 363 23 31 0.39705
708 323 20 25 0.393294
130 110 25 38 0.388309
212 508 40 47 0.384721
669 157 23 27 0.368626
580 303 26 31 0.365174
603 147 24 30 0.36374
69 394 14 19 0.342439
378 434 32 37 0.342169
250 539 24 28 0.336827
240 323 80 119 0.336244
598 306 26 33 0.326268
363 420 20 29 0.324372
103 104 24 29 0.323152
209 300 42 51 0.302104
369 227 41 57 0.300966
130 460 53 70 0.300589
827 439 50 65 0.298043
418 470 35 45 0.291264
287 348 68 83 0.285593
730 157 28 34 0.282624
196 531 32 39 0.271878
237 277 18 21 0.269935
158 288 25 36 0.267253
396 165 94 114 0.266443
609 279 29 39 0.266243
584 64 48 59 0.252969
243 277 28 35 0.251266
567 511 25 28 0.2461
132 234 36 49 0.242454
606 198 22 30 0.241114
688 423 22 28 0.23687
876 148 39 54 0.234023
181 425 27 35 0.233071
582 322 21 28 0.228305
542 274 23 31 0.223175
442 361 34 46 0.221863
740 332 23 29 0.215924
144 219 26 40 0.215795
350 309 34 43 0.214589
855 213 28 36 0.213058
123 390 30 34 0.209399
472 359 24 30 0.205484
677 235 23 29 0.205227
821 337 33 44 0.205043
799 73 30 40 0.195292
683 299 15 21 0.193054
707 147 40 48 0.184748
786 346 35 44 0.183839
601 251 24 28 0.178785
720 200 35 41 0.178073
796 32 26 31 0.176461
313 544 22 29 0.176373
871 33 25 39 0.175981
884 458 46 59 0.174811
798 308 30 40 0.171525
84 458 33 38 0.167827
601 288 23 28 0.165553
180 474 25 31 0.162318
328 251 30 38 0.161916
601 325 22 30 0.161346
658 272 32 45 0.160979
433 486 30 42 0.156995
808 211 31 36 0.149759
249 464 48 57 0.146311
944 467 32 40 0.143403
718 356 20 32 0.142071
938 535 36 43 0.14131
584 413 31 46 0.137171
540 477 28 39 0.134261
779 367 35 47 0.133888
68 378 16 22 0.129539
559 317 31 40 0.128029
296 149 20 27 0.124204
812 399 63 72 0.120445
576 268 34 42 0.118811
153 319 33 44 0.115061
541 336 32 36 0.114423
538 533 50 54 0.112076
422 358 34 44 0.110573
845 523 36 46 0.102583
135 268 31 45 0.102343
459 467 51 73 0.101343
588 346 23 28 0.100813
