illumination/illumination_00282
78
523 295 229 302 0.978437
895 454 59 69 0.684818
182 343 76 89 0.658182
368 689 25 34 0.619743
988 555 28 37 0.601228
639 648 26 32 0.5939
838 942 36 43 0.584418
88 963 25 30 0.564559
149 781 50 57 0.55929
916 401 104 124 0.515946
191 967 20 28 0.514973
263 731 20 30 0.514148
758 432 129 162 0.509015
723 161 72 90 0.49781
129 968 29 35 0.496609
190 917 27 34 0.452298
913 646 71 88 0.44488
167 968 28 35 0.419952
856 776 36 47 0.417063
778 738 27 31 0.397076
123 777 20 26 0.393238
46 620 32 45 0.350013
2 641 18 23 0.347981
283 979 12 18 0.330899
864 824 31 39 0.330169
104 980 33 39 0.31308
677 958 23 36 0.289757
89 465 86 95 0.27885
171 209 60 68 0.278722
212 911 18 28 0.265971
1 537 21 26 0.249267
220 960 13 16 0.247699
980 586 26 34 0.238065
12 760 26 33 0.231113
299 924 21 30 0.221846
927 974 35 44 0.211517
215 812 22 30 0.204076
974 555 25 36 0.202093
189 767 21 26 0.199551
253 759 20 24 0.193802
159 973 19 23 0.174022
710 436 81 101 0.172629
834 840 20 29 0.16996
46 485 51 55 0.169103
297 -4 81 97 0.166636
84 982 31 37 0.16452
247 662 49 64 0.161518
223 673 29 38 0.152446
29 665 45 64 0.151145
286 950 20 32 0.146485
237 914 17 22 0.143245
278 798 20 23 0.142617
987 750 28 39 0.141345
93 873 50 63 0.139935
64 963 29 36 0.139086
267 933 20 28 0.139012
456 888 19 24 0.134931
284 717 14 20 0.133746
676 924 19 29 0.133048
187 776 22 26 0.13158
267 951 14 23 0.126132
300 212 87 106 0.121796
861 902 37 46 0.12072
23 595 23 34 0.120555
742 809 23 28 0.118089
117 595 44 54 0.114726
706 813 35 40 0.114291
771 812 14 17 0.11391
429 791 21 25 0.113751
336 829 19 23 0.113358
245 758 21 26 0.111024
743 968 17 24 0.109314
359 690 23 30 0.107584
445 785 28 35 0.105613
307 909 20 29 0.105405
12 533 21 26 0.102419
172 75 44 56 0.101994
344 695 21 33 0.101575
