illumination/illumination_00150
67
206 937 27 30 0.896027
202 811 23 28 0.859633
592 657 36 53 0.648859
39 971 20 23 0.594378
878 1223 49 59 0.531089
736 879 45 59 0.497446
530 800 19 25 0.493039
785 906 22 30 0.465079
43 806 16 17 0.442323
976 1151 33 41 0.386421
707 821 21 33 0.368585
329 1098 25 28 0.365536
757 545 17 24 0.364785
202 1080 14 19 0.338864
734 74 52 65 0.326194
186 498 36 50 0.323432
797 846 19 25 0.320382
795 703 33 39 0.318155
854 1166 47 56 0.293496
588 898 20 27 0.288038
706 481 23 27 0.285422
787 785 31 34 0.284615
109 626 32 40 0.272272
881 759 50 69 0.261286
236 1051 34 40 0.25587
718 861 24 28 0.250045
786 920 29 46 0.246704
832 836 38 49 0.230171
507 722 22 26 0.213811
354 469 71 89 0.211096
99 1011 32 39 0.201757
843 22 19 25 0.195111
200 1005 35 46 0.191811
812 1202 19 24 0.190452
769 723 29 36 0.189759
799 1174 36 41 0.185782
293 1031 36 43 0.185123
853 849 23 30 0.178384
317 985 21 26 0.176552
751 479 23 29 0.17301
471 831 19 25 0.172184
939 1018 67 89 0.168692
375 1121 43 59 0.162867
744 1379 20 26 0.15883
844 1138 36 39 0.157013
44 892 17 20 0.15199
83 492 29 34 0.151518
872 1125 15 20 0.147746
529 910 22 28 0.143219
330 1185 21 26 0.142936
721 565 30 36 0.139052
604 706 22 29 0.137302
164 374 24 30 0.133877
518 708 16 21 0.132243
461 853 33 43 0.131597
67 476 17 26 0.126302
549 611 50 59 0.123064
249 1312 44 53 0.119998
768 862 42 55 0.119589
849 411 27 39 0.119052
506 773 23 32 0.112706
847 83 21 29 0.111776
619 791 19 25 0.109472
606 629 20 26 0.108623
192 788 31 38 0.108353
838 1097 32 36 0.107071
360 922 25 35 0.106057
