illumination/illumination_00713
48
828 52 36 47 0.710398
520 351 53 65 0.691436
868 176 42 57 0.671378
121 101 24 30 0.624646
936 386 22 28 0.610649
428 100 48 57 0.495155
658 342 27 34 0.483894
331 118 41 52 0.473867
990 351 23 28 0.462415
633 258 31 37 0.452526
795 59 27 34 0.432198
993 269 24 29 0.427142
908 205 25 31 0.422266
511 322 35 43 0.389083
33 37 30 39 0.388192
569 303 33 40 0.382999
709 361 33 44 0.374837
793 333 31 36 0.356666
110 74 25 30 0.345576
156 262 43 51 0.33011
431 156 42 51 0.329171
807 301 23 29 0.321379
830 238 37 45 0.306695
698 196 25 29 0.305781
798 123 29 34 0.275117
734 280 18 24 0.273685
679 156 36 39 0.265182
704 311 20 26 0.2619
403 396 35 45 0.256346
287 138 37 54 0.238839
823 67 33 43 0.229219
770 145 52 62 0.228171
410 105 19 24 0.22366
386 382 27 31 0.215341
946 310 36 42 0.209316
795 45 19 26 0.183349
182 52 34 44 0.171622
609 312 25 29 0.153493
331 338 66 88 0.143742
532 235 26 29 0.141647
743 50 25 29 0.139434
962 370 28 35 0.137955
445 407 36 43 0.131367
851 70 21 28 0.125445
771 23 19 24 0.123725
464 411 34 41 0.121359
27 50 27 33 0.110097
436 193 54 70 0.104868
