illumination/illumination_00155
64
141 282 19 29 0.997625
234 298 19 23 0.997178
267 359 15 21 0.900978
741 311 15 23 0.797677
679 65 17 22 0.653285
887 191 25 34 0.615052
330 109 89 99 0.579377
438 167 31 35 0.472283
516 255 36 44 0.463875
304 315 37 40 0.462098
238 284 21 26 0.437894
495 426 20 28 0.42189
465 242 18 22 0.414005
408 245 21 23 0.408482
605 145 28 37 0.401033
576 285 23 34 0.394933
442 120 24 28 0.386132
249 363 25 29 0.38304
590 239 22 31 0.343574
552 232 23 25 0.337419
722 157 28 40 0.326855
721 174 38 48 0.310503
599 360 26 31 0.308508
534 275 38 41 0.297002
23 353 23 27 0.265128
894 251 19 24 0.257854
584 585 27 31 0.238863
761 123 19 29 0.222326
442 426 32 44 0.219091
321 198 22 31 0.216637
275 137 18 24 0.206153
705 552 46 58 0.19833
386 399 31 36 0.195874
502 503 16 19 0.187458
499 415 18 21 0.18579
245 353 20 27 0.179157
620 381 24 31 0.178665
213 324 25 34 0.177769
731 159 36 43 0.176365
356 210 28 29 0.174719
655 273 16 21 0.171741
420 358 31 39 0.170617
499 346 26 30 0.165834
161 305 33 40 0.163766
646 140 24 29 0.162486
492 374 15 18 0.16098
470 505 38 38 0.154151
322 140 23 28 0.148537
362 246 19 21 0.14789
380 211 18 20 0.142402
707 203 27 33 0.139414
710 94 44 55 0.13586
412 250 30 40 0.13484
133 386 20 25 0.125149
559 437 19 24 0.120648
24 286 19 23 0.120009
686 320 25 30 0.115221
327 456 36 43 0.112896
362 345 19 22 0.111694
613 262 25 28 0.111253
443 412 29 36 0.110719
192 309 16 20 0.107365
620 65 58 71 0.104359
615 436 28 36 0.101442
