illumination/illumination_00707
54
458 181 74 98 0.999985
473 355 23 29 0.625897
567 621 31 37 0.56461
617 371 58 74 0.53211
733 108 31 38 0.44206
504 12 44 54 0.380137
794 65 27 33 0.357676
89 450 37 41 0.357294
679 306 23 32 0.320089
564 379 26 31 0.308969
612 -2 24 33 0.28061
674 298 25 32 0.277749
142 315 44 57 0.263035
716 428 22 26 0.258054
396 255 36 48 0.256116
645 287 24 28 0.255094
675 39 35 45 0.248231
300 612 83 94 0.244594
271 514 81 92 0.230813
674 421 46 53 0.22845
756 270 70 84 0.215742
508 357 32 40 0.214178
360 108 53 58 0.213727
48 329 95 136 0.211814
397 431 22 27 0.205163
636 359 19 24 0.201048
698 518 23 27 0.183236
829 515 33 38 0.180499
605 11 49 62 0.179666
714 71 28 35 0.178815
361 565 39 49 0.176566
404 547 37 49 0.160078
670 343 25 31 0.152356
749 98 35 45 0.151526
132 352 42 50 0.151082
557 480 25 31 0.15019
422 194 43 52 0.144806
621 281 28 32 0.138491
978 214 35 44 0.136651
580 -3 28 32 0.134579
922 89 35 42 0.130397
591 184 41 50 0.129323
382 281 46 54 0.127741
694 111 44 54 0.123594
569 154 31 40 0.118981
871 292 32 40 0.116759
744 131 32 41 0.113827
712 283 40 46 0.113116
533 377 36 44 0.112398
712 230 23 31 0.109976
210 259 19 25 0.10645
539 16 31 43 0.104785
636 135 37 45 0.102904
531 349 22 32 0.101837
