illumination/illumination_00702
20
482 296 88 101 0.869504
0 9 298 334 0.800514
616 445 62 79 0.578041
789 219 28 37 0.575747
660 359 49 51 0.528121
331 342 164 188 0.478584
530 389 51 56 0.468519
582 336 34 44 0.338074
605 140 198 224 0.310032
603 500 30 34 0.308275
827 499 79 92 0.302452
502 481 38 62 0.251416
747 438 112 138 0.213455
339 211 79 105 0.15742
491 447 41 49 0.138831
546 497 61 77 0.138197
380 497 43 54 0.121525
354 81 171 195 0.114118
491 378 25 33 0.11184
374 233 70 83 0.110336
