illumination/illumination_00712
72
185 261 69 83 0.99946
414 91 140 202 0.999392
802 234 86 102 0.998236
243 40 83 97 0.884489
386 634 25 28 0.871334
530 546 45 46 0.766191
404 57 48 58 0.701226
753 356 47 57 0.699128
59 510 25 33 0.692604
102 182 75 91 0.689555
365 592 44 53 0.594164
785 64 34 43 0.570536
761 477 59 68 0.562148
12 499 28 36 0.524294
186 430 47 60 0.516507
805 329 42 57 0.488012
301 497 41 54 0.483679
97 518 24 33 0.463794
852 347 23 28 0.420358
860 51 43 50 0.415746
722 113 36 45 0.411632
884 145 26 32 0.397662
480 523 49 58 0.392688
849 417 32 40 0.370463
874 145 25 31 0.370201
804 347 57 87 0.358947
738 204 22 28 0.335717
154 480 39 51 0.33562
549 633 38 49 0.331448
897 39 36 42 0.317236
706 280 50 58 0.306221
176 346 32 41 0.304405
720 382 46 57 0.3014
983 116 34 40 0.286657
62 478 28 32 0.280309
146 425 49 53 0.273191
812 493 163 182 0.27015
71 496 23 30 0.268386
215 478 36 44 0.267293
505 393 51 74 0.266096
331 46 27 31 0.257663
669 276 42 56 0.256861
528 68 31 37 0.237405
576 7 28 34 0.234721
629 52 27 30 0.228789
862 224 34 42 0.223324
855 403 26 33 0.221024
372 498 44 62 0.218047
555 304 43 52 0.212819
725 297 46 55 0.20894
955 59 34 41 0.200707
109 320 54 64 0.1897
389 136 30 42 0.179424
724 269 38 41 0.170318
225 241 25 31 0.156997
219 169 28 35 0.155175
813 6 26 33 0.154614
689 370 51 71 0.143807
713 462 51 60 0.142539
951 217 25 32 0.141493
677 107 47 56 0.132355
401 641 24 27 0.131376
125 490 26 35 0.12984
944 41 27 32 0.12586
968 47 41 51 0.120382
765 135 35 47 0.11427
560 289 31 42 0.11197
712 335 32 40 0.11021
186 498 29 41 0.109819
653 39 34 41 0.1067
245 621 27 32 0.102074
710 87 35 42 0.100114
