illumination/illumination_00328
39
497 278 104 131 0.996617
755 701 39 45 0.884365
865 524 44 51 0.811417
81 846 75 90 0.808384
534 1050 24 28 0.739238
698 1050 59 68 0.698717
901 523 39 46 0.661336
528 1084 25 30 0.629795
202 476 216 246 0.600789
530 676 24 29 0.462946
356 655 76 92 0.421786
382 726 34 41 0.349918
436 732 23 30 0.308756
781 689 23 28 0.298784
461 919 20 26 0.291468
26 709 148 198 0.272081
855 886 23 32 0.259258
697 184 26 33 0.25328
315 464 168 191 0.230952
763 583 36 42 0.226058
256 801 130 164 0.203368
759 1105 26 30 0.196477
832 934 37 43 0.177119
588 1117 25 33 0.167093
122 684 23 30 0.154288
600 330 28 33 0.152737
972 803 33 36 0.150097
279 982 32 38 0.138054
409 212 100 123 0.132152
688 1074 31 37 0.13004
217 793 71 90 0.128027
487 445 25 35 0.127124
145 886 54 66 0.124118
864 185 22 25 0.121997
762 1040 29 42 0.120011
934 534 30 36 0.117612
738 609 25 32 0.11565
598 1098 26 32 0.107777
594 1045 24 29 0.100732
