illumination/illumination_00046
33
422 532 36 46 0.717083
669 150 60 74 0.578121
686 65 82 110 0.571584
692 651 19 21 0.544407
567 640 24 27 0.461739
601 617 26 29 0.387543
984 311 24 30 0.383451
523 314 32 43 0.372175
453 635 30 34 0.36131
612 529 33 41 0.317149
515 505 23 26 0.281592
623 547 67 90 0.266813
567 547 45 53 0.249038
641 242 63 82 0.218994
613 624 51 56 0.205469
506 639 18 20 0.198126
571 194 30 39 0.191002
657 212 64 89 0.183125
445 544 20 27 0.165777
620 523 33 38 0.164425
481 581 20 24 0.164187
444 588 19 24 0.163585
455 489 23 27 0.14947
619 158 30 39 0.145401
572 257 21 33 0.141949
459 600 21 31 0.141437
607 66 29 37 0.137346
613 340 90 133 0.128732
685 618 19 26 0.12699
465 525 39 50 0.120134
528 279 30 38 0.116177
498 397 22 30 0.104993
952 290 21 22 0.10404
