illumination/illumination_00360
87
282 614 35 41 0.943302
356 405 34 43 0.919071
370 362 26 30 0.858568
930 638 29 33 0.807905
958 463 33 39 0.74792
674 641 28 31 0.704329
432 603 31 37 0.669511
316 389 53 65 0.623564
499 477 30 34 0.612659
556 563 23 30 0.60067
324 533 44 68 0.575324
667 480 23 26 0.450783
707 591 29 33 0.439484
172 628 31 34 0.438001
321 623 23 28 0.417675
740 419 27 31 0.407062
282 630 37 45 0.397272
635 499 20 25 0.396526
790 604 28 29 0.396341
957 649 31 34 0.395351
805 329 31 37 0.382619
567 609 28 32 0.382497
196 613 28 37 0.346463
975 652 29 30 0.32272
107 611 81 92 0.313726
858 648 23 24 0.302654
388 618 23 28 0.287872
830 483 23 27 0.281576
474 499 28 31 0.265008
909 600 27 31 0.26123
950 618 23 27 0.25849
636 529 26 27 0.250778
910 522 26 30 0.248919
422 384 25 34 0.234966
540 603 34 38 0.22918
375 407 53 59 0.228999
964 541 31 37 0.227346
227 620 26 32 0.22661
970 584 27 29 0.225145
720 578 28 31 0.218123
995 558 25 29 0.207921
936 537 21 25 0.205807
528 444 24 29 0.191146
755 514 36 40 0.187366
514 445 29 33 0.184236
787 514 25 27 0.175454
975 387 25 29 0.17314
792 408 46 52 0.171494
618 495 30 31 0.171391
728 391 31 35 0.168452
322 652 19 24 0.167016
649 434 38 43 0.163998
824 417 31 35 0.161914
535 622 43 50 0.161414
866 511 30 34 0.158883
815 493 33 36 0.157176
499 597 24 29 0.15368
742 625 26 30 0.153408
674 653 28 29 0.147754
926 590 29 37 0.145201
901 537 30 32 0.141944
402 358 24 27 0.138103
812 558 24 23 0.136987
831 471 28 31 0.136845
321 518 41 55 0.136087
665 490 33 35 0.135325
564 412 26 32 0.133269
957 514 27 32 0.132176
794 504 25 28 0.130792
590 518 27 30 0.129884
404 374 23 33 0.129758
609 499 28 32 0.127635
287 383 59 77 0.120477
747 604 23 27 0.119502
506 502 28 32 0.118153
791 574 25 28 0.116869
371 525 21 27 0.115638
735 529 45 51 0.112339
50 637 30 33 0.112008
179 632 32 39 0.1102
524 430 25 29 0.107644
39 514 35 38 0.107631
651 564 32 33 0.106212
609 431 26 28 0.103005
68 584 29 32 0.102808
532 611 22 27 0.102557
581 426 31 37 0.10247
