illumination/illumination_00748
38
66 241 38 48 0.9692
239 210 36 46 0.950556
526 95 70 91 0.875932
116 275 31 37 0.842707
550 269 28 35 0.767518
336 333 32 41 0.687132
586 461 21 27 0.686693
258 506 34 40 0.632038
659 249 26 30 0.583265
556 501 31 36 0.469121
611 155 32 46 0.404243
544 227 43 51 0.400033
162 323 33 42 0.368077
708 323 26 30 0.346317
578 161 28 36 0.337321
684 93 50 60 0.318405
648 116 46 58 0.311409
738 370 34 44 0.291242
739 297 56 73 0.26973
552 295 39 51 0.261063
629 246 39 44 0.238268
241 136 32 48 0.214614
730 239 27 33 0.192115
675 263 44 56 0.187473
580 295 21 27 0.174682
13 442 73 103 0.170309
360 542 26 32 0.153215
557 392 40 50 0.150204
574 355 31 42 0.149466
580 483 24 31 0.138819
596 225 24 32 0.12684
671 198 26 32 0.124755
574 262 23 32 0.123553
91 367 43 50 0.120077
598 305 25 32 0.117525
753 191 78 118 0.114998
528 143 53 65 0.109946
691 148 33 44 0.108705
