illumination/illumination_00650
34
687 73 31 42 0.998808
377 79 39 50 0.990748
401 377 28 35 0.772455
396 326 44 57 0.757983
969 511 24 26 0.757893
376 464 38 47 0.755835
679 109 62 89 0.59781
409 151 36 49 0.428523
-1 166 51 66 0.417814
926 448 24 25 0.392624
637 234 67 91 0.350607
350 239 35 46 0.349833
733 7 21 26 0.33389
690 221 31 41 0.297485
962 509 21 25 0.295898
189 485 24 29 0.289564
391 432 30 36 0.283323
23 490 34 39 0.265842
398 263 49 69 0.254747
689 324 21 27 0.24138
732 172 23 35 0.213058
403 399 18 22 0.204004
978 521 41 55 0.194845
416 426 60 78 0.177611
408 246 23 29 0.171945
693 364 22 32 0.160884
383 304 23 29 0.156785
382 190 25 30 0.136463
857 511 37 48 0.135032
369 473 22 27 0.125675
407 218 32 42 0.123438
377 371 19 27 0.122257
697 471 32 39 0.119067
688 248 39 49 0.107058
