illumination/illumination_00567
58
873 345 78 85 0.949027
335 245 68 84 0.872554
477 337 94 112 0.765716
561 20 45 53 0.721507
287 2 56 70 0.692563
215 248 27 30 0.676951
40 8 80 90 0.550608
411 227 18 23 0.542123
887 607 43 54 0.515355
426 328 20 25 0.496397
777 283 39 52 0.478841
454 351 63 76 0.456582
302 253 73 92 0.435618
169 2 69 84 0.414774
893 146 77 85 0.365741
913 277 38 46 0.352531
615 223 30 43 0.340847
383 13 110 155 0.331862
406 368 30 36 0.331831
239 41 23 31 0.329166
466 34 41 51 0.307173
614 205 26 40 0.262479
735 225 32 39 0.258646
28 357 85 109 0.244526
16 25 85 90 0.241602
637 384 26 42 0.232226
624 145 26 36 0.216516
145 53 52 63 0.209388
252 4 42 55 0.205014
634 0 30 35 0.196354
602 97 37 54 0.196059
139 91 25 33 0.193283
507 36 34 47 0.187629
932 339 29 35 0.185021
921 597 46 53 0.179443
823 372 33 42 0.164106
462 306 41 53 0.1579
920 409 35 37 0.156205
622 198 24 34 0.155006
956 321 49 56 0.14705
398 443 134 150 0.143841
153 283 41 44 0.14079
926 279 70 84 0.140704
92 444 27 38 0.130295
873 236 46 58 0.1267
581 370 24 29 0.12075
567 453 35 41 0.119836
275 9 32 38 0.119803
427 304 29 32 0.118704
828 201 35 43 0.11733
961 256 46 55 0.116967
427 271 30 31 0.111527
849 492 52 58 0.110973
549 28 34 40 0.107971
647 363 28 40 0.107965
939 624 41 49 0.10398
743 386 21 33 0.102934
238 53 26 38 0.101333
