illumination/illumination_00756
26
433 90 53 68 0.999997
156 267 44 69 0.737097
264 647 22 25 0.573769
349 118 33 40 0.410353
972 637 46 55 0.359017
245 330 37 46 0.304155
285 254 27 33 0.28402
437 547 48 66 0.25538
499 84 19 24 0.250963
813 169 40 47 0.249659
861 195 32 39 0.236324
353 135 36 44 0.235859
694 711 30 36 0.234143
771 460 32 42 0.202648
766 376 32 43 0.175285
514 342 29 37 0.167591
243 244 35 37 0.1567
743 284 44 51 0.153331
418 104 23 34 0.138559
869 588 41 53 0.133597
181 116 40 46 0.127977
266 328 95 112 0.123494
165 635 89 111 0.122024
951 108 27 34 0.121314
561 479 23 25 0.110911
76 310 26 33 0.107797
