illumination/illumination_00706
68
458 73 38 51 0.950212
531 294 27 32 0.932795
214 153 35 38 0.908526
560 263 23 28 0.795999
319 315 22 25 0.722468
622 165 24 28 0.662761
734 201 22 27 0.530624
949 74 28 33 0.529126
639 221 16 17 0.516488
906 263 28 34 0.514449
908 72 38 48 0.50198
25 201 21 26 0.49967
753 208 26 33 0.462564
36 284 37 43 0.436694
991 96 26 29 0.426992
243 223 22 24 0.397721
979 288 28 30 0.39461
112 178 21 23 0.391532
957 242 24 29 0.387443
709 292 33 37 0.38202
312 313 17 21 0.354145
177 303 30 36 0.353533
520 269 26 30 0.320763
820 275 22 26 0.316429
637 197 19 20 0.311348
104 189 23 26 0.30728
485 246 20 24 0.304536
913 133 34 39 0.299207
742 147 20 23 0.298242
740 279 23 27 0.296085
755 198 20 26 0.270453
152 170 25 28 0.260478
352 252 24 28 0.2489
953 214 32 35 0.248718
398 337 14 18 0.242044
105 225 19 24 0.241834
87 320 26 32 0.240733
436 413 19 24 0.240469
616 401 19 27 0.238829
687 233 29 36 0.230678
844 267 24 30 0.219933
786 219 18 22 0.216536
796 71 21 25 0.214464
496 191 24 28 0.192132
327 212 22 27 0.18851
866 310 24 27 0.188225
46 205 18 19 0.17989
198 282 20 24 0.179448
487 27 24 29 0.168394
821 306 22 27 0.167508
153 326 20 23 0.157689
305 108 28 32 0.1463
552 238 21 23 0.137417
131 178 22 25 0.137325
172 144 25 29 0.137212
407 308 22 26 0.133853
658 182 24 29 0.132398
752 297 21 26 0.131559
900 60 36 41 0.126174
610 247 20 23 0.12264
240 279 20 25 0.121295
6 159 32 36 0.119728
983 127 18 21 0.118279
300 218 24 27 0.115441
508 265 28 34 0.110298
207 317 18 23 0.103989
511 74 25 29 0.102293
221 307 15 18 0.101829
