illumination/illumination_00341
54
679 309 29 35 0.693024
857 9 20 28 0.568009
940 151 28 35 0.535999
199 140 188 296 0.528478
724 350 18 22 0.506913
721 334 21 23 0.486046
878 265 22 28 0.478573
874 -3 31 42 0.441598
827 100 32 45 0.440456
663 323 24 29 0.374874
971 -15 55 79 0.364605
941 171 79 110 0.346755
123 207 25 30 0.344791
841 18 21 31 0.33665
456 408 40 53 0.330993
686 338 20 24 0.306086
904 138 29 39 0.304234
817 57 38 48 0.303415
673 411 37 54 0.297989
232 36 24 28 0.27243
893 -4 20 26 0.270691
712 185 22 28 0.246482
906 15 30 41 0.245291
70 212 30 36 0.244917
816 235 31 42 0.239194
953 35 22 26 0.237407
437 633 31 35 0.231309
645 339 27 39 0.221813
665 368 22 27 0.220965
638 320 30 35 0.215985
165 175 28 34 0.210194
721 397 25 31 0.208221
895 205 53 72 0.201578
757 0 26 34 0.200682
431 578 21 26 0.199167
942 86 42 53 0.19759
923 185 39 51 0.197417
587 98 43 51 0.193231
574 280 37 46 0.192013
768 85 23 33 0.184575
465 500 28 38 0.176529
605 127 62 79 0.172189
683 232 27 31 0.163698
728 221 19 23 0.162032
853 99 18 25 0.161609
999 84 24 31 0.153353
740 5 27 31 0.145823
912 60 21 25 0.141345
553 389 68 84 0.139206
881 132 19 29 0.138871
542 268 39 49 0.127378
687 158 26 36 0.113681
109 150 31 36 0.108855
885 181 18 28 0.108505
