illumination/illumination_00140
196
862 172 28 32 0.945926
54 130 17 21 0.858424
340 345 28 36 0.802317
392 463 30 31 0.781376
975 284 23 33 0.699253
606 528 18 20 0.671161
705 57 21 28 0.656582
888 499 31 42 0.605871
491 124 23 28 0.536707
665 77 28 31 0.526812
773 266 34 40 0.525565
567 29 22 26 0.497887
466 3 21 27 0.490158
205 528 39 45 0.481798
860 181 28 35 0.468489
701 102 26 30 0.435121
532 3 32 39 0.432825
6 103 27 35 0.429211
488 48 21 25 0.425151
759 65 33 37 0.424264
381 32 18 22 0.419043
27 524 20 27 0.410827
193 131 27 36 0.409969
778 91 19 22 0.409491
599 97 22 29 0.396573
701 18 20 24 0.396398
664 171 20 24 0.381485
994 367 21 35 0.374533
531 447 72 100 0.3728
873 71 20 24 0.372678
-1 440 20 21 0.370518
633 88 21 26 0.359251
966 55 32 42 0.355624
986 69 20 28 0.344087
419 150 28 34 0.322019
174 0 25 28 0.312041
411 27 21 25 0.310301
197 110 28 35 0.307273
622 94 25 31 0.306882
795 166 41 50 0.292101
266 49 22 25 0.290066
101 499 21 31 0.289001
853 134 32 39 0.287769
529 68 28 33 0.2872
31 122 22 31 0.282411
593 25 27 37 0.277112
232 272 30 37 0.27539
696 87 29 34 0.275071
922 62 26 32 0.274472
349 31 37 48 0.273698
248 77 22 31 0.26337
724 213 52 60 0.262217
421 10 25 29 0.260278
767 130 26 31 0.259451
892 479 19 22 0.257404
580 99 28 36 0.257382
202 49 35 39 0.256816
543 161 29 37 0.255343
345 170 23 27 0.252281
253 529 26 30 0.250184
531 44 32 39 0.248435
656 299 21 29 0.247978
4 199 25 33 0.246936
993 58 19 23 0.245389
283 134 20 26 0.244486
266 85 37 43 0.242373
388 190 25 32 0.241152
837 525 42 49 0.238698
456 406 23 26 0.238603
919 487 22 26 0.23831
790 440 85 113 0.234699
254 82 26 34 0.234033
638 203 18 22 0.23229
150 211 22 27 0.228481
60 473 22 28 0.227785
417 333 25 30 0.227443
172 47 32 41 0.225068
156 160 21 27 0.219214
726 25 20 28 0.216933
297 168 22 28 0.214238
337 358 33 43 0.214117
982 232 26 37 0.210811
175 72 20 26 0.21064
430 481 28 34 0.209794
173 95 29 42 0.205245
586 23 21 27 0.200637
4 115 25 32 0.199784
243 280 31 39 0.196444
610 162 24 30 0.190623
516 530 19 24 0.1905
45 546 28 33 0.189272
99 302 20 26 0.189059
683 170 19 23 0.186294
464 66 30 35 0.183006
581 245 20 23 0.179859
187 541 32 36 0.178054
87 471 28 31 0.175683
228 45 33 40 0.175244
235 113 20 24 0.174429
186 223 26 32 0.173452
593 51 27 34 0.172583
38 101 25 30 0.171214
105 177 28 39 0.170811
947 161 25 31 0.16775
573 146 26 32 0.166387
825 167 24 30 0.16606
277 120 20 23 0.16296
60 102 25 32 0.161704
313 209 23 29 0.16084
591 -5 21 24 0.160433
371 440 24 33 0.16034
744 50 16 26 0.158164
832 185 33 43 0.158101
362 117 25 29 0.157716
294 44 23 27 0.154158
40 25 24 26 0.153641
634 124 20 25 0.152506
656 109 31 37 0.151002
761 178 29 35 0.150628
296 8 36 42 0.148472
795 207 27 34 0.148428
446 23 25 30 0.1467
210 198 27 34 0.145419
380 56 19 25 0.143381
716 109 23 28 0.143016
390 170 22 31 0.142682
746 157 21 28 0.142017
971 113 27 39 0.140487
86 513 17 18 0.139444
30 28 26 33 0.139433
412 10 26 29 0.139338
422 38 22 30 0.138903
174 209 25 30 0.138509
704 121 19 22 0.138268
753 49 33 44 0.136884
268 285 26 29 0.136034
27 403 43 47 0.135192
754 126 18 26 0.135091
508 526 19 29 0.133606
520 522 21 28 0.132343
385 293 29 33 0.131789
406 194 23 29 0.129658
388 19 23 29 0.128562
379 409 34 46 0.128401
781 523 26 29 0.128074
588 150 26 32 0.127172
376 150 24 29 0.126739
754 153 29 37 0.126679
842 224 24 29 0.124977
601 505 19 23 0.124378
469 31 24 32 0.12411
293 322 25 29 0.123025
989 331 30 38 0.122762
167 190 22 25 0.122642
417 304 19 23 0.121975
963 504 45 52 0.121342
500 330 25 29 0.120699
849 64 21 25 0.120083
454 107 23 29 0.11979
559 46 23 31 0.119418
120 1 22 27 0.11916
440 31 19 24 0.119011
446 109 21 26 0.118488
550 153 29 36 0.11764
292 230 43 48 0.117344
698 118 18 22 0.117009
163 150 31 39 0.116638
174 85 23 32 0.115097
20 105 27 36 0.114654
280 35 19 25 0.113298
579 117 28 37 0.112448
769 146 30 38 0.112219
140 192 24 28 0.111979
639 287 23 26 0.111774
106 311 29 41 0.111663
468 101 18 23 0.110878
651 200 25 31 0.11071
262 148 46 59 0.110131
147 19 34 36 0.11009
453 309 32 36 0.109523
644 123 24 27 0.1095
322 107 29 32 0.109459
725 74 24 27 0.109439
542 133 23 29 0.10928
361 343 25 29 0.107786
167 312 95 140 0.10734
275 317 33 45 0.107005
407 55 23 29 0.106854
783 109 20 27 0.106445
70 405 24 28 0.10513
233 232 56 58 0.104435
4 213 22 29 0.103136
897 218 40 54 0.102621
795 253 24 31 0.101907
183 108 25 34 0.10166
393 130 25 31 0.100754
