illumination/illumination_00635
81
763 390 27 34 0.99618
656 420 23 31 0.990172
663 387 18 24 0.97998
280 273 35 44 0.859408
494 380 49 66 0.776427
235 173 45 66 0.768662
717 427 34 43 0.752468
891 330 69 84 0.659907
364 187 122 162 0.657579
1 221 38 51 0.646319
353 279 28 37 0.639359
4 205 36 49 0.63662
238 232 44 67 0.625739
73 422 30 37 0.591411
469 466 34 45 0.490242
274 179 55 83 0.473992
801 195 37 40 0.46406
603 94 65 81 0.463104
854 191 31 37 0.43559
256 217 39 60 0.4312
652 178 24 31 0.427231
43 166 98 122 0.4257
913 18 53 75 0.378591
795 8 25 36 0.375651
49 268 31 39 0.373008
440 483 70 98 0.358646
509 212 27 36 0.348146
708 519 27 37 0.340112
101 300 54 89 0.338125
847 58 23 32 0.302221
784 262 60 90 0.298106
457 40 30 38 0.295761
529 107 32 40 0.294273
683 162 43 59 0.284724
265 445 47 54 0.280846
666 224 24 38 0.280521
824 194 25 34 0.279288
732 215 45 56 0.276296
29 102 120 134 0.270355
897 224 31 36 0.269647
724 390 42 57 0.264203
796 461 52 66 0.256329
893 242 38 45 0.247367
734 100 25 34 0.246428
708 371 27 37 0.239437
886 247 18 21 0.235822
6 180 38 56 0.214107
170 241 23 35 0.213438
793 384 33 47 0.210607
842 213 38 48 0.210166
861 35 32 43 0.209249
474 340 29 40 0.208478
176 234 22 36 0.207369
742 523 44 54 0.205501
494 308 21 29 0.197346
731 120 21 31 0.194578
311 325 36 43 0.185868
257 153 26 35 0.182237
269 110 66 77 0.177853
879 385 98 132 0.173175
-4 271 32 44 0.160077
0 144 32 41 0.152177
697 394 29 35 0.150293
827 80 30 42 0.14288
247 277 39 44 0.1329
510 190 35 39 0.131131
829 27 33 47 0.130908
504 124 25 34 0.129082
76 441 113 135 0.126421
792 200 29 36 0.125355
467 307 28 36 0.124659
474 376 34 50 0.124034
746 356 45 51 0.122837
708 384 40 53 0.117897
90 391 50 68 0.116571
846 248 31 36 0.114884
796 249 61 89 0.114546
656 491 37 56 0.112266
867 192 26 38 0.110605
884 163 28 39 0.106453
816 4 16 22 0.105612
