illumination/illumination_00641
42
499 137 53 66 0.999855
912 39 33 42 0.999597
987 59 33 42 0.999157
775 27 40 53 0.997303
955 128 48 60 0.585669
780 15 30 34 0.518213
398 533 22 26 0.50074
593 245 36 40 0.479773
210 272 68 78 0.472288
982 81 30 42 0.470362
956 286 35 46 0.453875
331 273 26 35 0.444611
993 40 23 26 0.422564
417 479 23 27 0.406729
137 567 22 29 0.34905
700 571 17 23 0.309967
18 -2 34 37 0.305349
933 146 24 32 0.303271
659 250 20 30 0.286332
243 454 42 48 0.250661
397 508 24 35 0.242398
622 339 57 74 0.210485
730 309 32 41 0.194783
951 407 21 25 0.189724
508 107 48 56 0.187302
940 140 46 54 0.180247
314 253 26 37 0.16633
852 25 27 37 0.166262
212 438 19 30 0.165361
370 378 29 42 0.16013
904 268 30 36 0.152719
779 126 20 25 0.152559
880 216 40 58 0.152272
572 265 50 58 0.149962
703 575 19 24 0.141336
951 364 29 46 0.139285
784 65 30 39 0.138617
919 386 13 17 0.138366
625 213 51 61 0.124209
808 33 22 35 0.117029
251 208 19 19 0.116916
241 448 19 25 0.116472
