illumination/illumination_00651
35
-24 599 245 326 0.999104
641 517 117 126 0.720761
87 34 28 32 0.534581
365 220 134 174 0.452983
424 802 46 60 0.404978
9 195 50 65 0.403942
133 122 94 136 0.349962
319 994 23 30 0.344361
639 107 98 118 0.310518
656 480 52 63 0.292592
158 388 77 97 0.282369
223 123 64 78 0.267986
637 900 33 44 0.259614
707 882 56 72 0.234621
909 947 42 51 0.201439
660 712 52 81 0.193356
9 321 23 28 0.191563
699 408 64 74 0.190313
13 442 30 40 0.173622
809 787 139 180 0.140246
137 551 23 30 0.134754
956 589 28 37 0.134356
625 883 27 32 0.130019
27 0 39 48 0.127081
512 749 100 143 0.126585
339 844 82 93 0.1257
969 207 23 29 0.118508
304 980 25 32 0.117846
524 -6 101 127 0.11744
397 727 78 95 0.117238
138 990 28 32 0.116855
377 926 37 45 0.112105
220 753 16 21 0.107968
731 26 25 33 0.105549
673 971 30 41 0.10234
