illumination/illumination_00724
33
296 99 30 44 0.783053
751 223 32 44 0.476969
656 314 23 29 0.446862
571 166 42 49 0.373324
617 373 40 49 0.36934
814 253 23 29 0.368398
4 461 29 37 0.362007
821 141 32 42 0.347837
981 266 26 35 0.326998
848 112 20 24 0.302912
141 444 26 32 0.29824
964 76 25 31 0.291083
70 376 18 25 0.285271
694 107 62 81 0.283481
605 170 35 39 0.274121
275 176 64 84 0.249592
780 247 21 27 0.233798
814 179 39 54 0.233091
27 489 30 35 0.224967
291 390 28 36 0.210443
802 132 32 42 0.20556
980 231 28 37 0.202396
448 347 34 43 0.194578
2 93 35 44 0.187656
805 251 24 29 0.184747
137 464 43 50 0.17199
295 135 38 54 0.150606
841 139 48 75 0.132675
54 109 35 44 0.129612
472 457 35 44 0.121483
603 322 58 76 0.118673
565 338 42 50 0.112566
512 239 27 39 0.103573
