illumination/illumination_00993
30
442 283 137 197 0.60881
749 378 24 28 0.450977
892 516 19 23 0.403205
702 317 18 21 0.392143
384 12 27 33 0.373758
991 484 16 19 0.331447
285 5 32 39 0.296713
728 128 22 26 0.281828
913 533 16 22 0.24369
103 182 20 24 0.230294
90 636 22 24 0.227971
165 76 18 24 0.208756
196 125 20 23 0.200903
721 418 28 40 0.199315
712 190 20 25 0.176616
715 7 22 28 0.175054
529 477 24 28 0.15387
667 600 18 27 0.145203
62 550 30 36 0.142524
10 283 25 32 0.1396
663 578 23 31 0.136547
917 384 27 34 0.133054
894 120 22 25 0.127478
676 344 24 30 0.118741
566 268 24 33 0.118253
126 631 20 24 0.114053
570 255 23 30 0.113278
133 71 21 26 0.109904
712 535 38 49 0.108046
833 352 20 26 0.10189
