illumination/illumination_00287
25
535 451 27 29 0.856014
536 232 36 46 0.785939
605 158 186 222 0.761234
339 165 204 279 0.6792
873 390 42 48 0.654227
43 326 313 389 0.650482
581 376 56 74 0.48658
492 429 49 57 0.46903
241 362 221 278 0.432124
658 -9 194 230 0.356378
604 63 41 46 0.33527
614 35 47 55 0.332259
550 254 37 52 0.270739
556 222 22 30 0.22259
648 318 71 96 0.182594
643 466 62 81 0.180863
905 395 29 33 0.150059
536 387 45 64 0.141422
287 259 229 302 0.141244
572 69 34 41 0.136607
733 394 26 31 0.131158
529 81 64 79 0.121491
605 352 56 65 0.121051
617 445 31 43 0.111848
517 552 53 74 0.109259
