illumination/illumination_00676
161
177 394 29 34 0.995366
273 372 31 40 0.983093
353 410 27 32 0.923873
766 88 20 27 0.888456
84 230 20 27 0.868748
992 54 31 41 0.799765
312 186 24 32 0.773132
873 103 34 40 0.761386
873 92 20 26 0.746538
179 240 24 31 0.633861
751 59 23 31 0.633639
518 222 21 25 0.630459
397 379 31 37 0.629231
418 133 41 51 0.616438
630 269 15 23 0.593584
539 112 20 27 0.582395
650 83 29 39 0.573815
328 149 24 34 0.558134
520 249 23 26 0.556348
559 122 17 22 0.547541
630 565 29 32 0.508715
361 255 29 33 0.506596
626 552 23 24 0.495401
747 75 21 28 0.490422
0 477 19 23 0.49032
904 226 23 28 0.488528
547 85 20 28 0.486482
501 309 29 39 0.47446
492 349 35 43 0.468593
578 437 28 37 0.465759
526 122 22 30 0.46463
68 352 24 28 0.463485
653 307 29 36 0.456263
295 493 40 54 0.454921
945 127 41 47 0.448065
511 138 25 33 0.410374
859 466 16 20 0.401731
983 211 22 27 0.399865
872 497 27 36 0.398279
381 185 23 31 0.384981
914 462 22 26 0.384735
620 335 25 29 0.379095
950 186 34 51 0.375905
18 487 86 100 0.374775
546 224 30 35 0.370626
3 525 40 49 0.369801
760 53 19 26 0.362512
994 185 28 36 0.35878
395 134 22 29 0.355857
284 407 28 37 0.354964
335 143 22 31 0.353423
591 437 23 28 0.352749
102 232 23 24 0.346866
892 130 38 40 0.345328
508 402 23 27 0.344242
999 109 20 27 0.338821
282 552 29 40 0.333805
88 541 31 35 0.3237
651 201 19 19 0.301858
744 81 19 27 0.301373
851 491 21 26 0.300056
736 584 26 29 0.297051
482 442 26 30 0.296024
545 332 23 28 0.294157
275 397 28 36 0.28821
557 380 25 31 0.283366
941 525 33 42 0.278919
142 348 21 28 0.276106
342 453 24 33 0.266607
547 508 28 37 0.262565
823 419 25 34 0.262062
603 305 35 41 0.261744
535 118 20 27 0.256235
700 78 21 25 0.251936
361 166 33 48 0.247642
840 136 24 29 0.246274
614 156 28 33 0.244338
615 178 26 28 0.240962
448 330 22 26 0.236485
24 289 18 24 0.232022
411 152 16 22 0.223085
239 522 28 43 0.222334
388 654 46 63 0.218072
441 422 33 46 0.216528
362 307 28 31 0.210845
363 491 20 26 0.204865
362 288 21 25 0.201818
402 125 21 26 0.19963
235 367 16 24 0.198324
443 372 15 17 0.192687
657 476 20 22 0.191769
747 441 26 38 0.19133
556 466 22 27 0.189258
172 503 64 76 0.18825
890 466 23 25 0.186364
755 103 22 28 0.182442
611 66 24 38 0.180845
410 542 18 25 0.179017
357 437 20 26 0.175549
709 571 27 29 0.17493
731 286 21 25 0.174902
358 602 43 45 0.173776
601 456 54 61 0.169679
865 490 24 31 0.168783
158 367 15 20 0.168087
267 246 37 46 0.167938
543 135 21 26 0.167713
871 473 23 26 0.167108
39 453 22 27 0.166785
115 445 24 29 0.164113
786 533 18 23 0.162929
691 128 18 20 0.162551
526 313 25 30 0.159211
447 392 22 26 0.15251
158 578 28 35 0.152509
388 292 16 22 0.149803
189 568 37 47 0.14793
873 254 33 42 0.147449
878 115 32 38 0.146582
829 450 28 36 0.14202
854 497 31 40 0.141567
476 373 19 25 0.138915
812 492 16 22 0.137014
492 400 18 20 0.136708
596 166 23 23 0.136003
726 70 22 32 0.135383
243 387 22 26 0.134253
270 550 30 43 0.133991
920 490 20 24 0.133672
311 263 26 28 0.133149
380 387 16 18 0.132423
622 241 25 34 0.131706
11 455 20 23 0.130454
263 316 16 21 0.129497
996 261 19 25 0.127308
788 576 26 28 0.127257
720 437 21 28 0.123768
259 394 13 18 0.123091
347 137 19 25 0.122604
315 335 22 25 0.122247
580 572 24 29 0.121785
677 565 19 23 0.119977
909 269 33 37 0.119815
483 141 19 23 0.119522
694 154 23 27 0.119314
653 362 36 39 0.116871
587 559 36 39 0.113897
791 538 43 53 0.109919
811 508 15 20 0.109206
556 321 17 21 0.108621
414 363 25 31 0.106115
887 474 22 24 0.105037
903 471 22 26 0.104502
358 99 17 25 0.104286
567 553 34 40 0.103703
268 303 32 38 0.102821
903 689 26 29 0.102023
390 104 25 32 0.10185
364 98 18 23 0.100927
596 248 43 47 0.100791
22 317 20 26 0.100304
