illumination/illumination_00741
45
666 221 24 34 0.907919
350 37 24 29 0.836745
434 547 28 34 0.765735
223 23 29 40 0.675279
76 0 26 32 0.538106
220 292 32 39 0.518869
462 9 44 53 0.508889
785 302 46 48 0.489352
103 225 35 48 0.477046
273 492 30 36 0.476276
513 534 33 38 0.335213
29 213 15 17 0.330884
397 306 20 25 0.311354
212 209 28 35 0.281554
475 537 38 44 0.275904
118 530 37 43 0.236197
358 322 29 37 0.226344
314 270 27 34 0.220537
71 220 35 51 0.21325
753 299 21 25 0.198788
928 331 23 26 0.198304
203 300 25 25 0.195702
376 234 23 28 0.188979
449 439 25 29 0.172005
215 578 31 35 0.168534
778 573 38 45 0.165857
80 124 30 37 0.161314
425 133 23 28 0.160562
188 274 18 24 0.154534
570 74 34 43 0.152407
816 588 30 34 0.148088
956 15 25 31 0.141006
762 312 26 29 0.136968
534 286 29 42 0.135729
540 231 25 30 0.135158
553 168 71 91 0.1285
699 232 28 34 0.127828
53 81 20 25 0.117673
335 241 33 41 0.117279
261 89 75 125 0.115684
239 447 29 34 0.109407
83 309 25 28 0.105862
254 417 27 32 0.104303
953 25 48 61 0.101298
3 617 24 30 0.100857
