illumination/illumination_00290
74
304 197 30 33 0.999429
873 316 38 50 0.997241
721 314 20 26 0.993599
539 343 16 20 0.977838
278 313 17 26 0.803729
886 158 34 39 0.737301
21 432 25 27 0.65887
633 365 19 24 0.623234
89 241 73 91 0.540181
517 312 18 23 0.539857
623 452 52 62 0.527134
352 550 30 34 0.513916
853 346 25 32 0.441216
749 465 130 174 0.440992
72 258 40 67 0.408074
580 406 32 42 0.404381
582 376 30 37 0.395583
443 358 21 29 0.395387
305 287 36 45 0.364381
993 312 28 40 0.359417
589 455 16 19 0.35866
727 379 31 35 0.349885
350 350 30 36 0.345524
973 609 34 42 0.336101
243 353 35 37 0.304517
377 288 45 56 0.303563
664 468 26 41 0.281484
9 254 47 51 0.279176
362 388 35 37 0.275284
713 391 31 36 0.274871
330 502 24 29 0.269675
224 322 16 20 0.268198
655 362 18 25 0.252723
579 393 27 32 0.250521
466 458 24 29 0.239159
360 502 26 33 0.235077
531 493 41 44 0.232423
1 361 20 25 0.230189
77 172 40 46 0.224419
801 451 20 26 0.220485
4 372 18 22 0.217141
737 422 18 23 0.211882
728 446 25 36 0.198552
377 381 34 35 0.181365
33 366 24 36 0.180503
534 278 37 45 0.172409
508 321 23 29 0.172101
923 288 28 32 0.171069
509 401 25 32 0.170912
699 383 37 36 0.169793
508 357 38 41 0.163017
813 116 17 22 0.159656
69 416 26 39 0.158741
438 277 26 30 0.158492
584 344 28 39 0.153981
525 308 25 32 0.150757
440 536 37 40 0.15043
875 433 32 41 0.143386
58 620 22 29 0.142829
281 352 19 21 0.14277
33 172 32 38 0.141147
17 385 33 39 0.13894
25 445 23 24 0.135568
503 273 26 27 0.13556
618 524 22 31 0.135105
869 255 13 17 0.133437
530 436 14 19 0.125417
46 359 38 50 0.125088
131 173 74 93 0.12371
292 283 16 21 0.122984
809 442 25 30 0.120664
241 312 26 38 0.115597
559 357 21 34 0.109464
223 231 31 39 0.106377
