illumination/illumination_00995
28
804 342 37 45 0.974214
911 244 61 76 0.744259
804 285 29 33 0.673808
830 299 33 38 0.622849
315 46 239 239 0.605497
755 377 64 78 0.594436
909 349 33 42 0.538565
387 48 265 368 0.537782
768 275 41 50 0.520055
959 185 49 58 0.485419
636 161 53 61 0.478721
777 341 34 41 0.432328
231 74 93 94 0.386187
-1 282 28 31 0.369835
45 308 31 37 0.339326
776 82 107 141 0.333302
798 389 38 48 0.320623
789 343 33 39 0.285545
509 432 53 58 0.264494
849 112 58 70 0.224573
815 370 71 87 0.224563
295 69 53 61 0.19138
797 297 40 47 0.190277
852 346 34 40 0.182344
968 226 31 42 0.144827
910 312 40 50 0.138501
127 410 88 108 0.121689
896 391 53 70 0.11066
