illumination/illumination_00370
159
508 288 55 74 0.999749
192 268 35 45 0.999499
385 341 16 22 0.913203
812 261 56 75 0.903851
763 387 19 26 0.834067
503 378 17 25 0.818352
788 279 35 47 0.817599
566 620 32 38 0.792484
896 409 52 72 0.783522
621 323 26 36 0.759809
197 524 43 47 0.74308
632 329 40 48 0.709118
84 268 41 62 0.678489
590 293 32 40 0.672898
574 326 35 46 0.644194
32 285 52 61 0.640053
386 434 49 58 0.633403
674 256 45 61 0.630534
722 285 65 92 0.626526
674 373 56 87 0.61114
202 17 27 31 0.607442
799 619 31 41 0.582903
664 327 43 55 0.581774
762 406 22 28 0.574071
697 524 24 30 0.565488
358 344 29 39 0.531165
139 299 22 28 0.503907
943 293 35 43 0.501524
12 255 35 43 0.499357
617 161 24 27 0.498676
648 383 23 32 0.486081
473 241 24 28 0.485341
548 273 35 42 0.479288
414 492 28 36 0.47499
965 289 24 30 0.471696
550 139 34 36 0.431318
680 127 32 34 0.421347
852 285 32 44 0.419123
761 357 28 36 0.415062
502 223 22 26 0.41111
244 610 36 44 0.410598
537 244 42 53 0.396432
178 343 117 156 0.393625
493 249 27 32 0.389911
480 279 23 30 0.388132
517 260 26 30 0.38696
611 386 25 31 0.386183
435 609 25 33 0.383504
670 451 31 44 0.378011
352 462 57 76 0.369919
432 160 44 53 0.365422
201 594 62 67 0.364866
258 239 65 73 0.362828
86 187 33 46 0.354565
211 326 25 29 0.350465
462 206 22 26 0.341206
125 327 50 64 0.337223
182 482 27 33 0.335091
629 280 32 40 0.314776
300 394 28 34 0.311186
353 270 24 29 0.310133
975 178 29 38 0.304012
391 175 37 45 0.301149
648 359 24 30 0.295428
936 204 19 24 0.294066
602 346 37 48 0.28904
570 273 30 35 0.288891
758 499 36 50 0.28303
532 119 30 33 0.279247
463 310 44 65 0.27812
228 516 39 41 0.276989
805 345 27 40 0.273226
164 350 32 41 0.271431
797 310 27 37 0.267693
950 265 26 34 0.26102
889 90 26 30 0.256972
226 544 33 38 0.255667
171 310 23 30 0.24831
522 360 38 46 0.244678
864 428 40 47 0.243077
226 483 23 24 0.237186
128 87 25 31 0.236761
423 238 26 29 0.236305
176 573 35 48 0.232915
341 291 38 50 0.231641
354 652 23 26 0.22582
746 530 29 39 0.221233
908 225 22 27 0.220567
634 416 27 33 0.219947
386 276 37 49 0.21846
847 441 28 31 0.216181
53 229 24 26 0.216009
339 446 36 41 0.212275
7 318 25 37 0.211213
683 296 26 31 0.210618
511 362 25 35 0.210585
773 436 31 46 0.210306
950 147 23 26 0.205792
89 391 108 148 0.203188
134 138 21 26 0.200013
149 241 33 35 0.199775
884 314 31 42 0.194986
465 229 25 28 0.189406
641 -19 80 86 0.189027
589 365 29 38 0.18798
988 240 19 24 0.186934
955 68 24 28 0.186172
62 196 24 28 0.186132
377 265 26 35 0.181797
887 189 18 22 0.179437
791 614 29 37 0.177265
917 393 32 50 0.175066
351 428 54 64 0.174578
901 294 24 31 0.17328
792 501 39 56 0.171054
411 422 21 31 0.165737
604 159 24 28 0.164586
664 409 26 33 0.159454
119 259 23 30 0.156538
35 230 22 27 0.153171
428 290 22 25 0.152382
910 320 23 30 0.152072
482 248 24 25 0.149757
960 390 25 32 0.14965
166 295 25 32 0.147234
773 59 29 40 0.144643
95 217 22 28 0.142545
144 551 35 48 0.142358
342 391 51 61 0.141873
858 185 34 44 0.137968
910 280 18 21 0.134196
781 462 37 56 0.133274
112 511 35 45 0.132394
202 319 26 33 0.131607
691 193 36 40 0.13104
472 340 35 51 0.128494
810 332 20 25 0.126189
358 644 28 28 0.122459
427 218 36 42 0.122273
154 385 63 77 0.121555
705 140 27 41 0.121465
240 258 26 32 0.117889
922 272 17 25 0.116421
995 225 15 21 0.116117
876 494 54 61 0.115757
60 421 22 28 0.114716
658 140 32 37 0.114672
641 408 27 35 0.112165
237 252 25 27 0.111864
460 221 25 30 0.111296
393 400 31 39 0.108287
649 556 30 42 0.107682
610 301 19 24 0.106514
924 297 25 29 0.104306
951 203 21 28 0.102625
795 149 48 50 0.101874
176 591 43 55 0.10075
517 207 35 43 0.100608
130 537 32 41 0.100154
