illumination/illumination_00743
104
528 333 61 79 0.999956
480 222 46 52 0.999912
868 104 36 46 0.797006
921 385 28 35 0.789313
830 107 25 31 0.772193
916 441 39 44 0.72756
713 243 29 39 0.706847
572 211 117 137 0.660988
935 32 35 44 0.636603
891 388 36 43 0.632466
586 358 56 75 0.58234
354 297 41 48 0.577623
751 121 22 31 0.571128
358 282 24 30 0.569618
838 59 27 36 0.565735
818 64 31 33 0.56452
330 310 35 40 0.555316
827 94 25 29 0.536996
456 277 39 48 0.518767
859 5 43 62 0.513735
365 280 30 39 0.473357
975 33 25 31 0.468089
359 234 26 33 0.451671
373 223 56 68 0.439355
816 109 24 29 0.425533
935 365 27 34 0.424488
657 485 22 29 0.420143
383 276 28 34 0.415886
799 243 27 26 0.412206
948 376 27 33 0.406295
948 104 30 35 0.402168
746 238 22 24 0.398291
935 -3 40 47 0.384249
924 102 33 42 0.382111
803 180 22 28 0.379722
709 217 27 29 0.379645
880 6 35 45 0.379525
730 63 24 31 0.367635
389 378 35 40 0.364341
216 458 79 97 0.34074
363 224 30 36 0.321949
900 372 40 54 0.32069
753 83 19 22 0.307734
968 57 26 33 0.303409
939 268 38 44 0.290595
688 402 29 36 0.281125
791 163 21 29 0.280748
705 370 29 37 0.278882
239 286 49 68 0.267588
544 408 33 43 0.26264
346 503 42 54 0.258372
943 300 41 47 0.256554
334 280 22 27 0.251218
845 107 20 24 0.249111
729 95 22 29 0.24501
685 393 24 31 0.235976
966 95 20 24 0.234667
840 19 25 33 0.234078
899 162 32 40 0.225602
830 200 48 60 0.22249
730 285 22 28 0.222112
309 221 27 32 0.219417
1 294 25 36 0.217956
335 244 16 21 0.209992
692 349 23 28 0.207526
595 338 52 68 0.20629
911 66 41 61 0.20563
292 230 27 36 0.202007
928 60 37 50 0.198186
719 99 27 33 0.19776
950 119 28 31 0.189988
939 406 29 36 0.18731
303 259 19 24 0.187072
710 409 33 40 0.186205
923 0 25 36 0.176695
342 299 21 27 0.17669
944 350 23 28 0.174645
958 251 59 69 0.172346
552 309 28 36 0.170476
704 225 28 34 0.170347
919 125 24 30 0.164186
354 228 24 30 0.163667
841 361 44 54 0.160757
982 127 42 56 0.153922
360 359 44 54 0.148821
253 267 61 82 0.147096
853 439 42 56 0.145514
173 305 91 121 0.142782
328 282 21 28 0.141543
732 224 28 27 0.135003
665 503 32 44 0.134923
833 114 29 37 0.123864
313 214 28 34 0.120403
848 347 47 58 0.118786
647 346 21 24 0.117628
911 14 36 48 0.114633
891 366 26 35 0.113938
847 273 37 44 0.113938
502 259 33 45 0.112015
803 206 45 53 0.109948
832 279 29 36 0.108522
884 84 33 48 0.105141
316 308 34 37 0.102131
914 262 48 53 0.101904
