illumination/illumination_00758
95
991 116 28 34 0.999998
498 77 25 32 0.99999
626 173 13 16 0.999897
395 156 67 78 0.998494
894 59 29 36 0.997583
131 130 69 108 0.980419
61 74 46 51 0.784286
79 146 60 83 0.781053
517 303 119 151 0.755103
805 131 16 22 0.739128
849 222 20 27 0.738919
885 144 26 28 0.707405
909 233 24 28 0.706734
627 451 74 83 0.679731
665 123 15 20 0.657361
497 507 80 89 0.632405
214 181 21 29 0.595355
261 120 28 32 0.5708
292 75 38 43 0.546567
647 514 68 79 0.532704
229 26 27 36 0.482144
844 198 20 24 0.460162
294 126 31 37 0.46002
250 579 52 57 0.442613
546 251 29 35 0.43353
15 104 34 43 0.40771
5 140 24 35 0.404579
501 185 31 31 0.378279
421 53 18 23 0.371226
827 133 26 33 0.365388
151 604 45 53 0.357139
754 150 14 17 0.354443
828 167 22 30 0.353956
207 420 31 34 0.343242
721 184 58 72 0.333804
224 110 24 29 0.328986
72 257 45 44 0.320857
933 173 15 22 0.317125
565 525 25 30 0.314794
724 255 26 34 0.305516
233 410 77 87 0.293599
255 65 40 43 0.27845
384 38 24 30 0.2745
872 171 26 29 0.251343
221 619 16 19 0.249116
234 174 30 33 0.225545
4 90 14 17 0.22289
110 61 36 36 0.215398
726 551 23 27 0.213021
110 131 27 31 0.203024
321 144 22 26 0.202812
377 356 22 25 0.193513
197 122 28 34 0.191431
360 574 20 25 0.185041
566 505 33 41 0.183092
567 554 17 21 0.175344
771 234 24 33 0.17485
470 421 18 26 0.174038
222 466 29 38 0.17382
674 202 20 29 0.172504
440 611 44 51 0.169421
669 306 31 37 0.169235
579 539 18 22 0.16759
157 434 25 29 0.167549
490 156 28 33 0.160741
551 472 30 41 0.159674
518 187 28 33 0.15877
258 438 98 122 0.15806
638 315 21 26 0.152517
223 180 21 28 0.151562
512 126 17 19 0.150798
910 51 22 26 0.149676
588 530 48 64 0.147362
637 413 22 28 0.145183
825 264 23 25 0.142099
902 342 13 18 0.140624
442 222 20 25 0.139591
438 449 41 53 0.136505
905 156 32 43 0.135441
815 217 18 22 0.135138
52 138 18 21 0.129454
303 66 41 50 0.127378
316 157 28 37 0.126691
378 364 23 26 0.12621
320 543 52 69 0.122412
21 196 25 33 0.11863
274 178 37 47 0.118238
228 595 55 62 0.118157
246 259 21 24 0.116872
123 29 18 23 0.112033
772 510 24 29 0.109892
209 7 30 33 0.103464
928 224 25 41 0.102268
50 66 34 39 0.101299
488 270 16 22 0.100605
