illumination/illumination_00632
62
520 227 62 75 0.999801
814 329 46 57 0.861307
732 224 36 45 0.743695
62 106 31 37 0.732145
258 246 179 203 0.678798
188 176 35 45 0.660239
660 247 40 47 0.625115
12 288 80 107 0.595828
703 242 29 34 0.564299
33 122 30 41 0.489157
884 299 25 28 0.474123
32 96 22 31 0.369711
183 100 30 37 0.359617
92 283 26 35 0.348571
227 63 25 33 0.343273
208 161 46 58 0.342279
138 169 52 63 0.331079
157 525 40 42 0.329773
278 231 32 40 0.326947
20 199 37 50 0.324426
665 320 21 30 0.309612
123 177 27 34 0.295376
588 451 64 77 0.289283
109 25 27 33 0.284956
108 472 36 43 0.271929
708 289 42 47 0.26286
2 146 18 22 0.247364
52 119 37 52 0.240418
55 313 59 83 0.239179
802 164 36 46 0.23238
348 48 25 29 0.224812
86 262 33 45 0.217673
126 152 31 38 0.21337
175 511 50 59 0.21249
66 196 45 67 0.196412
122 191 24 34 0.194226
112 156 27 33 0.192562
835 311 25 34 0.175699
640 246 28 33 0.170442
832 298 29 35 0.161387
367 530 36 39 0.15728
101 282 82 96 0.151163
40 213 29 38 0.141632
70 231 31 47 0.140436
20 158 28 34 0.139286
26 116 23 32 0.138793
2 127 21 23 0.13708
757 192 42 49 0.13659
25 24 23 31 0.135012
33 171 41 55 0.134387
708 169 27 31 0.134257
46 142 44 61 0.133367
241 217 43 51 0.129265
130 142 29 35 0.126119
191 333 32 41 0.123889
974 247 20 24 0.120723
794 387 34 41 0.12041
671 288 44 50 0.116844
578 261 28 33 0.115061
698 328 41 51 0.114595
295 125 32 35 0.114059
53 57 32 43 0.112996
