illumination/illumination_00147
21
485 318 54 65 0.821721
632 428 31 37 0.58055
635 348 58 72 0.516567
130 -4 38 51 0.432547
387 461 32 39 0.263362
149 105 25 35 0.232124
404 362 92 111 0.230266
136 63 41 55 0.222599
732 99 34 44 0.18134
167 6 27 35 0.179745
615 159 27 37 0.150481
648 493 23 32 0.148442
775 51 17 22 0.137361
131 40 25 31 0.135044
25 102 49 65 0.133827
644 465 25 33 0.129229
664 293 30 34 0.127654
435 416 82 93 0.110062
132 52 33 43 0.106247
389 494 35 43 0.104314
536 481 22 30 0.103886
