illumination/illumination_00593
25
608 77 36 49 0.786506
354 158 32 39 0.713351
421 295 26 30 0.556246
307 113 37 48 0.523624
180 396 35 46 0.411751
669 444 39 49 0.367306
731 181 23 29 0.330856
300 160 40 53 0.309134
444 300 36 40 0.303993
258 172 22 26 0.294696
524 113 152 197 0.251817
465 335 30 37 0.235106
457 398 48 59 0.233805
198 437 30 37 0.186596
447 366 45 58 0.183765
837 289 38 52 0.174407
668 95 26 30 0.164199
497 317 25 30 0.156817
413 303 31 42 0.15286
425 316 33 39 0.146228
781 226 56 69 0.139775
566 391 31 41 0.130303
481 90 102 128 0.108105
180 437 32 40 0.104546
310 235 23 32 0.101103
