illumination/illumination_00709
24
684 303 29 39 0.932014
229 447 19 22 0.609958
188 382 20 25 0.544847
240 296 22 28 0.506457
555 93 26 31 0.495569
595 87 25 30 0.33098
553 139 37 51 0.323763
204 255 22 29 0.230434
10 500 36 49 0.225042
101 483 36 44 0.203566
669 106 31 37 0.202408
314 181 74 90 0.200721
665 217 59 66 0.183007
344 418 30 36 0.181913
177 305 34 43 0.168096
808 221 44 60 0.165818
681 441 31 38 0.152238
427 125 39 47 0.142433
45 286 32 38 0.132788
711 134 115 153 0.132457
862 382 56 62 0.124689
182 198 58 68 0.105976
542 93 27 34 0.105403
61 307 22 27 0.100859
