illumination/illumination_00071
26
79 126 27 32 0.892917
808 461 35 45 0.753956
824 395 21 36 0.725192
856 657 21 25 0.715715
865 269 98 115 0.610634
779 397 30 37 0.516338
794 445 38 52 0.479165
723 571 19 31 0.418953
837 421 22 31 0.407342
50 184 31 48 0.401596
853 373 103 113 0.300159
784 326 13 20 0.290315
798 404 25 37 0.288981
840 396 39 46 0.2639
784 627 27 30 0.242878
821 297 46 63 0.227663
839 644 26 30 0.207493
813 630 36 41 0.181388
57 90 20 27 0.181268
215 67 31 38 0.180435
776 355 34 50 0.175078
688 300 74 100 0.140218
800 417 26 41 0.12293
812 421 25 36 0.11358
546 528 151 209 0.11154
77 93 38 48 0.103296
