illumination/illumination_00640
86
432 43 57 74 0.999995
274 273 32 37 0.999989
386 131 46 66 0.999934
40 200 26 32 0.998975
89 126 19 25 0.992986
259 167 26 33 0.992586
127 172 39 48 0.959537
654 184 74 98 0.904015
796 411 33 39 0.830469
151 263 41 49 0.787706
646 408 28 37 0.761466
82 161 34 41 0.746724
689 186 59 105 0.70163
324 192 41 48 0.6874
146 241 22 27 0.618796
726 334 38 56 0.556754
131 287 27 38 0.524064
39 346 19 26 0.519839
17 223 25 31 0.512908
598 393 27 33 0.506525
658 250 41 46 0.504117
401 400 41 50 0.466281
170 651 31 34 0.459384
399 337 49 53 0.459321
194 330 29 39 0.435082
351 388 69 88 0.389096
195 236 21 28 0.379143
663 452 38 47 0.378537
639 612 28 33 0.371861
193 344 31 38 0.370532
208 237 28 34 0.35172
97 228 33 43 0.34095
102 641 35 41 0.327996
714 389 36 51 0.325963
978 15 24 26 0.324116
150 371 22 30 0.319391
286 512 23 29 0.299778
181 316 23 28 0.280322
741 329 70 87 0.280139
405 187 18 19 0.275096
73 279 17 23 0.275072
213 176 27 37 0.271287
767 506 22 31 0.263803
801 429 37 46 0.258476
58 367 26 32 0.257666
247 331 23 37 0.246359
147 250 42 48 0.237752
150 389 15 19 0.229023
790 519 22 29 0.218068
210 262 26 30 0.212265
712 290 29 33 0.19894
79 434 46 59 0.19667
113 325 23 33 0.184499
424 385 24 30 0.184041
188 252 23 30 0.183646
375 135 31 41 0.180322
68 234 29 37 0.176747
638 237 28 43 0.167262
501 119 28 36 0.166227
120 282 25 34 0.159361
54 260 22 28 0.154784
117 171 31 40 0.15261
166 294 31 39 0.149827
563 374 23 27 0.149282
865 10 22 27 0.147063
382 115 24 29 0.147011
174 515 45 55 0.146301
92 211 19 24 0.144023
308 444 21 26 0.142949
817 478 27 34 0.139679
123 253 26 34 0.138348
433 18 23 28 0.136809
26 141 34 50 0.134404
720 501 34 46 0.13373
180 374 22 29 0.132598
46 243 18 24 0.124546
91 407 32 42 0.124152
985 80 22 25 0.120708
179 280 19 23 0.118875
39 424 26 33 0.116221
664 364 18 23 0.116053
61 433 46 57 0.115357
684 574 50 54 0.11407
703 538 30 38 0.109696
787 483 30 36 0.105295
340 371 71 76 0.100518
