illumination/illumination_00634
47
622 105 93 123 0.999999
166 349 46 63 0.99918
318 457 31 38 0.975088
450 457 28 39 0.955979
279 265 70 87 0.902155
38 307 39 54 0.763733
941 332 31 40 0.7238
670 469 35 35 0.538982
966 326 35 49 0.493675
94 429 24 31 0.471391
852 269 66 82 0.464544
886 349 26 36 0.459798
365 463 38 53 0.393089
661 467 34 32 0.386146
814 386 45 55 0.368572
49 355 38 58 0.362143
460 518 24 31 0.346296
5 412 22 31 0.311993
487 497 25 33 0.293873
284 489 25 30 0.291419
632 473 34 35 0.255306
387 388 28 35 0.253699
652 525 32 37 0.251637
44 260 26 35 0.250981
56 32 101 141 0.248663
797 433 31 35 0.244459
657 293 28 34 0.226323
40 457 51 71 0.222185
878 282 58 75 0.206623
144 397 27 30 0.20164
668 518 26 31 0.201176
755 432 21 26 0.197849
91 456 29 41 0.194703
139 408 33 41 0.193785
0 512 38 49 0.191704
732 383 53 64 0.180093
724 372 23 34 0.177524
39 288 29 41 0.176835
730 343 24 30 0.148216
576 89 24 30 0.144424
680 60 24 31 0.142815
176 417 46 55 0.142087
18 455 31 40 0.135761
352 427 34 41 0.110905
523 430 22 29 0.109973
453 493 26 34 0.108294
575 281 29 37 0.106747
