illumination/illumination_00143
45
463 222 29 39 0.679907
486 453 26 30 0.637452
92 468 42 51 0.612951
231 395 21 28 0.502691
140 372 26 30 0.49218
462 268 44 60 0.477596
481 584 23 30 0.466315
146 532 23 29 0.43413
223 231 22 28 0.421612
205 498 25 32 0.420515
100 400 49 62 0.386566
223 571 38 45 0.368092
101 537 35 44 0.350004
478 569 24 31 0.329214
35 452 43 56 0.314639
179 458 27 35 0.312077
189 261 25 31 0.289984
231 232 24 29 0.256371
472 547 19 26 0.23401
556 387 24 31 0.222157
155 431 30 37 0.22104
122 467 25 30 0.21948
428 248 31 38 0.217147
508 431 22 27 0.215261
472 591 22 29 0.200103
247 638 24 31 0.197938
238 481 22 28 0.196512
622 306 20 28 0.195993
2 484 40 52 0.188281
328 499 26 30 0.181821
162 640 32 42 0.180909
135 399 26 29 0.16299
610 277 19 25 0.15603
447 220 24 30 0.154975
765 351 24 31 0.149606
484 415 25 33 0.141714
160 250 27 34 0.141054
254 540 38 49 0.136538
135 413 26 34 0.131713
305 547 62 91 0.128234
559 629 24 29 0.127623
481 447 23 25 0.112452
214 395 22 29 0.108141
310 525 25 32 0.102074
337 495 21 25 0.101409
