illumination/illumination_00375
24
645 166 154 212 0.995657
528 302 54 67 0.971959
634 228 33 42 0.970035
307 -30 129 166 0.902968
512 276 40 51 0.875087
257 65 125 157 0.705191
524 340 32 45 0.592955
364 382 111 138 0.576913
230 140 131 174 0.554096
520 368 30 42 0.474977
539 313 60 75 0.347418
257 358 47 57 0.344692
794 275 29 35 0.285172
473 272 59 86 0.27688
523 326 18 21 0.238081
331 463 24 28 0.177914
322 469 26 31 0.164024
264 398 28 35 0.148821
264 460 23 26 0.137878
817 351 43 49 0.136483
356 495 27 33 0.132252
362 524 34 40 0.127739
314 460 27 30 0.105824
729 373 60 70 0.100706
