illumination/illumination_00729
35
833 102 57 68 0.905084
614 5 91 105 0.871087
730 85 38 45 0.727115
897 200 39 46 0.531979
851 206 38 45 0.529774
698 208 34 42 0.524494
946 375 30 36 0.507012
941 176 72 81 0.454314
37 65 37 44 0.442212
575 51 69 82 0.432958
745 245 27 29 0.431238
939 353 39 46 0.393625
888 247 29 36 0.3851
936 97 21 26 0.372193
737 28 35 40 0.371619
636 79 39 50 0.328077
854 185 30 36 0.31692
889 118 22 24 0.307791
899 64 27 33 0.305927
733 106 36 45 0.288926
967 37 47 50 0.274715
678 29 52 60 0.247998
651 -4 67 79 0.23835
708 308 63 59 0.213857
519 183 37 44 0.212302
456 113 34 43 0.203305
13 13 35 46 0.20071
873 1 28 33 0.200056
10 91 35 44 0.196284
695 18 51 56 0.183492
789 102 36 46 0.145485
919 186 29 33 0.140603
28 76 29 37 0.124915
34 146 27 34 0.111459
702 104 33 39 0.110229
