illumination/illumination_00565
165
698 187 39 49 0.999955
404 241 36 40 0.999805
290 248 37 45 0.998086
514 241 44 55 0.984672
570 372 38 40 0.80866
637 484 21 24 0.795158
103 386 28 31 0.741601
96 565 27 29 0.721092
583 480 21 27 0.719552
98 260 19 22 0.704846
402 357 28 33 0.690993
225 571 23 25 0.689741
467 338 23 32 0.672917
846 5 17 22 0.651181
294 297 37 45 0.636411
327 473 28 41 0.628505
298 529 21 27 0.576619
199 412 12 13 0.561683
497 372 23 27 0.559477
587 360 26 31 0.552779
475 509 19 22 0.542866
213 502 21 29 0.540598
508 615 19 24 0.537646
420 391 60 75 0.49716
404 588 32 38 0.48748
356 117 24 38 0.470005
946 0 17 22 0.456052
287 555 24 25 0.454303
253 583 27 31 0.44445
27 81 20 25 0.439589
746 318 16 19 0.438218
880 218 15 20 0.437571
567 636 26 32 0.419129
335 512 36 44 0.392857
610 463 23 28 0.391311
600 394 23 31 0.388517
399 526 39 45 0.381008
90 400 24 29 0.370506
524 577 25 28 0.369608
503 443 23 31 0.365133
112 345 16 21 0.359229
632 445 31 36 0.35647
395 617 59 66 0.340288
399 383 23 23 0.335806
699 296 31 34 0.33536
415 515 26 31 0.320154
223 178 48 65 0.31849
467 474 34 50 0.318009
75 429 28 33 0.307285
957 581 28 32 0.281187
717 477 21 24 0.274904
479 613 26 30 0.270712
903 81 25 32 0.267724
454 508 18 23 0.266231
531 230 32 35 0.263486
282 284 23 30 0.262698
408 257 35 49 0.261286
565 333 23 31 0.25894
766 87 17 24 0.258626
883 230 26 33 0.25584
812 176 19 22 0.25574
587 547 24 27 0.255438
219 387 19 20 0.250577
479 624 27 34 0.247485
875 26 19 24 0.238289
743 267 23 32 0.237481
825 15 16 19 0.237465
967 354 36 43 0.235089
111 649 26 32 0.228983
430 349 49 51 0.226157
52 247 22 28 0.222739
893 126 17 21 0.218525
811 509 19 21 0.217455
744 370 24 29 0.214434
830 70 15 19 0.212365
626 441 24 31 0.21212
4 125 21 28 0.210304
82 229 22 28 0.207816
742 346 24 26 0.207418
66 564 27 29 0.204816
718 539 27 31 0.203241
266 96 23 30 0.201411
897 -4 19 21 0.199707
56 229 26 32 0.199452
521 319 23 25 0.197575
627 369 30 36 0.191946
508 483 14 17 0.187537
384 335 14 21 0.185809
606 493 29 31 0.181888
686 319 25 32 0.180245
22 156 21 25 0.180222
548 581 21 23 0.177438
989 588 26 31 0.174619
945 41 16 21 0.174352
862 76 20 25 0.172712
929 412 31 38 0.172456
790 491 17 22 0.170776
685 433 30 37 0.170646
662 448 48 55 0.16814
878 144 15 19 0.167665
439 634 26 31 0.1667
483 594 23 26 0.164399
109 266 18 21 0.164384
590 460 13 18 0.163827
50 261 20 27 0.162966
540 594 16 19 0.159729
585 396 21 24 0.159259
200 146 24 31 0.15891
51 443 28 34 0.158799
1 436 24 29 0.15758
34 567 22 25 0.155783
857 96 25 30 0.155017
649 484 22 24 0.154745
882 107 23 29 0.15158
609 0 21 27 0.151059
277 316 20 21 0.151019
385 485 29 34 0.148129
655 253 29 35 0.146272
343 575 23 27 0.145715
897 256 17 25 0.145581
477 450 28 41 0.145079
965 89 11 13 0.1442
398 395 31 34 0.143616
889 50 25 27 0.142667
697 639 28 35 0.142541
905 457 28 33 0.141518
784 367 34 41 0.139254
434 60 19 26 0.138656
246 130 26 30 0.13856
217 640 32 38 0.137986
319 132 17 23 0.136888
473 361 20 26 0.135526
572 328 19 25 0.134417
257 465 20 24 0.133661
322 409 22 26 0.133445
280 -1 19 25 0.131979
49 391 32 37 0.131451
365 509 24 31 0.131277
869 403 28 32 0.130671
977 -5 26 32 0.129177
625 586 22 25 0.128224
748 583 24 27 0.12707
340 293 48 64 0.126645
634 131 16 22 0.124367
819 501 34 38 0.124326
447 60 18 24 0.122804
205 241 22 26 0.121863
956 154 16 21 0.121556
654 623 22 26 0.119608
319 579 24 28 0.117968
218 525 18 25 0.117544
655 290 18 23 0.116516
150 599 32 37 0.116294
631 643 28 32 0.114096
658 414 15 25 0.112288
942 298 20 26 0.112054
838 248 17 22 0.110021
878 2 15 20 0.109547
900 398 26 30 0.108085
7 76 25 33 0.107973
893 104 18 22 0.107535
969 332 23 29 0.107054
893 167 20 23 0.102867
198 604 28 33 0.101626
609 381 17 22 0.101416
