illumination/illumination_00594
51
489 194 37 50 0.89326
212 167 55 73 0.804766
206 507 44 60 0.549228
295 210 42 54 0.538071
388 237 42 58 0.516301
419 299 24 34 0.513275
161 386 24 29 0.50642
238 386 36 45 0.503434
401 129 24 30 0.479359
441 311 21 29 0.435502
506 48 28 31 0.430378
130 243 45 62 0.404664
671 154 29 31 0.39268
408 172 21 33 0.380008
110 209 40 49 0.358385
825 147 31 34 0.33415
445 351 22 31 0.326069
422 210 49 72 0.32584
772 135 26 29 0.324474
382 170 23 29 0.310648
982 210 24 26 0.28819
549 73 24 25 0.286098
400 502 49 72 0.282727
505 407 21 30 0.282118
413 155 24 33 0.27993
384 -5 29 35 0.27614
217 422 31 43 0.26897
977 214 24 26 0.247926
785 414 41 48 0.243982
683 80 34 39 0.242816
833 420 28 35 0.231857
434 174 21 26 0.226955
434 279 29 38 0.226483
511 171 34 43 0.216866
96 51 21 23 0.21672
225 49 46 48 0.208739
413 347 29 35 0.2005
527 32 23 25 0.174794
354 205 32 38 0.171387
640 53 25 28 0.150737
116 195 35 47 0.14591
394 177 25 32 0.143244
851 111 30 36 0.142956
385 43 26 29 0.14074
415 397 37 54 0.140604
807 409 24 30 0.135188
697 76 27 31 0.123603
561 75 32 36 0.121504
652 60 29 33 0.118398
711 117 28 33 0.117424
647 78 28 31 0.102242
