illumination/illumination_00074
21
825 166 78 89 0.962493
485 290 40 53 0.929162
23 66 186 239 0.624183
19 214 205 294 0.620984
508 371 28 29 0.523202
640 482 111 141 0.394541
501 284 59 72 0.353221
799 483 62 89 0.330695
955 454 43 56 0.311732
442 270 23 35 0.268344
443 197 32 42 0.258793
592 494 26 32 0.212737
868 645 34 41 0.198742
465 176 95 119 0.196414
440 320 36 46 0.191382
491 321 29 40 0.186078
777 597 40 54 0.182468
19 488 37 46 0.170212
470 369 23 29 0.155394
730 521 35 42 0.133708
897 417 26 31 0.109354
