illumination/illumination_00596
21
457 238 91 145 0.99854
916 221 45 59 0.84592
882 534 52 60 0.771621
874 455 34 41 0.725745
740 153 67 77 0.692183
831 199 95 110 0.617657
909 260 55 63 0.521149
853 369 62 69 0.478686
768 232 79 100 0.405505
656 250 36 45 0.348301
872 577 70 87 0.34093
952 185 59 69 0.3251
610 424 39 49 0.302501
907 451 42 51 0.221038
629 52 24 33 0.219655
968 594 41 48 0.192221
930 291 37 43 0.186387
741 489 87 106 0.161179
824 295 54 66 0.117357
345 206 121 143 0.115838
676 269 77 99 0.11397
