illumination/illumination_00599
25
198 202 26 36 0.999897
232 300 19 23 0.805341
143 282 45 59 0.61818
381 560 22 23 0.421255
183 436 23 34 0.415224
760 103 22 28 0.395723
185 281 24 33 0.38997
165 348 26 40 0.33516
198 273 31 41 0.320791
190 473 17 24 0.287747
248 436 26 31 0.239091
432 259 22 27 0.23263
345 511 25 28 0.226825
159 237 23 29 0.2096
544 647 32 36 0.20443
181 458 22 33 0.196922
800 258 24 28 0.194681
168 376 17 28 0.181811
198 450 23 29 0.164882
189 484 16 26 0.163993
133 311 47 63 0.139892
427 184 37 43 0.122833
990 511 24 28 0.118703
173 322 19 24 0.114589
173 230 43 56 0.114053
