illumination/illumination_00774
41
310 172 117 158 0.995324
286 582 24 27 0.801653
153 548 26 30 0.564532
270 335 26 32 0.537773
318 484 19 27 0.469381
886 254 133 172 0.463821
85 349 25 30 0.43828
991 542 25 31 0.436408
155 615 21 24 0.427116
293 608 23 29 0.371925
68 395 34 41 0.335297
992 530 24 29 0.327708
81 616 14 18 0.289156
880 430 87 101 0.276358
112 466 22 29 0.245256
964 433 30 35 0.237124
182 611 20 23 0.233906
876 639 25 29 0.230104
969 513 33 39 0.216998
-1 502 19 23 0.212604
112 398 39 45 0.190504
266 406 26 33 0.188845
374 170 126 165 0.185372
202 415 26 31 0.181207
236 341 24 29 0.181013
30 424 36 51 0.176177
262 647 25 30 0.164503
46 346 28 32 0.153701
826 560 24 29 0.153631
106 328 30 34 0.148495
951 482 26 34 0.141645
888 605 23 29 0.133373
93 596 22 26 0.129689
64 324 39 48 0.124282
68 369 26 35 0.123287
90 378 28 34 0.122627
276 644 28 32 0.122379
7 318 36 46 0.119801
48 440 29 41 0.108748
33 516 30 32 0.104314
242 561 31 35 0.101472
