illumination/illumination_00352
100
605 489 34 49 0.970987
734 473 30 42 0.862804
635 326 23 30 0.831326
336 456 39 53 0.825598
952 541 37 44 0.785353
799 527 21 25 0.781788
298 430 28 49 0.775546
299 507 28 36 0.774347
491 508 26 33 0.738137
609 415 19 24 0.736736
572 476 32 42 0.644302
602 598 44 53 0.630037
370 427 61 65 0.628162
251 19 24 32 0.623565
580 543 36 45 0.598045
567 596 38 41 0.586237
793 540 28 39 0.548206
96 541 64 70 0.541187
844 548 21 27 0.521166
742 488 63 84 0.502917
160 468 20 21 0.501029
779 609 28 38 0.488015
376 498 31 41 0.482112
603 558 28 34 0.468551
831 352 15 19 0.467575
891 206 31 41 0.463539
621 504 32 40 0.44373
566 553 26 31 0.443049
794 196 19 27 0.442077
567 563 27 36 0.434735
669 283 19 26 0.428625
740 464 35 41 0.428498
823 548 21 26 0.426913
831 209 19 27 0.426749
306 570 44 52 0.415935
982 554 32 43 0.398878
751 304 68 90 0.394109
284 514 24 27 0.365717
573 501 35 43 0.362763
959 352 32 34 0.351712
645 490 19 23 0.344394
261 372 22 24 0.31615
799 154 20 24 0.309692
946 536 24 30 0.309647
52 491 35 53 0.299104
802 326 26 32 0.298608
346 567 28 33 0.291693
774 410 17 26 0.287179
459 488 23 30 0.285095
167 515 33 43 0.273913
367 576 54 72 0.255506
927 359 28 30 0.248564
663 492 18 22 0.241246
32 583 25 34 0.237946
313 433 41 50 0.226953
923 537 24 28 0.224504
483 513 16 20 0.224437
827 219 27 40 0.223573
523 415 19 22 0.222549
629 609 31 38 0.215025
945 468 28 32 0.213338
366 532 45 68 0.200604
265 26 22 24 0.196859
488 132 28 37 0.1952
542 494 26 31 0.194228
778 197 24 31 0.189672
183 484 79 95 0.188089
578 461 36 41 0.182682
830 576 32 47 0.179255
541 511 25 31 0.173424
349 450 57 70 0.169103
976 512 11 14 0.169082
490 258 25 34 0.160507
487 100 30 42 0.157113
730 493 31 39 0.152702
833 445 19 24 0.150994
811 317 26 37 0.147789
12 431 28 32 0.144304
563 440 18 21 0.142846
489 300 23 32 0.139557
176 571 27 33 0.139552
48 570 28 38 0.136941
440 127 18 23 0.127789
437 369 18 24 0.126961
370 401 21 28 0.125794
682 429 18 26 0.123313
797 517 21 28 0.122233
511 453 14 18 0.114494
958 580 24 29 0.111448
930 153 17 20 0.11094
791 239 19 25 0.106443
272 484 31 41 0.105594
348 367 18 23 0.10537
982 634 28 39 0.104982
301 467 29 35 0.104648
840 147 41 50 0.104538
929 516 15 19 0.103589
0 448 44 58 0.102072
860 227 25 33 0.102004
829 176 16 23 0.101225
