illumination/illumination_00145
70
2 319 29 37 0.999528
840 362 34 45 0.998667
431 192 37 53 0.989584
319 437 47 63 0.763583
920 338 24 30 0.763314
44 443 24 34 0.710358
815 438 23 31 0.598662
134 459 22 27 0.584311
922 470 24 29 0.559275
365 145 27 34 0.526551
527 275 25 29 0.504057
349 482 19 27 0.501096
551 265 21 24 0.485122
878 268 26 30 0.481253
368 471 36 49 0.475849
779 467 22 28 0.452112
894 259 24 29 0.42931
806 230 28 32 0.427645
505 285 25 29 0.397797
319 412 21 25 0.38842
914 246 35 41 0.387706
517 278 27 31 0.386312
518 175 25 30 0.383759
15 499 23 29 0.376032
25 430 19 25 0.373136
17 479 23 28 0.359951
79 593 25 30 0.352007
417 444 28 35 0.330104
404 358 32 42 0.328388
125 606 33 41 0.32505
48 410 30 35 0.305705
844 624 27 35 0.299561
799 570 25 31 0.289946
385 116 28 34 0.287638
340 424 28 34 0.282727
118 391 52 55 0.28269
378 359 26 34 0.281599
874 195 29 34 0.274845
400 576 19 25 0.256919
479 178 45 54 0.254593
390 284 23 27 0.248115
31 403 21 28 0.245812
310 487 28 35 0.245184
257 407 21 25 0.240499
156 405 25 29 0.238112
319 393 28 35 0.235656
695 522 23 27 0.228018
621 597 27 34 0.216725
420 409 18 24 0.209823
462 122 35 41 0.206656
40 496 25 31 0.199311
782 427 24 30 0.193333
340 492 32 46 0.190668
426 425 26 32 0.182858
490 316 18 22 0.170303
23 604 23 33 0.167153
373 265 21 24 0.160687
383 324 21 29 0.159721
772 247 27 30 0.157287
838 434 19 26 0.152828
357 457 24 31 0.137497
399 593 20 29 0.136932
421 577 25 31 0.134826
663 191 25 30 0.122467
864 446 20 29 0.120553
348 601 26 34 0.110093
883 182 39 47 0.110051
742 422 28 33 0.103966
38 482 25 30 0.102382
504 71 41 52 0.101103
