illumination/illumination_00281
30
429 265 28 44 0.999369
583 295 26 37 0.989994
403 482 21 29 0.35999
216 612 26 33 0.339098
537 516 23 26 0.306666
848 532 38 44 0.299427
450 551 18 23 0.273339
1 627 33 35 0.272253
714 590 26 34 0.245932
904 347 26 30 0.235292
637 471 15 24 0.2289
791 473 31 35 0.216839
810 481 49 56 0.209407
685 461 20 25 0.205819
671 574 36 39 0.194038
368 423 30 43 0.187964
391 360 47 68 0.184229
397 597 27 35 0.168604
765 564 27 32 0.157724
649 431 22 35 0.152159
801 474 35 37 0.146588
407 520 21 29 0.141069
534 455 25 30 0.135188
949 633 22 26 0.131627
921 436 23 29 0.130556
890 512 30 36 0.118704
426 315 32 42 0.111388
827 597 38 45 0.10801
789 619 46 50 0.100611
755 584 33 40 0.100446
