illumination/illumination_00064
45
414 241 133 173 0.999752
525 417 28 35 0.795684
382 483 24 32 0.765042
543 455 53 64 0.7267
775 66 102 111 0.722293
916 129 38 44 0.657343
426 608 51 67 0.643949
926 634 61 74 0.603063
932 124 27 31 0.440963
897 273 63 79 0.397738
429 469 51 61 0.39763
169 197 68 79 0.372856
741 670 40 46 0.366775
796 601 66 87 0.358584
387 497 38 45 0.341885
477 476 196 212 0.325992
381 469 24 35 0.325915
837 173 42 50 0.293698
878 221 47 52 0.282783
594 1 38 43 0.278447
122 228 267 344 0.264905
92 292 62 69 0.260126
949 590 38 49 0.258137
768 217 89 110 0.244819
428 690 22 28 0.242913
134 200 54 63 0.220347
842 276 37 47 0.217616
461 702 15 22 0.217501
412 610 41 55 0.207335
866 617 74 95 0.20118
328 200 69 84 0.194473
439 694 18 23 0.186942
550 424 39 46 0.176747
428 488 54 69 0.176321
49 277 33 39 0.149192
893 170 22 25 0.147649
349 572 16 23 0.146527
726 659 41 57 0.145985
567 393 19 25 0.145003
401 436 19 27 0.142846
723 493 128 165 0.129434
139 537 150 194 0.120657
120 139 52 61 0.105973
20 646 44 59 0.105971
953 481 59 82 0.102677
