illumination/illumination_00273
52
219 163 28 35 0.999995
852 238 21 28 0.999951
245 154 35 40 0.999905
502 318 12 18 0.994134
596 332 10 13 0.986839
413 314 12 19 0.971124
696 262 20 25 0.897423
179 217 54 75 0.71549
310 236 31 42 0.701084
977 412 23 28 0.665277
933 130 23 24 0.652086
580 312 18 21 0.648812
382 320 32 40 0.615543
720 322 21 30 0.606341
624 105 18 21 0.591808
754 303 25 30 0.571477
260 407 31 38 0.532811
881 351 23 27 0.461553
221 235 38 48 0.434469
142 337 17 26 0.398252
575 402 21 29 0.370636
526 346 21 29 0.350645
161 283 19 23 0.339817
530 303 13 17 0.339207
475 438 13 18 0.335189
689 389 22 30 0.303469
939 58 24 27 0.292138
530 409 21 27 0.282553
214 407 66 90 0.261202
883 180 24 26 0.234243
863 295 24 31 0.220428
691 417 27 36 0.211204
703 455 16 23 0.209583
323 477 17 18 0.208849
253 363 24 30 0.200531
906 309 66 89 0.194046
529 377 20 25 0.184966
262 361 41 50 0.18174
707 375 21 26 0.176493
552 325 29 40 0.16877
349 367 23 34 0.155188
275 337 31 38 0.14633
664 328 24 38 0.14057
760 295 24 30 0.140188
430 351 17 23 0.132927
614 361 15 20 0.130251
832 303 19 21 0.126112
842 356 22 26 0.118899
293 381 32 47 0.117821
914 134 23 24 0.107301
538 328 20 29 0.106272
804 343 21 25 0.102579
