illumination/illumination_00665
41
113 278 49 63 1
353 176 78 93 0.999998
840 460 36 43 0.852063
929 243 41 50 0.828792
607 217 85 95 0.780941
85 516 41 53 0.619575
161 240 33 43 0.573427
759 313 38 44 0.57219
485 71 38 47 0.484175
665 70 26 28 0.437943
225 347 41 49 0.433778
484 174 66 94 0.430321
543 48 22 29 0.424964
807 413 34 41 0.410822
21 107 83 110 0.407826
659 486 40 47 0.385759
498 230 51 57 0.367489
274 245 42 47 0.347296
623 141 72 90 0.340658
142 221 47 55 0.320352
886 424 28 32 0.318965
762 344 25 30 0.295059
569 253 39 51 0.291908
604 153 38 46 0.259178
703 456 41 51 0.232226
456 221 30 34 0.224099
123 180 47 56 0.219699
81 358 50 62 0.191352
491 453 96 127 0.182725
154 366 51 62 0.167117
813 340 64 78 0.156421
155 46 29 35 0.154411
601 419 60 77 0.149256
61 270 51 61 0.144683
534 96 35 45 0.134783
942 330 81 86 0.123538
463 85 60 72 0.120841
682 391 20 28 0.11816
802 449 52 62 0.11158
595 455 65 82 0.108467
342 414 41 41 0.100674
