illumination/illumination_00610
56
528 278 126 164 0.999882
170 369 130 174 0.999702
344 461 43 53 0.915148
581 258 32 34 0.890071
642 594 53 78 0.823239
614 242 26 30 0.816412
133 339 37 45 0.814859
799 348 69 83 0.730116
42 399 37 47 0.723537
352 291 55 69 0.685176
461 242 43 52 0.650687
505 177 46 59 0.533959
341 302 29 34 0.531729
690 338 40 51 0.526243
749 392 32 43 0.522591
517 228 17 24 0.506732
89 231 48 59 0.461751
838 235 25 28 0.420679
405 443 48 58 0.385196
388 295 35 50 0.383238
318 572 35 43 0.376512
616 226 30 38 0.34963
659 334 42 48 0.286292
594 222 23 35 0.270326
266 457 95 121 0.269194
769 281 95 120 0.263041
337 335 31 36 0.262223
705 534 38 54 0.25063
311 284 31 47 0.248071
302 319 28 35 0.237431
650 452 39 50 0.232884
421 476 35 44 0.216232
149 392 43 64 0.214597
135 362 40 50 0.209816
720 409 25 33 0.203245
589 203 22 31 0.190329
612 257 22 27 0.188133
436 306 67 78 0.183661
778 399 38 49 0.174099
845 298 35 43 0.170967
542 240 20 25 0.169656
237 443 91 115 0.162661
634 361 76 105 0.159527
279 531 55 73 0.15306
496 312 44 58 0.149118
593 208 23 31 0.147255
255 299 36 35 0.144432
528 577 45 40 0.143782
65 292 76 101 0.137367
507 236 20 27 0.130756
124 99 36 45 0.127714
384 284 33 39 0.127163
262 311 36 38 0.124447
311 567 32 45 0.121041
720 297 61 69 0.120094
293 291 22 29 0.119735
