illumination/illumination_00349
121
331 246 44 61 1
936 291 46 56 0.999991
-2 331 50 80 0.999563
325 357 40 46 0.999005
81 362 39 50 0.996464
18 401 61 87 0.890253
177 205 39 42 0.802663
185 339 22 29 0.768525
251 291 50 61 0.752827
340 424 87 142 0.705962
829 397 90 136 0.705127
157 114 27 31 0.697449
256 56 58 75 0.661555
469 -4 84 120 0.656732
235 59 50 62 0.635023
647 371 27 31 0.626469
494 483 39 44 0.574329
487 493 33 39 0.568823
537 283 41 48 0.557084
229 143 21 29 0.55075
390 310 27 31 0.546572
298 10 20 24 0.544217
660 225 26 33 0.543405
579 324 50 69 0.533408
876 619 44 49 0.531332
970 533 31 42 0.521841
163 302 44 50 0.517961
710 579 19 28 0.517953
883 371 42 59 0.514376
822 213 35 50 0.514062
422 508 44 55 0.508775
462 219 25 33 0.505009
229 84 77 77 0.50211
138 300 32 35 0.49474
436 458 58 84 0.489647
550 202 48 66 0.475805
628 325 25 37 0.46652
148 332 39 50 0.457042
975 499 19 32 0.454449
959 479 21 26 0.437892
428 67 57 69 0.430979
53 280 25 30 0.424107
524 480 23 29 0.422271
427 531 38 51 0.418282
34 465 21 35 0.406658
140 321 23 26 0.384719
457 272 21 31 0.381679
446 304 29 34 0.377948
632 305 33 38 0.377013
738 500 28 35 0.37387
416 335 39 48 0.343771
201 364 49 73 0.342827
232 340 28 32 0.339713
810 419 42 57 0.320126
610 623 26 40 0.320097
173 545 20 25 0.311774
458 255 20 28 0.311175
454 260 20 34 0.305165
949 383 24 30 0.304812
234 404 34 47 0.293635
644 205 22 28 0.281761
461 241 19 24 0.280167
774 647 19 26 0.276941
315 531 36 44 0.274001
214 62 57 62 0.259359
57 318 26 31 0.25863
283 295 40 43 0.255342
402 297 47 56 0.250954
222 630 48 59 0.245936
498 211 32 42 0.244084
519 514 21 28 0.240946
713 331 30 45 0.240689
997 614 16 19 0.239276
582 598 25 36 0.236056
166 117 27 31 0.231053
232 470 25 34 0.22426
391 281 30 37 0.217948
145 522 23 29 0.210961
69 321 21 28 0.209181
394 333 28 32 0.208392
139 568 18 21 0.208169
944 479 22 26 0.207257
574 453 24 32 0.197809
446 271 24 32 0.191591
888 568 44 56 0.190648
485 221 36 47 0.187341
610 492 23 35 0.183028
412 148 40 58 0.182811
985 467 33 45 0.181481
704 306 28 41 0.175201
971 213 34 53 0.174943
176 483 16 21 0.169768
188 647 20 29 0.163066
171 23 22 24 0.162431
408 506 37 58 0.160851
698 577 20 25 0.155689
454 216 21 32 0.155475
772 574 29 43 0.153552
602 526 47 78 0.147186
760 527 29 40 0.14565
505 523 30 35 0.142616
14 656 31 36 0.139858
315 465 24 39 0.139693
514 415 36 46 0.136025
7 170 29 32 0.135363
562 365 22 29 0.13397
338 63 59 71 0.128916
419 357 63 87 0.128614
980 528 44 57 0.125045
625 506 25 38 0.12311
574 483 35 49 0.122206
958 585 42 59 0.122178
514 512 19 26 0.112683
721 324 30 46 0.111102
953 648 35 41 0.110043
1002 584 18 25 0.109384
16 624 28 32 0.107388
599 50 40 52 0.106938
804 541 95 137 0.103851
939 329 40 54 0.102339
591 295 39 46 0.102039
