illumination/illumination_00142
70
332 180 33 41 0.999958
474 178 31 46 0.999952
726 205 23 28 0.999941
575 192 22 28 0.997581
652 220 28 36 0.993814
372 194 41 47 0.972645
814 144 33 41 0.948384
160 136 32 41 0.936969
240 209 34 48 0.653167
382 208 40 51 0.609238
562 346 28 45 0.57186
449 215 34 43 0.569751
396 220 38 44 0.553457
322 178 22 27 0.538775
212 534 22 28 0.510868
771 243 40 53 0.496256
57 -4 24 28 0.486775
677 330 42 58 0.467824
414 303 19 26 0.45113
408 366 35 53 0.415612
414 334 16 23 0.397069
234 229 61 81 0.347325
419 345 27 40 0.343655
339 304 77 96 0.342094
265 60 33 43 0.330274
747 204 23 27 0.330143
272 36 44 59 0.307506
548 205 38 53 0.300403
164 153 47 59 0.298865
505 381 24 29 0.289349
718 379 28 35 0.284438
801 146 34 49 0.278118
727 363 20 28 0.254623
253 628 20 24 0.235694
756 296 27 33 0.228044
662 254 22 27 0.215892
275 6 41 60 0.190307
784 411 23 28 0.185233
708 264 26 33 0.184888
407 285 20 26 0.173217
780 386 24 31 0.170003
598 103 36 43 0.167496
141 405 37 51 0.165499
721 266 32 38 0.165239
466 389 30 38 0.163156
180 98 19 21 0.159087
509 257 30 37 0.158605
508 390 28 40 0.147987
707 397 26 35 0.147681
214 519 22 28 0.142416
649 199 36 43 0.140625
676 301 32 46 0.140188
550 382 33 51 0.140019
468 408 38 51 0.137951
690 78 63 76 0.137601
335 246 20 25 0.126931
363 236 22 27 0.126518
179 144 40 58 0.125057
774 315 29 35 0.123012
355 125 44 55 0.12277
865 144 17 21 0.121235
188 201 25 34 0.118845
602 303 26 31 0.117418
693 263 27 34 0.113165
316 436 67 107 0.112375
422 334 20 29 0.107939
667 228 22 29 0.107827
271 163 31 41 0.106631
108 -2 28 34 0.106005
33 143 30 39 0.10092
