illumination/illumination_00711
32
653 209 105 135 0.999996
357 260 63 86 0.999988
134 234 111 138 0.993142
375 348 26 31 0.73564
793 270 24 29 0.680412
977 216 47 58 0.679041
68 357 35 48 0.554254
83 279 38 45 0.546722
49 295 18 27 0.395466
112 257 98 143 0.381023
361 364 146 190 0.367464
74 283 28 29 0.362803
683 30 171 191 0.356819
264 314 21 25 0.331233
671 4 33 48 0.32332
223 304 33 46 0.274712
51 336 22 28 0.265313
94 334 21 28 0.234072
48 206 21 25 0.221464
297 58 24 31 0.184606
756 249 34 45 0.146584
224 537 33 43 0.143091
82 236 36 46 0.138176
26 207 21 29 0.136865
965 125 58 70 0.121081
220 469 28 40 0.119988
310 290 19 24 0.112817
332 106 25 33 0.108955
5 312 13 17 0.103828
786 321 78 92 0.102788
623 392 23 28 0.102469
477 122 25 31 0.100165
