illumination/illumination_00714
21
542 243 78 106 0.923379
516 523 42 44 0.496782
502 474 27 31 0.414069
245 480 33 46 0.348521
510 469 26 29 0.319125
524 469 25 26 0.259034
170 411 46 58 0.238146
825 536 42 44 0.231027
200 371 36 43 0.215973
914 395 34 44 0.190568
112 443 50 63 0.16103
940 374 33 42 0.160234
960 373 53 67 0.147372
51 453 33 42 0.146391
648 275 64 73 0.140358
201 422 31 41 0.139482
905 486 48 51 0.112589
170 357 39 46 0.10863
761 511 34 39 0.106787
862 528 44 48 0.102459
291 413 36 46 0.101366
