illumination/illumination_00703
22
887 389 36 52 0.472433
584 401 19 22 0.452079
411 366 23 29 0.405085
309 227 81 104 0.384374
782 467 34 42 0.38435
750 2 44 48 0.373831
408 253 42 52 0.370144
873 114 45 51 0.344782
598 310 30 35 0.337291
423 237 21 29 0.31438
619 94 59 65 0.276953
701 54 43 46 0.224944
273 410 26 37 0.182212
340 434 111 152 0.147418
58 44 24 31 0.145856
903 383 73 107 0.1446
862 407 35 48 0.140304
341 378 30 51 0.133123
551 77 40 39 0.127293
276 473 51 72 0.122554
475 334 32 44 0.106048
612 27 44 47 0.103308
