illumination/illumination_00334
46
560 349 72 104 0.988855
572 313 78 117 0.962765
919 939 27 32 0.912466
511 337 56 83 0.758023
194 272 192 232 0.7536
448 871 28 31 0.671109
870 46 57 79 0.603489
676 420 31 35 0.569546
345 1101 104 134 0.494261
418 50 31 44 0.48801
418 398 34 48 0.410684
646 265 35 43 0.381556
666 422 30 39 0.368683
606 574 26 34 0.359025
80 199 92 111 0.354085
515 558 43 49 0.342852
604 367 74 109 0.328801
964 1039 30 34 0.303808
53 648 42 50 0.284939
204 658 41 47 0.276484
854 580 58 61 0.265565
176 815 37 40 0.227518
884 930 28 33 0.226082
124 379 64 90 0.219766
411 118 39 64 0.213259
953 1038 31 35 0.206086
636 268 29 37 0.200509
858 770 33 35 0.198698
883 416 27 39 0.194984
390 1057 27 34 0.172246
312 538 47 51 0.168912
844 448 28 39 0.156641
486 552 40 49 0.14739
766 514 48 63 0.141252
946 597 44 51 0.140261
847 376 53 62 0.13954
677 572 38 39 0.129709
793 472 66 79 0.127451
417 88 31 46 0.121419
492 385 44 60 0.120637
675 314 75 104 0.118836
624 87 35 46 0.118282
980 1038 36 41 0.117785
409 712 85 96 0.112583
582 352 71 128 0.102558
530 549 66 72 0.101227
