illumination/illumination_00152
37
136 200 40 49 0.981709
38 137 43 53 0.807349
150 13 263 293 0.773073
435 196 86 126 0.660354
595 234 55 70 0.594568
312 373 45 59 0.566081
743 289 36 46 0.539681
550 101 58 69 0.515789
586 339 31 38 0.471812
24 82 33 40 0.40547
682 133 118 139 0.379358
536 250 100 114 0.376465
224 227 134 162 0.369308
421 245 28 35 0.351491
735 327 50 60 0.318336
747 251 28 36 0.31678
71 217 40 47 0.312901
154 294 100 110 0.285462
488 166 140 163 0.253784
83 252 26 34 0.250981
71 108 97 114 0.244546
957 367 58 75 0.244402
801 115 194 236 0.221195
65 286 67 96 0.214908
924 357 67 74 0.19048
207 327 74 92 0.17795
387 592 45 56 0.16807
692 327 44 50 0.153898
161 276 46 55 0.151352
305 513 107 140 0.122781
69 66 29 36 0.122352
61 226 29 34 0.119269
738 352 110 123 0.116481
509 333 29 36 0.113831
869 349 40 50 0.108914
781 165 40 50 0.105617
93 80 78 91 0.102101
