illumination/illumination_00590
186
394 274 47 59 0.999988
421 127 27 32 0.910918
637 264 32 44 0.869522
956 499 22 31 0.860611
723 557 23 31 0.846642
741 469 20 23 0.835546
857 126 28 33 0.77971
637 163 28 34 0.766263
642 10 26 34 0.759261
818 422 44 47 0.748161
772 34 49 54 0.681681
635 221 36 49 0.671336
947 496 23 33 0.662822
761 359 23 30 0.660237
715 40 52 61 0.633286
944 394 42 49 0.611265
875 209 38 49 0.597729
872 519 21 26 0.590757
335 249 32 41 0.574592
637 100 34 45 0.567037
992 426 22 30 0.564643
269 220 25 32 0.562888
54 322 18 21 0.546446
639 289 23 34 0.544558
991 560 21 27 0.534529
639 305 29 43 0.532842
888 374 20 26 0.529617
561 553 25 40 0.519442
233 325 48 67 0.51926
704 147 80 96 0.517135
693 188 53 70 0.486286
452 343 25 30 0.484399
572 635 16 21 0.481702
634 185 32 42 0.479956
482 271 25 33 0.477717
926 416 25 29 0.474755
960 239 48 56 0.465244
806 -23 91 103 0.458873
840 198 31 41 0.456309
81 314 23 31 0.451345
970 348 23 28 0.449059
764 448 25 26 0.448661
671 266 20 30 0.445046
472 164 16 22 0.441965
670 255 20 30 0.433152
811 441 21 23 0.426749
934 178 33 39 0.422546
920 497 36 43 0.413151
809 152 51 63 0.411348
943 188 34 41 0.399716
366 590 26 33 0.389661
680 21 22 23 0.386284
790 457 24 26 0.384478
646 370 22 28 0.383401
972 218 26 32 0.369279
925 560 37 44 0.368094
148 261 28 32 0.365612
969 625 31 41 0.361084
313 637 28 35 0.359293
643 83 25 35 0.356317
264 344 27 34 0.348416
946 648 25 31 0.34423
956 458 25 33 0.344058
822 409 25 28 0.334716
702 280 33 44 0.332539
930 404 25 33 0.31781
737 276 43 54 0.316459
698 379 27 34 0.315898
100 285 41 47 0.315276
641 -2 25 33 0.309752
844 460 28 34 0.307463
677 326 18 25 0.29042
284 249 31 38 0.285599
940 644 25 30 0.281266
617 188 26 36 0.278871
418 518 36 46 0.277934
670 307 20 29 0.276625
605 472 22 23 0.275664
568 174 38 44 0.27175
620 199 29 42 0.26491
230 481 20 26 0.264605
467 190 23 29 0.263429
608 528 21 26 0.261408
645 180 27 37 0.261388
841 258 25 29 0.257854
889 164 28 30 0.25515
585 86 61 78 0.253531
728 339 16 22 0.252831
201 282 25 30 0.250403
3 324 24 30 0.249202
900 206 24 32 0.248574
440 275 17 22 0.248538
484 322 26 34 0.248376
496 241 16 23 0.247531
640 48 27 35 0.246432
241 235 47 54 0.246229
436 492 25 30 0.245877
889 -1 29 36 0.239435
985 595 25 33 0.239145
641 207 30 47 0.236869
960 434 22 31 0.236775
657 18 23 32 0.235388
786 303 25 33 0.234606
281 490 28 32 0.225514
913 227 79 97 0.224014
732 536 30 40 0.222163
601 250 36 45 0.216399
531 110 58 71 0.213865
561 314 21 30 0.212723
197 320 25 34 0.212594
926 583 35 43 0.210846
433 408 41 51 0.206303
303 249 29 34 0.200955
252 311 21 32 0.198938
791 397 32 46 0.19786
974 21 23 26 0.197058
691 513 21 33 0.191109
479 350 25 28 0.190739
756 444 23 24 0.185089
558 444 29 34 0.18322
668 62 68 78 0.179221
355 382 26 31 0.178034
180 533 33 42 0.175026
606 385 26 26 0.174541
633 561 48 54 0.173372
784 344 23 25 0.172766
500 482 24 37 0.17226
711 265 30 38 0.170047
725 304 28 40 0.166866
807 453 20 22 0.166602
655 30 24 35 0.165602
592 257 25 31 0.161758
641 245 28 39 0.158523
504 361 25 36 0.158317
917 456 18 22 0.157233
840 428 37 42 0.154128
256 492 31 39 0.15392
982 436 22 29 0.153854
1001 640 20 27 0.153409
348 489 56 66 0.152912
673 387 22 25 0.152732
892 228 34 44 0.152644
843 598 24 31 0.14831
64 319 23 27 0.146745
880 159 25 31 0.146271
680 208 32 38 0.144723
668 370 26 31 0.144372
468 165 16 22 0.143912
182 354 21 25 0.141569
819 574 28 29 0.141448
791 218 16 21 0.140981
893 284 29 38 0.140888
325 222 36 43 0.14029
602 658 17 23 0.135354
607 362 25 30 0.134672
861 428 27 29 0.133107
883 387 39 45 0.132994
758 234 27 37 0.132008
647 335 22 33 0.131015
601 426 28 32 0.129321
553 384 21 25 0.129079
958 487 23 33 0.128591
141 291 42 53 0.125415
928 446 42 50 0.125383
503 127 21 31 0.123326
288 300 24 30 0.122457
811 267 54 63 0.121779
647 128 25 34 0.121174
323 535 21 28 0.120621
851 363 20 26 0.114938
677 363 19 25 0.112734
687 432 21 26 0.112103
713 410 29 31 0.11081
720 413 28 33 0.107968
324 279 36 47 0.107279
721 289 27 35 0.107176
513 262 18 27 0.10714
992 640 19 25 0.106248
606 458 19 24 0.105128
546 312 22 32 0.103937
909 328 27 33 0.102758
907 459 24 29 0.102567
545 367 20 24 0.102392
734 383 18 24 0.101818
581 362 24 34 0.101025
646 615 31 36 0.100664
