illumination/illumination_00581
20
515 108 220 278 0.994787
300 498 86 102 0.628684
161 325 205 261 0.615306
862 380 151 179 0.556642
757 246 139 206 0.450682
552 60 26 31 0.433581
358 502 43 48 0.414852
807 183 61 80 0.400917
63 144 194 220 0.35615
776 401 175 202 0.354257
435 493 77 105 0.32534
884 171 88 109 0.258934
454 536 75 96 0.20062
519 511 129 151 0.191845
806 217 157 230 0.155261
721 462 20 27 0.147911
315 578 32 43 0.122336
653 66 26 33 0.117002
344 421 54 65 0.110275
676 481 184 206 0.10082
