illumination/illumination_00350
31
256 182 149 215 0.998748
276 437 26 33 0.826452
225 215 36 42 0.767049
205 393 62 66 0.759477
385 156 46 59 0.713699
274 108 24 26 0.571011
316 113 31 34 0.557498
612 134 53 62 0.499239
340 154 29 36 0.489116
273 145 37 52 0.418217
959 506 25 30 0.404903
714 218 23 31 0.382236
225 229 31 42 0.36916
298 129 29 30 0.3475
240 254 33 44 0.322909
256 418 37 43 0.322794
363 149 34 42 0.250994
179 374 31 33 0.227202
638 173 41 49 0.22071
585 162 59 72 0.194193
217 90 34 42 0.192111
306 141 23 23 0.188385
642 134 36 42 0.175752
664 174 35 41 0.174834
68 486 56 70 0.159969
311 123 31 33 0.158459
224 253 28 34 0.154602
294 103 19 20 0.153103
338 139 26 29 0.104467
630 110 28 31 0.104098
243 98 19 23 0.102883
