illumination/illumination_00760
56
219 335 23 33 0.999986
280 452 24 30 0.914109
643 -5 75 86 0.854497
0 217 38 47 0.848196
458 227 30 38 0.811085
372 273 28 32 0.718817
885 256 50 55 0.690103
978 319 16 22 0.669459
798 277 21 23 0.631541
508 -3 24 31 0.545495
615 216 29 38 0.535069
1 445 21 27 0.527656
447 74 47 53 0.522162
519 31 29 36 0.435518
425 159 40 53 0.433477
725 323 19 25 0.416681
792 314 20 28 0.406134
7 350 20 26 0.381974
284 519 22 32 0.371878
963 387 17 20 0.36432
12 429 39 59 0.338055
289 358 34 53 0.332235
586 301 33 38 0.31394
705 289 27 31 0.30177
277 284 33 48 0.295408
488 312 20 23 0.273357
217 257 56 70 0.269054
992 501 29 46 0.2578
392 270 31 34 0.255069
404 2 55 72 0.244534
698 340 24 28 0.239078
282 529 24 35 0.228109
228 373 27 33 0.218692
504 37 24 29 0.218488
741 319 14 19 0.212534
584 320 25 28 0.211493
282 418 23 35 0.205236
877 431 39 43 0.204223
971 246 25 30 0.193876
103 131 31 40 0.192328
30 379 30 41 0.191576
156 328 21 28 0.184367
168 315 23 28 0.183371
971 315 18 25 0.181517
648 220 28 33 0.162944
848 294 25 30 0.152486
743 418 20 25 0.134946
307 603 26 34 0.130536
424 111 19 26 0.121756
279 467 27 38 0.120821
229 630 23 28 0.119689
279 319 35 52 0.118595
732 135 24 27 0.10903
500 307 27 30 0.106466
932 552 66 91 0.106284
27 239 59 71 0.104748
