illumination/illumination_00082
66
708 143 54 69 0.992988
911 136 53 84 0.93466
292 163 40 53 0.912913
337 110 47 55 0.825619
474 203 31 48 0.785137
592 159 52 70 0.775024
359 93 44 45 0.648964
502 459 96 124 0.593494
275 310 18 21 0.54656
918 268 34 41 0.533165
282 314 51 58 0.529608
828 125 56 82 0.520233
531 162 35 42 0.516865
512 321 42 62 0.516244
349 98 26 31 0.507046
463 186 37 56 0.488446
321 313 35 43 0.454185
222 166 20 22 0.435256
519 355 43 63 0.429932
763 160 70 84 0.416865
44 462 33 41 0.397101
469 264 54 73 0.361598
446 149 35 47 0.349616
532 237 70 83 0.342475
432 118 33 38 0.337843
470 465 25 30 0.319766
488 183 40 51 0.298514
205 145 24 38 0.294643
462 456 27 33 0.280662
815 274 52 64 0.277323
874 333 33 38 0.2704
390 403 30 35 0.266932
64 321 21 26 0.266568
407 122 17 20 0.25435
241 253 49 56 0.25371
671 170 35 44 0.247385
143 215 32 39 0.239194
0 6 29 30 0.235291
309 275 25 31 0.229117
957 138 26 28 0.227168
780 263 57 77 0.225971
282 449 33 40 0.2188
423 453 31 35 0.215186
387 480 31 44 0.215081
418 487 27 30 0.211395
835 185 35 44 0.210695
407 200 45 56 0.204288
41 44 21 25 0.186684
228 266 49 64 0.18218
905 204 37 47 0.181318
779 341 50 58 0.180944
7 134 21 29 0.172583
197 163 31 47 0.161687
214 185 38 44 0.160486
305 449 46 62 0.160066
526 399 47 69 0.157952
423 533 24 29 0.150408
787 445 28 36 0.148995
475 421 19 27 0.139653
892 94 33 40 0.12319
975 511 39 41 0.122063
430 461 31 36 0.119726
379 417 32 43 0.111533
628 91 39 46 0.107805
283 397 26 30 0.106006
378 117 35 46 0.10532
