illumination/illumination_00070
27
937 359 41 49 0.840945
275 410 63 86 0.593414
98 465 61 76 0.521817
867 139 62 67 0.487398
743 430 39 42 0.463293
39 368 31 36 0.419835
360 336 48 65 0.382466
944 165 33 40 0.371596
886 445 27 34 0.356486
717 464 28 29 0.261194
179 341 21 26 0.251169
55 365 33 40 0.235754
485 141 58 94 0.205281
955 363 36 45 0.192977
676 462 28 28 0.192462
643 459 28 30 0.18387
830 544 16 20 0.178993
987 93 26 30 0.157475
94 375 53 58 0.155911
731 456 39 40 0.153324
245 271 36 55 0.148945
414 401 61 76 0.127523
582 522 30 47 0.11873
985 119 24 27 0.115079
146 370 19 26 0.111973
251 311 34 50 0.108732
862 367 47 56 0.104963
