illumination/illumination_00388
38
237 646 20 26 0.932786
211 583 24 31 0.750021
560 115 118 192 0.689341
344 280 491 558 0.667919
112 582 16 21 0.610408
217 434 22 29 0.606429
0 489 16 22 0.570326
505 99 84 113 0.534168
162 533 22 24 0.501252
205 597 43 59 0.465963
210 575 19 25 0.41166
124 604 24 31 0.386395
477 88 31 40 0.386335
935 612 17 22 0.370606
315 565 26 38 0.366812
67 654 15 19 0.287115
101 502 19 24 0.278968
197 641 17 23 0.27621
85 557 26 34 0.271364
113 641 22 27 0.252791
54 616 21 26 0.216932
72 544 23 30 0.214684
268 613 25 33 0.209698
193 637 18 24 0.203665
10 471 22 29 0.201366
137 566 20 26 0.183916
618 79 38 55 0.175571
13 656 19 24 0.172538
15 505 18 22 0.171594
16 538 22 27 0.169016
16 528 22 25 0.166329
310 550 29 42 0.150993
109 467 26 32 0.139344
205 515 18 27 0.1342
225 526 39 44 0.129543
38 518 20 22 0.126362
211 568 18 24 0.112551
515 76 36 47 0.102188
