illumination/illumination_00601
37
973 314 23 30 0.448058
506 355 18 25 0.440295
528 387 22 26 0.370672
221 229 20 25 0.348061
212 301 19 25 0.299472
33 207 25 31 0.292973
88 23 56 63 0.286015
518 540 22 28 0.271512
558 324 22 27 0.265887
152 287 19 24 0.248515
531 257 36 42 0.231777
66 283 22 27 0.221557
819 159 55 62 0.214896
569 275 25 28 0.210767
530 399 19 24 0.205488
84 218 26 32 0.187813
227 309 20 26 0.168466
187 357 21 27 0.166103
970 308 19 26 0.156622
430 548 24 30 0.154507
529 378 23 28 0.154336
38 253 23 28 0.153507
238 214 48 54 0.150224
142 286 23 28 0.143441
518 212 28 34 0.131708
259 373 20 25 0.13114
554 212 22 29 0.130667
13 181 23 28 0.125515
526 277 22 27 0.122389
160 464 23 26 0.120371
514 353 29 36 0.11925
512 263 20 25 0.119101
30 187 22 29 0.116647
81 284 20 24 0.115419
588 463 24 26 0.11139
272 460 26 30 0.104083
569 457 29 33 0.1004
