illumination/illumination_00615
55
69 85 24 26 0.906639
210 43 25 29 0.860655
972 390 16 23 0.792629
890 569 30 38 0.787242
982 566 15 20 0.720399
795 484 25 27 0.710553
958 360 17 22 0.69644
444 122 45 48 0.616414
965 358 17 26 0.598069
56 89 23 25 0.566325
611 395 17 27 0.531534
940 642 25 29 0.52038
87 71 30 33 0.508384
303 608 21 29 0.474218
975 588 22 27 0.444426
635 297 31 35 0.417069
925 601 16 19 0.392646
339 100 20 23 0.391478
508 365 26 35 0.375468
50 446 31 44 0.362554
834 417 42 51 0.339694
100 68 26 30 0.303399
272 65 27 30 0.293464
679 625 24 28 0.280776
989 456 33 39 0.271642
426 583 17 26 0.267995
452 569 15 18 0.267408
881 552 36 45 0.265019
979 451 28 33 0.25276
1002 677 19 23 0.242704
479 458 41 42 0.23754
986 147 30 38 0.235315
134 47 22 26 0.226511
943 657 27 36 0.198615
930 619 20 25 0.196705
455 577 20 25 0.175869
8 111 24 25 0.175082
377 118 23 25 0.172058
19 100 64 69 0.166259
659 543 25 39 0.160884
416 503 16 23 0.156655
495 171 47 62 0.155583
452 531 22 32 0.153831
961 701 25 27 0.146419
0 491 19 24 0.14554
598 390 24 32 0.137504
371 537 25 33 0.13662
277 579 18 22 0.134927
118 52 29 35 0.124178
932 686 29 33 0.118494
504 443 145 188 0.112773
11 406 37 51 0.110159
661 391 37 38 0.10933
846 679 43 48 0.103738
995 620 17 27 0.101562
