illumination/illumination_00554
72
298 141 41 54 0.999956
535 143 35 50 0.999765
665 496 26 42 0.758945
538 291 23 32 0.602861
854 122 29 37 0.549503
514 151 30 37 0.498701
267 120 29 35 0.464605
427 274 32 41 0.461743
232 126 23 28 0.429554
492 270 53 62 0.417254
697 403 33 43 0.394784
702 392 35 45 0.387124
613 314 28 34 0.382199
444 251 25 28 0.371441
703 328 21 24 0.350281
438 236 18 20 0.349986
387 543 22 29 0.328337
738 157 26 30 0.32254
667 400 39 51 0.319223
739 335 23 28 0.317631
838 321 68 75 0.31122
640 249 18 25 0.298258
265 189 20 27 0.293477
692 121 25 32 0.281233
268 250 24 30 0.270777
575 62 34 42 0.258887
400 272 44 55 0.258357
845 129 17 21 0.255959
765 395 34 40 0.241793
765 204 41 48 0.233946
632 338 43 53 0.22957
717 385 25 30 0.220611
815 368 72 93 0.220185
450 388 19 21 0.219789
650 137 31 42 0.215549
672 371 32 36 0.209001
389 173 22 32 0.204365
523 145 35 46 0.202962
383 502 21 25 0.194934
401 516 53 62 0.187358
268 267 22 27 0.186954
233 288 20 24 0.182361
563 81 30 33 0.180864
778 380 22 23 0.180669
584 237 18 28 0.177098
440 318 29 33 0.175518
256 216 38 49 0.173837
715 398 28 42 0.163089
513 256 22 30 0.162947
587 268 18 25 0.162216
614 258 17 24 0.161855
890 102 28 33 0.152272
398 404 24 30 0.151229
476 375 34 46 0.14819
551 96 28 36 0.142967
902 356 22 26 0.142335
389 129 21 33 0.142134
328 251 32 40 0.129221
116 375 61 70 0.126926
629 208 23 28 0.122275
805 107 26 31 0.121357
283 567 35 44 0.120842
622 305 33 41 0.119824
658 215 56 70 0.119607
711 322 26 29 0.111007
461 483 23 30 0.107767
605 174 23 26 0.10491
938 109 44 57 0.102324
130 610 23 33 0.100857
626 287 30 36 0.100843
501 474 28 34 0.10064
533 448 23 29 0.10048
