illumination/illumination_00555
78
239 233 14 17 0.999981
436 234 14 18 0.997634
492 239 14 19 0.993604
488 151 34 34 0.993129
94 270 13 18 0.945692
944 252 18 21 0.852711
412 322 21 29 0.788471
58 77 23 29 0.742855
803 493 26 30 0.731263
215 379 28 36 0.724856
312 114 64 76 0.722373
114 270 38 45 0.67642
523 393 26 26 0.661646
69 139 22 28 0.556467
141 -2 27 35 0.550177
929 239 23 31 0.530348
2 142 25 31 0.477807
202 367 20 24 0.477101
11 50 36 50 0.405326
184 372 27 31 0.393694
414 334 23 32 0.393643
47 143 20 27 0.370883
466 411 26 29 0.363455
995 398 21 26 0.333019
256 233 33 39 0.332347
67 117 19 25 0.332046
366 178 29 34 0.331729
935 254 20 22 0.328372
331 317 26 30 0.326723
196 3 88 113 0.310143
502 545 25 28 0.302358
770 42 19 24 0.295237
481 123 29 30 0.2918
919 225 23 26 0.283036
994 297 23 32 0.278993
412 388 18 28 0.271296
978 523 27 30 0.258171
15 142 23 30 0.241591
516 148 74 83 0.234266
197 372 20 25 0.233131
480 551 24 27 0.223766
429 179 26 30 0.218442
261 210 14 18 0.215815
467 584 32 36 0.212539
459 288 19 33 0.212255
43 116 21 27 0.202999
343 309 35 40 0.201036
430 298 22 27 0.195826
150 17 28 35 0.192407
5 94 30 38 0.182893
861 563 27 29 0.180727
647 382 27 32 0.173256
967 524 27 31 0.166786
555 378 22 31 0.165993
120 367 13 16 0.165615
702 573 27 29 0.164986
583 160 40 47 0.164555
576 456 21 26 0.15972
74 359 17 26 0.149364
78 74 27 35 0.146663
171 8 52 80 0.144677
780 81 21 26 0.14302
245 558 27 30 0.141754
169 313 24 27 0.140864
58 116 22 28 0.140516
445 551 20 24 0.137286
251 150 13 17 0.1372
720 536 27 29 0.128194
147 91 27 38 0.126968
282 594 27 30 0.126661
547 549 25 28 0.12623
951 220 15 18 0.123076
612 539 25 28 0.11931
776 535 24 27 0.114821
763 49 18 23 0.114393
96 408 17 21 0.113569
683 496 29 32 0.111253
593 429 27 33 0.102339
