illumination/illumination_00770
29
350 303 407 535 0.999663
759 1107 56 65 0.979717
471 890 232 291 0.774087
146 782 32 42 0.644729
147 1128 32 42 0.398537
750 752 97 119 0.380225
316 1324 38 46 0.367174
102 251 66 78 0.32653
826 971 28 35 0.324202
283 1021 97 119 0.30516
163 1142 40 52 0.221714
149 755 24 29 0.221393
169 713 31 39 0.220074
178 831 31 44 0.210086
273 1285 47 60 0.208413
301 1048 95 128 0.173992
239 1260 28 37 0.171495
123 779 44 53 0.155114
522 814 136 189 0.149969
4 1109 30 37 0.14108
15 747 28 35 0.140299
334 938 27 38 0.139481
131 742 29 34 0.127128
141 1001 46 63 0.117632
344 1399 18 23 0.113992
158 1114 44 57 0.108848
248 1330 32 39 0.104522
333 1330 48 58 0.104338
118 744 32 41 0.10424
