illumination/illumination_00747
64
824 456 58 64 0.840748
444 261 111 161 0.83224
339 524 49 61 0.703904
919 527 78 98 0.654968
864 516 31 40 0.638425
351 394 100 120 0.63194
782 497 68 81 0.607996
750 498 42 51 0.596784
470 647 29 38 0.482403
824 524 62 75 0.455478
44 502 52 66 0.454452
147 566 52 66 0.443023
315 518 53 64 0.442901
5 518 50 60 0.431306
484 628 23 24 0.421251
871 442 73 85 0.404547
159 517 43 54 0.400263
939 608 30 41 0.393631
270 541 32 42 0.390558
264 562 38 46 0.366566
488 638 19 22 0.361452
188 606 41 52 0.35931
103 575 33 43 0.356296
377 606 57 68 0.355794
294 406 77 94 0.352392
287 622 35 44 0.343029
462 608 26 29 0.334743
913 429 100 112 0.334549
205 402 76 90 0.325442
757 586 31 44 0.324231
415 611 44 59 0.314783
560 503 23 30 0.306291
526 473 28 38 0.304165
79 506 42 51 0.299751
497 565 27 32 0.298743
24 456 58 73 0.295605
241 618 50 59 0.277063
300 566 53 66 0.268202
72 563 31 40 0.261145
342 634 32 42 0.244063
34 622 37 44 0.235796
509 620 28 34 0.230181
268 480 52 66 0.229884
128 585 44 55 0.226677
266 604 35 43 0.216405
538 580 31 40 0.2026
798 633 37 47 0.197413
885 538 62 72 0.194099
33 560 33 41 0.18622
215 536 41 52 0.148325
841 604 39 49 0.141721
502 556 30 34 0.134648
60 490 50 59 0.125365
464 634 26 27 0.125242
806 495 74 85 0.122437
378 547 42 52 0.119624
752 530 43 56 0.111871
253 419 49 60 0.110541
512 600 25 31 0.107876
245 528 40 50 0.107825
814 633 35 45 0.107116
580 483 25 31 0.106901
165 614 42 56 0.103601
61 603 39 53 0.102734
