illumination/illumination_00146
91
478 95 49 65 0.84858
227 361 39 50 0.83162
806 589 35 40 0.767287
857 365 29 34 0.762809
480 577 30 36 0.640762
975 326 30 38 0.602154
604 340 20 25 0.528772
598 334 21 24 0.51141
977 349 31 43 0.502818
845 506 34 47 0.498028
257 612 71 75 0.496275
208 472 35 42 0.490601
632 332 20 26 0.483055
642 474 52 62 0.478529
667 328 27 31 0.45842
747 478 40 48 0.450263
926 425 25 33 0.443998
130 425 45 60 0.442158
760 431 28 39 0.441234
928 389 31 44 0.433571
200 372 29 35 0.428062
705 368 43 54 0.424645
503 423 35 51 0.409316
698 335 53 67 0.408758
507 367 22 34 0.407016
11 328 23 29 0.399223
279 533 43 54 0.394046
695 478 51 61 0.385589
715 394 38 47 0.370298
865 527 22 27 0.346294
33 321 39 49 0.338493
698 414 27 38 0.337117
820 577 43 49 0.33476
969 505 41 50 0.327265
952 327 25 33 0.324972
775 475 38 47 0.322037
623 420 21 30 0.315266
913 511 38 47 0.313662
878 335 50 65 0.311251
896 532 24 30 0.303552
501 523 34 43 0.302937
625 329 17 22 0.296642
98 408 32 43 0.29096
108 329 45 56 0.28482
891 324 49 63 0.26811
850 472 29 35 0.267663
412 340 14 19 0.264321
866 537 28 35 0.263944
768 347 19 25 0.261532
493 575 29 32 0.260855
973 478 35 45 0.259865
991 344 23 28 0.256878
62 573 36 47 0.250953
217 329 25 29 0.249926
946 401 23 33 0.239804
318 646 20 25 0.238107
383 339 24 28 0.235591
965 455 39 52 0.23113
837 338 24 32 0.230893
299 327 25 29 0.225917
758 399 34 45 0.217831
750 565 49 57 0.216007
293 592 59 70 0.210755
396 455 58 75 0.209617
676 408 34 45 0.207088
910 388 25 35 0.206431
504 454 34 42 0.197475
478 524 28 39 0.19095
924 337 28 35 0.187315
145 440 42 55 0.18631
638 399 39 54 0.164392
214 371 28 34 0.163453
779 513 33 42 0.161563
873 586 56 63 0.153328
754 371 37 47 0.149876
934 378 25 33 0.147189
950 530 23 27 0.146689
725 365 39 53 0.135064
649 365 27 34 0.130647
406 369 30 39 0.130505
889 538 22 26 0.12904
386 521 35 47 0.127842
641 370 29 36 0.126901
801 366 72 90 0.124557
743 501 33 43 0.117527
360 541 28 34 0.113325
944 493 33 43 0.113248
249 334 30 36 0.110437
604 475 47 58 0.109698
218 618 41 46 0.1089
304 439 31 36 0.105999
