illumination/illumination_00365
28
370 310 23 31 0.99992
153 287 27 33 0.999772
432 332 25 30 0.999766
569 328 29 34 0.99933
497 322 27 37 0.998766
249 279 29 38 0.997905
677 353 26 32 0.996238
116 302 25 26 0.899967
471 529 28 36 0.76752
392 511 31 37 0.525857
560 377 30 42 0.387145
287 361 26 31 0.376601
94 112 36 40 0.31489
190 110 28 39 0.226155
799 285 28 41 0.22037
372 347 24 30 0.217179
445 411 23 34 0.214664
464 325 25 33 0.203
725 238 31 40 0.162391
688 422 34 48 0.154885
609 315 26 44 0.141274
490 549 37 48 0.13959
202 268 24 34 0.137467
25 502 51 54 0.124146
722 401 23 31 0.123456
304 395 31 45 0.115682
723 413 24 31 0.115335
593 367 34 45 0.108773
