illumination/illumination_00761
35
659 283 28 31 0.820271
749 152 89 105 0.806637
362 291 19 21 0.722398
579 337 39 46 0.6391
550 325 23 29 0.581232
601 306 19 26 0.557774
692 169 38 44 0.548514
265 374 28 31 0.420197
249 232 30 35 0.418146
423 408 21 25 0.379143
696 230 174 203 0.335923
550 271 24 31 0.307102
124 257 29 37 0.290095
563 272 34 45 0.289542
199 411 29 37 0.281531
655 252 30 33 0.27731
341 427 29 33 0.259889
609 268 22 27 0.232799
292 237 20 25 0.221402
436 121 96 110 0.215282
358 500 51 64 0.211003
550 315 20 27 0.205607
744 371 150 208 0.192786
472 285 19 25 0.190163
326 208 29 36 0.177896
601 337 36 41 0.17663
307 326 19 22 0.15993
234 380 55 76 0.156161
275 372 27 31 0.145009
490 302 17 20 0.144125
432 238 22 30 0.134393
704 103 16 19 0.13053
431 274 20 26 0.123165
111 266 36 53 0.110333
500 272 17 21 0.100478
