illumination/illumination_00358
108
249 637 89 110 0.999996
886 725 89 112 0.999994
578 315 84 107 0.999984
313 770 92 113 0.999871
577 736 89 107 0.999768
178 574 78 101 0.995985
18 763 96 118 0.993769
731 621 66 88 0.967062
294 505 72 95 0.960724
421 565 87 122 0.947504
200 579 99 122 0.927149
311 452 52 73 0.887444
752 536 62 69 0.848353
2 670 67 94 0.833185
737 542 49 59 0.80421
446 619 72 92 0.790269
882 466 109 164 0.767518
16 421 46 57 0.746581
809 420 70 89 0.716146
982 620 34 46 0.638284
4 379 34 41 0.593762
53 390 49 65 0.566904
788 532 49 61 0.5575
128 482 73 110 0.515399
333 414 44 51 0.495938
668 757 23 31 0.49152
2 557 25 31 0.486138
287 559 97 131 0.480412
194 547 59 69 0.462719
159 417 63 78 0.456738
161 596 49 64 0.44682
570 161 30 38 0.442514
945 555 69 95 0.43934
296 875 58 82 0.433966
66 990 24 28 0.385372
477 -1 58 69 0.384201
641 666 43 49 0.382748
598 664 71 90 0.372389
205 691 27 35 0.369901
665 528 49 77 0.363486
442 405 33 49 0.363078
678 736 90 109 0.361981
619 437 30 39 0.360102
632 461 28 36 0.349667
294 755 26 33 0.345003
777 617 40 51 0.344298
660 1 35 43 0.325621
147 853 57 83 0.306341
772 796 54 72 0.298052
169 936 42 60 0.290584
916 341 33 41 0.286245
318 740 62 72 0.275167
873 390 46 64 0.270636
643 566 27 34 0.249139
491 60 43 50 0.243561
742 907 72 91 0.239097
165 705 60 79 0.237366
453 50 55 61 0.237282
480 426 65 77 0.231295
967 874 38 47 0.219318
408 615 25 31 0.212912
447 531 33 41 0.21272
463 676 48 59 0.209786
982 529 21 29 0.209205
837 946 47 58 0.205482
110 918 36 46 0.200871
479 54 42 48 0.195914
913 235 33 39 0.194941
974 388 23 28 0.193844
683 925 68 79 0.188831
449 885 39 48 0.185042
473 715 28 36 0.182795
73 474 85 125 0.180092
752 240 30 47 0.173156
280 867 60 81 0.167429
407 527 20 26 0.164242
913 623 33 42 0.163068
805 479 66 82 0.160041
0 431 54 62 0.154977
868 632 27 35 0.151968
884 284 56 69 0.150543
111 742 62 94 0.145502
897 355 25 30 0.1415
848 677 27 35 0.140195
534 537 72 87 0.139651
864 496 34 51 0.137682
768 955 54 65 0.13544
729 573 66 83 0.134824
116 343 29 39 0.133063
982 810 26 34 0.132891
990 380 23 30 0.132218
779 674 34 43 0.12847
193 414 83 90 0.124619
588 835 96 119 0.12413
902 437 45 60 0.121663
0 809 32 47 0.118378
147 422 33 47 0.117267
368 399 45 62 0.116493
870 510 37 52 0.116056
969 459 29 37 0.114778
68 860 40 52 0.111033
565 218 45 61 0.110706
501 349 50 65 0.110233
324 535 93 141 0.109357
303 50 32 40 0.108352
426 756 93 134 0.104291
887 924 49 59 0.102882
942 907 41 49 0.10116
