illumination/illumination_00096
36
98 415 62 71 0.727479
460 9 52 57 0.720064
231 377 100 128 0.616817
942 156 19 23 0.583636
397 203 18 23 0.528233
686 194 73 85 0.527665
178 349 100 131 0.444087
357 164 30 39 0.431666
445 257 28 39 0.429302
498 409 70 86 0.376667
67 466 55 73 0.365998
646 89 24 31 0.336743
818 -4 23 30 0.320353
370 202 23 29 0.316069
800 7 22 31 0.310383
479 42 40 46 0.297077
804 53 34 48 0.295672
814 37 29 45 0.28147
649 406 23 26 0.2805
283 24 69 88 0.2676
734 532 22 29 0.222925
519 335 20 25 0.216165
579 14 41 46 0.212972
772 369 85 115 0.212383
391 427 31 36 0.195487
839 329 36 49 0.17885
89 533 29 37 0.177532
149 22 55 67 0.176316
213 459 125 150 0.15905
516 139 30 40 0.153212
274 7 51 57 0.144159
822 243 55 57 0.137967
617 8 24 28 0.129331
947 423 25 33 0.111045
791 82 28 39 0.110127
198 8 40 46 0.105446
