illumination/illumination_00749
25
677 141 43 51 0.999989
500 168 21 26 0.831894
481 128 46 54 0.730851
531 166 22 25 0.715534
704 121 57 75 0.603571
309 4 59 80 0.567665
749 196 38 62 0.554448
465 28 26 38 0.547387
488 17 39 54 0.4816
427 78 46 58 0.469922
536 95 29 36 0.438204
651 180 33 45 0.377917
844 195 33 45 0.330961
428 160 15 20 0.28394
402 310 21 25 0.254518
842 311 22 29 0.212609
729 424 42 49 0.208644
556 95 23 27 0.182589
339 253 24 30 0.169427
403 17 21 27 0.147355
536 310 40 50 0.139807
506 98 22 26 0.137961
340 190 19 21 0.119864
712 147 69 82 0.11548
833 192 24 30 0.108109
