illumination/illumination_00318
21
720 586 48 55 0.918593
381 185 42 60 0.879999
448 174 135 174 0.739375
608 64 53 62 0.59215
63 549 59 77 0.552949
668 588 76 79 0.520875
63 412 55 67 0.489531
766 547 15 19 0.405765
750 565 38 42 0.389217
381 160 31 45 0.363461
22 412 44 48 0.327983
158 481 35 43 0.324142
4 562 92 120 0.323779
606 572 86 92 0.267814
58 589 54 69 0.233205
397 557 49 64 0.211356
910 359 75 94 0.187994
741 578 31 34 0.181435
412 211 118 154 0.148538
458 554 48 62 0.139752
353 376 42 51 0.118989
