illumination/illumination_00742
44
667 323 30 40 0.999958
734 393 20 22 0.736036
734 475 22 30 0.724285
348 88 23 30 0.59236
433 325 21 32 0.547915
648 387 20 23 0.541931
427 502 20 28 0.507643
361 419 39 47 0.32639
738 397 24 27 0.316736
323 20 36 42 0.314697
61 449 20 27 0.306721
53 394 56 69 0.305943
630 500 33 47 0.27204
942 456 24 31 0.264603
474 349 65 83 0.257484
748 373 26 35 0.238875
620 529 42 49 0.238177
372 473 20 23 0.237173
395 366 47 62 0.235139
989 407 22 27 0.218302
980 416 39 52 0.213071
367 405 28 37 0.204044
942 398 16 19 0.195771
895 268 25 30 0.190006
631 588 14 20 0.185024
403 426 23 29 0.180603
517 268 23 28 0.179467
158 392 28 36 0.178045
947 471 32 45 0.175808
663 307 21 24 0.170032
757 439 19 23 0.168285
732 377 25 29 0.167457
356 456 20 25 0.166406
287 543 52 63 0.157146
621 369 27 33 0.140918
83 363 15 17 0.139511
370 707 31 39 0.13613
522 374 29 33 0.125323
641 305 33 42 0.124493
262 350 64 69 0.117125
75 459 31 36 0.116314
283 71 79 83 0.114997
549 600 25 28 0.109499
175 617 91 129 0.10163
