illumination/illumination_00080
141
5 305 29 39 0.999941
116 294 28 35 0.999854
454 338 28 34 0.999096
531 331 40 55 0.998899
703 365 54 58 0.94046
676 444 35 43 0.854875
281 226 51 60 0.807552
126 322 19 21 0.759111
226 623 31 41 0.749468
415 435 24 27 0.739095
49 52 63 73 0.722203
684 466 34 50 0.7179
110 390 14 17 0.686103
182 320 20 22 0.665963
414 36 52 68 0.638864
875 316 34 43 0.619317
162 268 37 47 0.618778
189 391 30 33 0.609625
366 415 21 27 0.598051
984 540 24 31 0.590641
208 287 17 20 0.574039
952 538 18 21 0.559226
234 86 46 50 0.554118
633 336 25 31 0.528311
478 363 32 37 0.51516
424 526 32 36 0.493276
16 139 35 42 0.46802
4 450 23 27 0.461116
197 188 42 50 0.456083
74 372 17 22 0.452358
656 424 26 31 0.438201
58 408 28 34 0.436252
845 473 73 86 0.425205
408 324 30 33 0.424761
151 401 17 21 0.408836
51 4 53 70 0.403393
495 313 29 33 0.402867
684 322 52 65 0.384294
142 346 24 29 0.3808
482 375 31 40 0.376216
159 617 30 35 0.375513
530 444 43 46 0.37406
883 380 48 56 0.373417
608 358 17 21 0.36301
643 432 24 29 0.356861
312 381 38 44 0.350876
972 627 38 48 0.350706
884 485 63 74 0.346267
613 370 24 30 0.345595
295 45 88 105 0.342438
280 383 21 27 0.333154
556 335 33 42 0.332829
45 319 27 31 0.322297
612 525 75 97 0.320829
801 494 31 34 0.31926
425 121 74 82 0.317771
513 383 19 28 0.317126
161 469 17 20 0.315841
366 216 15 18 0.305834
498 292 29 33 0.285889
40 165 51 65 0.282955
840 301 30 37 0.278505
175 213 42 52 0.276036
891 549 34 42 0.256054
25 443 30 30 0.255686
359 145 28 34 0.254086
213 406 22 27 0.253568
258 58 73 82 0.249537
754 580 26 30 0.244685
115 429 14 17 0.244258
339 277 29 37 0.235573
149 441 19 23 0.234528
230 503 21 24 0.230795
461 391 22 24 0.228428
399 362 27 32 0.228107
43 77 57 69 0.212488
55 444 19 25 0.210743
484 515 19 26 0.206433
358 611 23 25 0.19956
119 462 36 42 0.198144
659 456 23 27 0.197934
28 208 18 24 0.193909
212 647 20 23 0.193249
884 607 42 51 0.189884
33 321 31 36 0.189325
352 320 21 23 0.185783
146 532 18 23 0.182496
159 512 22 26 0.182234
81 556 24 27 0.177745
427 550 20 22 0.173751
294 137 26 30 0.170223
211 513 23 31 0.170154
249 444 30 35 0.169383
609 275 59 68 0.16904
244 306 26 31 0.167718
192 409 24 29 0.166608
159 381 23 27 0.16617
286 40 18 21 0.155932
171 440 13 16 0.155926
104 448 22 27 0.155041
876 428 26 31 0.153663
481 553 19 28 0.153321
330 481 67 75 0.151767
446 433 29 31 0.150039
576 397 36 46 0.146801
962 462 31 36 0.14558
435 255 45 51 0.145063
52 646 32 35 0.141296
192 231 49 57 0.139865
225 513 23 27 0.139739
232 613 27 31 0.137362
3 489 26 32 0.134309
451 588 37 46 0.132835
256 378 19 22 0.132628
95 68 31 35 0.13197
191 476 25 28 0.13119
65 427 17 22 0.128768
3 578 16 19 0.125975
188 197 41 50 0.123438
221 441 38 47 0.121825
806 465 40 51 0.119853
221 357 22 26 0.118341
314 448 51 57 0.117455
398 409 14 17 0.117098
216 81 38 44 0.116748
710 597 22 29 0.116347
424 381 26 31 0.114012
927 560 74 97 0.113741
598 530 27 42 0.113279
398 307 26 29 0.112301
47 475 19 23 0.110259
365 371 16 18 0.11001
38 285 27 32 0.109599
166 377 21 25 0.109197
735 319 39 40 0.109015
936 380 46 64 0.108742
453 508 27 35 0.108018
41 591 27 33 0.107514
711 545 42 48 0.106672
996 522 20 23 0.104434
929 311 79 99 0.102324
