illumination/illumination_00637
34
538 290 20 28 0.993305
935 334 22 30 0.987126
299 330 14 17 0.936371
384 350 21 25 0.925736
899 334 32 34 0.604991
539 306 26 33 0.436575
399 371 33 38 0.366017
202 360 21 25 0.362339
916 404 25 33 0.359187
540 422 39 52 0.35199
897 424 23 29 0.351909
862 390 38 43 0.33083
818 420 28 32 0.317863
603 363 28 37 0.269947
807 382 26 32 0.241223
379 435 26 32 0.219243
909 316 35 41 0.215767
244 402 60 70 0.209867
215 343 27 31 0.204539
313 356 41 47 0.202456
201 338 24 26 0.196343
232 359 44 51 0.193869
521 340 62 79 0.174517
573 305 42 53 0.174016
911 377 31 43 0.16638
802 422 26 31 0.155423
823 345 26 32 0.143737
891 341 23 28 0.140747
504 333 37 48 0.140534
731 430 23 30 0.123269
837 422 48 56 0.114592
680 424 34 38 0.112049
606 321 45 57 0.104337
945 377 46 63 0.100799
