illumination/illumination_00655
118
520 259 101 115 0.852212
500 433 26 34 0.851027
134 461 30 35 0.776961
482 552 33 36 0.772665
188 414 25 32 0.759145
378 255 25 32 0.668328
715 322 27 29 0.660574
0 514 36 44 0.646946
311 326 46 58 0.603302
836 514 31 41 0.595896
764 333 48 59 0.594502
843 452 30 41 0.587663
655 328 42 50 0.580977
919 115 24 26 0.574989
768 218 30 35 0.569936
311 309 32 45 0.560234
847 249 52 66 0.559448
95 486 58 66 0.548455
670 394 34 38 0.519805
880 468 31 39 0.517274
605 -1 27 34 0.497325
494 337 81 99 0.49463
301 305 16 18 0.449649
426 260 47 57 0.420977
363 480 34 40 0.407265
403 451 42 45 0.405856
913 428 26 30 0.405545
387 471 30 37 0.404387
884 379 27 32 0.402926
35 495 60 72 0.382845
190 395 26 31 0.379396
451 357 49 69 0.375043
364 252 29 34 0.370119
821 169 66 76 0.370068
89 474 36 49 0.354072
906 535 29 37 0.351371
991 516 27 37 0.346019
949 30 28 32 0.337898
717 281 29 34 0.334747
870 194 25 32 0.32934
245 525 28 35 0.327946
844 397 26 34 0.304909
719 444 25 32 0.297673
50 442 30 38 0.294291
626 5 80 113 0.284244
664 61 113 153 0.274345
606 50 130 161 0.268037
968 82 48 51 0.26365
493 486 39 47 0.263013
133 447 25 32 0.254784
366 515 37 41 0.250118
159 542 43 49 0.244456
497 420 17 25 0.226772
830 262 44 58 0.223628
561 67 38 46 0.218561
515 -2 25 32 0.217125
332 247 21 26 0.213376
219 372 20 22 0.20116
345 198 31 39 0.194768
732 426 21 27 0.193154
407 402 53 64 0.192543
276 283 22 26 0.190226
469 163 28 39 0.189457
920 405 21 26 0.185333
693 284 31 38 0.184313
822 524 29 37 0.181144
620 315 34 38 0.180387
250 309 19 24 0.178809
921 292 41 53 0.175773
314 294 28 29 0.173882
775 388 24 31 0.17335
187 349 26 30 0.173162
109 415 25 32 0.169001
977 457 30 34 0.168801
306 475 54 60 0.167778
779 31 37 40 0.165061
383 523 31 39 0.163405
892 422 23 29 0.161763
233 318 26 32 0.158975
510 506 36 47 0.157945
38 451 34 45 0.157896
989 490 30 39 0.15318
505 243 75 79 0.151126
812 352 29 37 0.149419
210 320 19 21 0.148427
885 539 20 26 0.147176
396 64 60 74 0.146447
804 414 21 27 0.144145
880 322 39 51 0.142335
781 409 28 36 0.140807
972 451 28 33 0.140101
873 521 23 30 0.139702
937 520 28 38 0.138662
866 382 18 23 0.135764
206 405 76 87 0.135344
748 534 25 35 0.135078
830 511 24 33 0.134674
845 503 26 34 0.132185
923 383 23 29 0.130907
969 464 28 34 0.129726
801 17 30 35 0.125928
949 71 22 27 0.124561
984 525 23 31 0.124134
403 6 32 42 0.123257
290 482 57 59 0.122981
353 451 33 39 0.122929
907 220 20 23 0.117598
941 395 17 22 0.115751
794 25 28 30 0.110884
876 139 38 49 0.107975
242 363 35 37 0.10531
389 413 23 29 0.105014
969 519 21 26 0.103475
326 390 31 35 0.10314
678 173 98 118 0.10271
317 255 20 24 0.102668
270 496 43 52 0.102145
971 530 21 27 0.100878
