illumination/illumination_00664
127
710 350 15 19 0.999743
87 436 114 134 0.997883
738 357 12 15 0.971091
388 386 48 56 0.859794
687 368 19 23 0.807794
488 431 18 22 0.772265
326 148 19 27 0.763147
224 173 58 70 0.670214
344 151 62 80 0.641823
705 295 45 49 0.611829
158 236 23 37 0.593298
811 122 27 34 0.589404
666 307 15 21 0.581538
719 364 27 37 0.580465
313 484 25 31 0.579964
722 217 41 50 0.578799
254 329 13 22 0.57376
333 241 39 44 0.570286
641 349 18 21 0.557288
344 239 40 42 0.550943
843 198 25 35 0.54965
757 472 36 49 0.514131
472 227 26 33 0.496933
139 133 26 40 0.492177
560 339 28 36 0.477721
339 526 40 48 0.474896
611 302 19 23 0.474399
423 485 56 63 0.462606
635 362 39 45 0.46229
300 360 23 36 0.454023
713 169 48 58 0.452109
690 295 32 36 0.446871
363 332 21 28 0.445743
501 489 31 40 0.443543
454 366 15 18 0.439984
331 368 25 29 0.421298
458 266 38 50 0.410306
690 406 16 23 0.409459
603 365 23 29 0.401031
236 219 36 43 0.399361
479 495 25 29 0.396561
390 528 37 41 0.382763
901 19 24 29 0.372007
812 236 35 44 0.365101
547 303 24 28 0.363302
780 484 25 34 0.360459
813 226 26 31 0.3601
801 92 27 31 0.334526
279 531 36 43 0.32977
859 44 43 63 0.326856
610 467 25 31 0.316057
385 191 46 65 0.31461
281 -1 51 61 0.309569
581 290 32 39 0.309365
792 430 15 17 0.296036
794 467 39 54 0.295838
830 367 29 36 0.288605
247 336 32 40 0.288014
817 322 39 50 0.279761
969 471 44 51 0.276319
768 415 29 36 0.276061
199 283 32 44 0.273572
633 323 25 31 0.255018
389 275 24 32 0.251244
455 375 29 34 0.251061
379 244 23 26 0.244378
713 459 24 29 0.244276
128 371 29 36 0.243908
399 337 23 30 0.242955
772 359 16 20 0.239026
583 434 23 28 0.233678
534 368 26 31 0.233508
546 72 49 59 0.227708
562 437 31 38 0.216662
755 498 27 35 0.216308
157 282 27 40 0.211959
618 385 38 43 0.211201
824 489 28 35 0.210098
513 438 39 48 0.207716
380 485 28 33 0.196584
799 340 28 37 0.196023
805 510 33 42 0.192595
506 35 54 66 0.191287
612 214 24 33 0.184454
350 346 61 74 0.183713
232 265 18 22 0.183149
515 294 27 40 0.182801
664 349 19 26 0.182701
554 343 27 38 0.176154
258 502 34 44 0.175693
870 223 86 100 0.172142
335 490 33 40 0.172123
790 331 20 29 0.162952
484 449 26 39 0.161523
6 335 89 130 0.160648
537 504 26 32 0.155859
471 414 30 36 0.153852
727 374 27 36 0.150949
603 119 31 38 0.148196
169 316 65 84 0.147848
795 309 23 29 0.142411
53 443 42 53 0.140568
885 153 34 46 0.140399
599 341 19 23 0.140101
601 109 32 35 0.136065
800 364 25 32 0.134298
140 261 37 50 0.131792
542 384 33 42 0.12672
798 357 22 30 0.126557
618 328 26 33 0.121969
793 149 22 28 0.121575
994 544 27 35 0.118948
542 447 30 38 0.118485
171 145 28 29 0.118164
862 433 21 27 0.116585
651 326 19 22 0.116261
853 255 22 26 0.113091
727 392 42 56 0.112054
75 201 36 51 0.111737
423 239 34 39 0.111462
208 226 21 29 0.111219
252 357 28 36 0.110279
925 9 19 25 0.109896
6 548 29 32 0.109239
268 443 46 54 0.106805
884 475 56 73 0.105305
212 390 31 47 0.102376
