illumination/illumination_00727
75
175 229 40 66 0.99996
649 230 54 73 0.999769
164 157 26 28 0.998594
836 203 21 30 0.99739
168 363 37 46 0.879208
278 211 20 27 0.866285
212 309 21 31 0.864937
832 237 42 49 0.863549
686 243 27 41 0.739049
717 243 32 35 0.735683
386 331 21 23 0.658435
655 658 16 21 0.625347
444 261 23 29 0.582902
843 222 27 37 0.576108
109 545 27 41 0.544851
626 186 22 26 0.51252
641 335 49 55 0.507139
125 477 20 22 0.49518
445 141 26 32 0.471096
387 341 25 30 0.468158
454 149 24 27 0.450217
493 309 23 30 0.43509
284 371 26 38 0.428856
501 353 21 24 0.417472
741 628 21 24 0.382468
539 315 17 23 0.382158
726 282 24 29 0.381001
253 124 53 74 0.378416
455 333 29 48 0.365253
188 412 83 98 0.346873
233 293 23 25 0.340884
433 422 20 24 0.334686
398 326 24 30 0.282477
243 181 34 51 0.279542
497 365 21 28 0.275207
583 304 19 27 0.262243
499 313 24 30 0.261007
994 383 18 24 0.260943
407 313 31 34 0.259553
43 298 34 38 0.253593
420 321 29 35 0.248456
755 614 20 25 0.245977
321 322 20 30 0.234362
288 283 23 28 0.233201
229 314 28 36 0.215696
-3 167 48 63 0.213855
207 311 19 32 0.208385
305 255 26 30 0.195337
372 63 19 21 0.193744
381 365 18 23 0.192396
156 183 40 52 0.181567
111 281 20 27 0.179686
703 250 18 26 0.179012
198 244 26 41 0.177036
209 293 24 31 0.176988
574 375 19 22 0.17606
227 323 27 38 0.168195
296 330 21 23 0.165977
741 556 24 32 0.154065
258 193 31 43 0.147148
382 194 36 42 0.134994
136 477 15 19 0.12674
615 400 29 37 0.123908
475 322 23 32 0.121916
306 289 23 30 0.121222
261 359 22 27 0.120868
147 251 28 36 0.12083
119 211 15 23 0.117783
110 170 41 51 0.117469
107 429 22 26 0.117274
125 435 19 21 0.11607
730 321 21 23 0.115712
749 230 20 28 0.110359
267 59 26 32 0.108552
509 334 16 22 0.103511
