illumination/illumination_00348
37
479 239 59 72 0.999601
471 369 44 62 0.801195
586 391 40 49 0.5835
475 225 28 37 0.561076
800 408 17 22 0.546921
529 433 49 55 0.491069
941 392 21 24 0.448188
770 220 15 22 0.40988
851 199 17 22 0.398768
934 506 30 34 0.388453
25 317 27 32 0.387563
566 164 27 31 0.256635
821 259 24 30 0.244385
384 464 82 110 0.243648
916 73 14 20 0.232752
837 210 26 32 0.230802
96 318 24 29 0.227873
864 165 19 25 0.226286
343 135 19 23 0.214497
53 279 25 32 0.207534
132 376 25 29 0.20736
986 527 36 47 0.161655
458 400 36 43 0.145528
757 261 21 28 0.141835
450 340 48 55 0.14126
940 9 19 23 0.135724
500 224 30 35 0.13321
954 354 19 23 0.127331
244 63 12 16 0.126129
916 114 33 38 0.125234
809 266 23 33 0.120908
825 64 27 33 0.111446
408 324 32 42 0.111091
924 160 35 39 0.107606
595 459 23 29 0.103441
705 73 22 25 0.103399
600 100 20 23 0.101093
