illumination/illumination_00677
66
538 420 50 61 0.999905
778 410 113 148 0.999879
100 335 27 29 0.99908
345 234 28 36 0.998389
56 364 32 39 0.946659
626 342 19 27 0.888106
869 59 37 41 0.864807
706 354 36 46 0.748753
889 25 30 39 0.705722
633 342 23 30 0.683122
819 286 19 26 0.637209
610 371 24 27 0.622925
868 15 35 41 0.621896
22 355 24 31 0.588498
737 332 30 36 0.531631
754 29 32 42 0.526713
336 404 32 40 0.505919
571 291 29 42 0.485394
721 0 34 43 0.467591
589 259 19 25 0.454943
722 275 25 36 0.430861
380 486 46 59 0.401405
424 470 27 29 0.383898
618 421 25 26 0.38248
178 452 77 95 0.368723
773 13 13 16 0.364133
818 50 23 29 0.361354
147 393 40 42 0.36116
980 514 39 45 0.319375
552 473 24 35 0.316354
62 201 35 44 0.3104
789 37 27 31 0.309514
326 510 52 70 0.300911
928 444 34 44 0.293204
39 355 39 44 0.283776
592 326 19 25 0.278066
591 160 30 32 0.266316
783 522 51 59 0.255032
714 342 31 44 0.229963
405 485 77 101 0.229841
683 436 39 50 0.227695
298 374 25 47 0.219806
724 342 31 42 0.214634
685 363 50 74 0.200721
281 276 47 63 0.199787
900 456 32 41 0.189146
823 28 20 28 0.186084
863 455 48 70 0.18327
336 475 31 48 0.177934
61 417 44 56 0.163281
744 522 48 60 0.162235
837 343 50 60 0.158406
431 335 25 35 0.152949
66 366 52 56 0.152489
601 426 32 32 0.14602
428 264 49 59 0.143292
553 385 31 37 0.134899
751 499 26 36 0.134612
401 326 40 49 0.134505
72 512 30 38 0.126073
854 330 44 59 0.125377
470 280 26 32 0.122801
709 327 30 47 0.114008
546 320 41 52 0.113784
377 261 27 36 0.103553
235 88 28 34 0.102688
