illumination/illumination_00763
66
497 226 67 85 0.999947
471 266 122 164 0.872186
226 367 26 30 0.800226
407 317 39 40 0.745334
734 229 26 34 0.67756
448 367 95 151 0.642712
437 310 83 90 0.62189
739 482 55 59 0.585396
629 515 34 45 0.464445
602 507 47 64 0.421563
995 370 18 22 0.381354
568 187 28 35 0.345459
791 276 30 36 0.331407
812 231 24 32 0.328252
950 0 66 83 0.318642
942 366 44 52 0.318418
283 341 28 33 0.290549
441 533 31 48 0.28836
706 128 26 34 0.287093
773 488 30 36 0.277999
295 338 27 34 0.254963
231 373 26 28 0.250581
669 113 19 22 0.241338
256 537 35 40 0.23201
595 314 64 83 0.222597
705 172 25 31 0.221829
83 314 25 32 0.219648
76 488 70 81 0.216329
551 189 28 35 0.211658
233 343 20 23 0.209584
664 478 31 37 0.205598
654 397 53 62 0.201607
426 504 34 40 0.197438
782 490 35 45 0.193755
855 310 28 34 0.192031
779 511 46 56 0.180178
587 127 18 23 0.178734
805 -1 45 54 0.171682
410 407 64 84 0.169598
656 197 27 34 0.166855
618 102 25 31 0.163876
413 537 41 45 0.16236
340 544 33 37 0.156995
690 377 29 35 0.154085
563 149 19 25 0.152209
570 153 26 33 0.145919
171 354 25 31 0.143266
108 300 34 41 0.141559
383 336 24 29 0.141251
648 69 23 29 0.139791
45 517 33 36 0.135557
760 76 29 42 0.134552
809 491 25 27 0.129987
35 376 24 29 0.128202
739 23 21 25 0.126564
772 405 28 30 0.122987
705 256 38 47 0.121567
805 313 35 43 0.117816
934 401 32 41 0.117744
138 321 23 27 0.113144
673 392 51 68 0.110796
61 328 28 33 0.105539
597 412 21 24 0.103014
628 356 60 75 0.102332
710 219 25 30 0.102018
59 489 34 36 0.100077
