illumination/illumination_00291
51
847 254 18 21 0.999791
600 159 41 52 0.599557
520 259 25 30 0.589732
329 285 16 22 0.538077
638 645 26 31 0.525436
910 189 16 22 0.519326
357 390 24 28 0.512036
638 25 20 26 0.460745
281 227 14 22 0.440197
165 635 32 36 0.375923
339 264 31 40 0.350029
921 286 27 35 0.32154
703 597 27 33 0.295671
544 230 20 22 0.274533
621 22 29 39 0.268377
595 624 38 45 0.264262
926 387 23 29 0.256979
699 568 26 32 0.240079
671 445 26 34 0.2398
919 414 27 33 0.236145
455 263 30 35 0.234422
813 644 28 33 0.230997
331 407 22 28 0.218698
294 366 25 29 0.214173
590 179 35 44 0.193496
659 549 29 34 0.191609
329 166 29 33 0.191417
438 219 46 60 0.176775
331 383 24 28 0.170548
682 585 21 26 0.165443
494 279 78 95 0.16518
940 145 32 41 0.161478
406 524 26 31 0.158867
302 52 27 31 0.154966
785 138 21 27 0.154247
323 287 18 23 0.15027
700 283 22 27 0.144208
173 33 24 31 0.137611
806 619 35 42 0.133123
924 299 24 32 0.132774
489 247 26 32 0.132406
733 316 20 27 0.131646
562 328 16 21 0.130904
388 374 24 32 0.126215
316 287 17 23 0.121366
546 190 24 29 0.120529
344 231 20 22 0.119487
436 268 18 19 0.116939
698 490 35 39 0.11632
874 151 23 29 0.108114
915 -10 49 63 0.106061
