illumination/illumination_00595
67
549 106 32 41 0.912205
709 288 41 47 0.90506
533 136 36 39 0.881198
162 154 29 39 0.823111
692 61 45 53 0.81652
630 144 21 26 0.714622
252 173 20 27 0.702004
470 247 22 28 0.60032
170 161 38 49 0.589269
564 267 54 75 0.562344
563 376 36 46 0.515141
117 36 46 48 0.47705
139 90 44 48 0.467584
546 260 58 77 0.442149
47 56 82 86 0.434965
451 234 27 30 0.380773
224 337 25 31 0.368563
486 284 30 40 0.355051
763 9 21 31 0.331957
18 35 36 47 0.331487
210 185 45 63 0.326175
319 148 27 30 0.323086
525 182 27 28 0.305191
497 281 37 44 0.304334
154 177 43 51 0.290245
836 77 68 80 0.288605
320 90 38 46 0.277113
594 88 26 32 0.274003
1 73 45 52 0.270128
10 111 60 72 0.267132
518 216 26 30 0.247865
453 247 22 26 0.2474
282 221 21 24 0.246379
199 323 27 37 0.243111
683 288 28 33 0.237053
990 218 31 33 0.224949
113 165 29 39 0.223025
440 17 32 37 0.222933
426 148 27 31 0.217194
226 86 49 57 0.214064
931 115 22 22 0.213908
266 110 25 29 0.198935
583 137 42 51 0.180068
509 153 34 39 0.173633
435 207 22 25 0.16657
316 241 31 36 0.155871
326 255 33 36 0.145596
276 105 29 36 0.145441
355 -5 33 39 0.145168
605 278 67 79 0.14402
232 366 31 40 0.138303
166 243 23 32 0.136702
226 252 38 46 0.133562
577 377 33 43 0.127022
495 201 31 33 0.123407
84 157 31 32 0.12247
451 125 57 64 0.121329
402 -9 57 65 0.119541
208 114 25 34 0.119119
907 156 35 38 0.119026
964 105 26 32 0.115172
183 85 27 34 0.112936
403 391 31 40 0.110067
413 163 23 31 0.108261
948 189 38 42 0.105262
188 192 31 39 0.104669
81 65 87 90 0.101118
