illumination/illumination_00722
38
696 65 77 93 0.99999
339 61 76 97 0.99998
577 330 43 53 0.957347
565 379 28 32 0.730267
59 343 31 36 0.667005
667 138 58 85 0.64564
518 374 31 39 0.5231
550 430 33 42 0.495181
487 328 42 52 0.430088
500 0 30 38 0.425304
687 422 86 120 0.361009
344 396 43 53 0.341609
785 5 36 49 0.317712
611 318 27 34 0.296196
526 46 31 38 0.29371
590 377 22 29 0.281028
919 113 23 27 0.276542
470 318 27 33 0.275884
45 502 31 40 0.271301
494 158 32 41 0.266718
496 365 29 38 0.220543
400 136 41 57 0.196737
641 469 25 35 0.183775
763 273 26 31 0.178753
544 406 31 38 0.175616
333 351 22 29 0.174058
374 266 51 51 0.164414
548 312 42 51 0.161429
302 69 24 31 0.148182
310 261 40 50 0.14218
552 42 40 49 0.138362
754 345 25 32 0.132562
583 192 47 57 0.122884
267 340 79 94 0.11577
743 367 26 33 0.115492
522 361 28 34 0.111027
624 106 82 112 0.109774
798 104 36 50 0.103397
