illumination/illumination_00309
36
477 85 135 169 0.999998
368 177 117 161 0.999967
905 8 37 48 0.763158
685 279 43 52 0.674661
419 366 120 193 0.654901
973 308 49 63 0.606502
629 249 65 71 0.598798
850 186 61 74 0.577736
638 81 129 159 0.552581
621 207 30 35 0.545501
606 260 22 30 0.531667
910 312 53 65 0.525896
597 260 23 31 0.458236
925 309 55 66 0.424483
465 506 66 91 0.413382
863 581 40 44 0.365817
887 589 30 34 0.315913
906 636 30 36 0.305719
346 123 114 142 0.283673
20 538 59 67 0.280471
626 17 95 105 0.261679
616 178 30 37 0.232482
985 571 34 42 0.229259
748 314 26 35 0.22818
877 634 37 43 0.212602
343 0 133 153 0.211791
880 291 57 69 0.209147
957 316 54 65 0.20745
898 607 28 35 0.198577
860 304 49 66 0.197145
667 203 63 68 0.186474
966 626 34 42 0.165212
744 326 30 39 0.140204
525 426 24 30 0.139588
598 215 38 52 0.118221
895 354 70 81 0.111569
