illumination/illumination_00097
224
481 183 94 130 0.999986
606 170 67 87 0.898259
637 119 22 30 0.792584
252 439 18 20 0.782377
995 333 22 25 0.723916
60 444 73 80 0.713758
698 468 18 23 0.706167
312 286 23 26 0.698931
171 416 25 31 0.669659
606 155 30 35 0.667755
5 435 20 24 0.631508
865 611 20 26 0.606637
738 121 30 33 0.594813
934 61 32 37 0.588414
549 393 24 31 0.578796
734 71 23 27 0.558174
491 48 41 51 0.549003
4 1 33 38 0.548756
658 138 26 32 0.548326
703 255 21 28 0.541224
15 165 28 33 0.539079
159 578 39 46 0.527375
755 23 48 51 0.52266
804 390 45 53 0.517466
271 452 25 36 0.514803
43 162 27 31 0.509121
445 43 51 62 0.506616
833 28 28 32 0.500482
790 305 19 24 0.492945
220 629 23 27 0.489715
803 274 23 27 0.485268
878 523 26 32 0.458895
680 35 22 26 0.454642
520 22 32 36 0.439286
559 130 49 55 0.43451
802 556 30 38 0.433551
956 482 28 37 0.432059
675 229 20 25 0.42924
131 482 29 34 0.427139
422 15 20 22 0.424654
77 82 65 95 0.42396
418 494 43 58 0.420948
62 15 18 23 0.41939
664 330 30 37 0.417461
669 365 25 30 0.415182
428 633 23 31 0.409396
64 218 25 30 0.405007
177 83 34 37 0.404342
380 469 42 63 0.399975
188 547 26 32 0.396147
13 289 37 48 0.39132
771 272 21 24 0.390254
169 50 26 31 0.386985
709 466 20 26 0.384566
103 185 34 41 0.384392
698 410 24 28 0.382042
818 468 26 34 0.364102
372 208 13 18 0.361923
121 335 25 27 0.360289
733 95 19 27 0.357615
889 142 23 30 0.355716
267 650 28 33 0.354363
685 522 24 27 0.353538
876 121 14 16 0.351743
0 162 30 32 0.350243
932 356 28 31 0.341148
140 52 29 37 0.340524
812 226 22 27 0.336693
232 200 30 35 0.329494
139 259 23 31 0.329452
748 248 26 26 0.327628
908 638 42 50 0.317784
67 188 27 31 0.305011
931 441 25 29 0.30291
978 0 21 30 0.299807
74 511 22 26 0.298612
0 208 47 62 0.29029
954 146 61 70 0.289875
254 136 23 24 0.28908
62 315 39 40 0.288919
410 437 23 31 0.288881
24 259 21 24 0.286998
785 237 22 25 0.286162
295 227 22 26 0.279627
267 363 18 22 0.276312
333 26 25 31 0.270734
793 71 30 38 0.263622
818 54 17 21 0.26329
655 319 20 25 0.256992
202 543 75 83 0.252994
527 357 26 36 0.25095
280 521 40 48 0.247672
754 -3 24 29 0.247174
782 196 16 20 0.244894
726 211 33 34 0.240323
443 141 44 51 0.239503
923 438 22 27 0.236019
145 347 34 36 0.234241
279 265 21 26 0.227358
891 354 18 24 0.227322
930 312 23 26 0.227175
286 425 24 27 0.226877
667 508 25 31 0.217432
383 579 22 34 0.216275
947 530 26 33 0.214767
153 327 16 18 0.21408
840 558 48 56 0.214
900 115 27 35 0.205898
388 306 20 24 0.205813
330 621 16 21 0.204873
739 35 30 37 0.201236
428 588 19 23 0.19947
767 179 21 23 0.197569
293 381 24 25 0.195846
316 222 24 27 0.195653
975 322 29 33 0.192717
683 2 23 28 0.191374
436 598 26 34 0.190958
19 154 26 29 0.190331
56 52 22 25 0.188227
105 224 26 28 0.18775
699 105 19 25 0.186873
702 145 21 22 0.183841
232 627 38 48 0.182906
976 424 33 38 0.178989
338 39 29 38 0.178972
921 0 22 27 0.17754
259 605 28 36 0.174892
881 33 23 27 0.174051
821 24 25 28 0.172482
475 129 27 36 0.172198
857 15 32 40 0.171804
254 515 22 26 0.171533
366 179 24 31 0.171108
783 56 32 41 0.17097
259 235 28 31 0.169379
28 9 34 40 0.168807
819 641 33 37 0.168094
539 114 24 28 0.166666
954 52 18 21 0.1666
869 224 23 28 0.1644
607 40 39 47 0.162826
230 190 29 35 0.162419
999 24 22 29 0.161833
837 209 22 26 0.161537
542 143 21 26 0.160701
673 320 20 24 0.15951
958 253 24 31 0.158618
454 450 42 55 0.158212
953 287 23 29 0.155759
124 544 43 50 0.154635
993 356 29 41 0.15337
985 43 29 37 0.153204
568 90 19 24 0.152794
428 468 32 44 0.152339
965 444 22 27 0.150211
959 272 25 29 0.147891
826 634 33 37 0.145801
887 567 21 26 0.145747
950 379 22 26 0.144466
412 633 19 29 0.144338
421 391 28 38 0.142458
772 120 24 31 0.142183
820 620 21 23 0.141418
655 152 41 46 0.141134
865 233 35 41 0.140692
853 367 20 26 0.139581
988 568 20 24 0.139466
892 464 19 24 0.139412
21 268 42 44 0.138105
458 102 27 32 0.137381
714 0 38 42 0.135233
13 20 31 34 0.134748
302 254 21 24 0.133582
831 84 18 23 0.133549
805 -2 30 36 0.133084
218 165 31 32 0.132358
723 469 21 26 0.132171
393 172 24 29 0.131873
138 377 18 21 0.131789
828 119 34 36 0.131573
312 457 27 30 0.13138
754 444 28 34 0.130392
133 276 54 61 0.129542
649 8 24 28 0.128278
30 461 18 20 0.128031
56 378 22 28 0.127751
278 166 24 29 0.126728
215 82 21 26 0.126474
543 45 23 27 0.125594
728 644 17 22 0.12444
834 271 25 30 0.123925
243 147 16 19 0.123281
518 121 20 22 0.122395
381 7 31 34 0.121772
153 262 16 19 0.121536
779 433 24 30 0.121418
984 79 42 44 0.121101
136 527 37 43 0.120551
764 38 42 55 0.120121
933 216 33 40 0.119363
164 58 24 32 0.118703
449 -3 36 40 0.117149
632 80 24 28 0.115101
311 275 22 29 0.114167
791 241 23 29 0.113292
416 313 38 49 0.11233
904 441 19 22 0.112074
177 486 28 33 0.111934
413 472 17 23 0.109519
812 170 28 33 0.107641
594 20 24 27 0.107115
701 585 37 51 0.106755
843 143 19 21 0.106338
930 75 23 30 0.104931
680 43 21 29 0.1047
562 110 26 30 0.104516
788 395 16 22 0.103589
549 51 26 29 0.102786
877 535 24 30 0.102595
946 354 23 27 0.101082
369 34 24 28 0.101016
893 570 32 39 0.10007
761 98 23 27 0.100027
