illumination/illumination_00344
65
481 254 39 53 1
136 70 43 70 0.844505
477 367 40 51 0.843626
220 378 21 27 0.811819
76 154 31 41 0.72607
586 374 26 30 0.635779
595 -20 139 169 0.572059
559 422 59 61 0.567433
275 41 205 261 0.530384
103 327 26 32 0.497604
135 269 24 30 0.484459
388 286 28 31 0.464657
214 219 22 30 0.457852
321 3 31 42 0.444864
211 440 22 26 0.439056
484 139 83 94 0.43699
665 320 31 40 0.406416
143 145 20 26 0.345442
401 286 28 33 0.304164
417 274 36 42 0.278789
35 395 25 34 0.277592
402 327 18 21 0.25348
256 424 20 23 0.229918
389 13 23 36 0.2275
309 321 31 34 0.22178
208 210 12 15 0.217461
85 250 21 25 0.215819
167 192 16 18 0.211269
334 371 31 39 0.197443
426 310 30 39 0.196753
665 451 27 30 0.196184
451 401 27 33 0.190686
109 379 19 24 0.187604
201 159 20 26 0.181253
507 392 29 36 0.179977
113 266 20 23 0.179846
952 361 27 34 0.176584
158 272 18 23 0.173295
135 396 27 29 0.169006
507 18 52 65 0.168302
448 7 40 49 0.166811
53 305 37 46 0.166072
209 115 36 41 0.163019
487 316 48 53 0.162568
46 105 26 28 0.147617
409 362 18 22 0.147013
546 317 19 24 0.145327
51 241 18 20 0.141725
137 148 18 23 0.140189
181 200 27 35 0.132082
173 270 19 24 0.12944
573 372 27 33 0.123823
90 213 19 23 0.122384
884 161 36 43 0.121453
257 89 33 53 0.120443
965 362 22 29 0.119483
121 145 27 36 0.119175
572 9 33 45 0.117457
366 391 24 27 0.116773
352 402 25 28 0.111542
45 344 69 86 0.109875
528 423 21 22 0.107568
252 104 30 49 0.10614
555 366 36 43 0.104267
340 291 23 26 0.102854
