illumination/illumination_00660
92
254 237 45 65 0.999999
205 32 36 42 0.999994
321 129 64 83 0.999994
15 77 40 44 0.999983
695 70 31 37 0.999979
442 130 49 69 0.997041
789 30 79 106 0.993977
971 72 37 45 0.976641
484 150 75 94 0.972375
979 396 24 29 0.972323
716 66 21 32 0.863213
951 386 32 47 0.862135
190 213 52 59 0.859696
318 239 27 37 0.838859
983 179 30 31 0.820518
409 148 20 24 0.775571
862 528 27 31 0.760098
31 265 28 33 0.733482
467 148 47 51 0.728577
844 499 35 40 0.544314
812 177 29 33 0.507845
757 208 37 47 0.469485
408 362 38 47 0.455181
85 182 28 33 0.452195
479 251 16 20 0.447946
246 200 64 70 0.436009
567 260 46 59 0.431375
833 643 36 44 0.431208
576 143 74 102 0.428436
14 252 22 24 0.424416
874 493 89 100 0.419389
675 116 24 30 0.394252
69 396 29 43 0.379114
654 614 109 131 0.375949
407 88 30 33 0.36006
526 67 33 35 0.351074
365 254 67 81 0.336866
86 169 25 29 0.335911
851 415 36 43 0.334837
813 660 27 33 0.321876
972 396 24 29 0.297673
232 217 39 50 0.292613
307 455 32 33 0.288007
851 634 40 47 0.282983
169 196 50 72 0.281913
792 387 22 25 0.256322
363 382 19 21 0.247162
48 389 34 48 0.247122
526 268 33 42 0.246563
21 261 34 30 0.24576
601 105 20 25 0.245702
873 621 64 77 0.245085
777 78 36 43 0.242697
438 209 24 35 0.225238
615 78 45 52 0.204299
87 598 27 32 0.202633
467 99 35 44 0.200953
713 125 27 30 0.198905
506 307 19 24 0.194004
453 190 30 33 0.187721
482 136 35 43 0.181487
890 447 23 29 0.175305
94 460 36 50 0.17297
316 382 27 36 0.169288
971 539 26 30 0.167256
156 318 24 34 0.163129
118 613 50 56 0.160688
960 430 26 34 0.156475
28 122 74 108 0.155416
811 423 51 58 0.149501
236 652 30 38 0.14473
476 219 27 34 0.142511
725 220 25 31 0.138411
984 560 31 31 0.137554
584 618 26 28 0.131257
223 35 26 36 0.131213
597 625 35 40 0.129191
426 83 27 31 0.125085
417 143 29 36 0.124897
984 229 37 54 0.124099
605 406 191 216 0.122024
263 661 31 41 0.120534
586 86 23 24 0.120436
767 132 14 20 0.117308
780 246 24 28 0.116818
784 178 33 33 0.114995
520 50 33 39 0.113405
786 7 17 23 0.112257
24 393 40 51 0.1121
969 584 36 40 0.106748
610 152 68 78 0.104075
386 492 60 80 0.103164
