illumination/illumination_00304
28
931 200 35 47 0.827306
320 221 51 68 0.712902
281 234 65 80 0.706747
922 233 24 33 0.705307
727 76 81 118 0.688065
335 85 68 103 0.586222
908 201 27 37 0.50631
925 169 39 52 0.496118
327 176 41 52 0.490539
80 212 36 36 0.482263
114 251 74 90 0.474715
217 257 67 81 0.431092
350 302 41 50 0.376229
561 333 24 29 0.358296
187 -2 78 91 0.300259
91 253 71 86 0.279122
482 372 16 20 0.266963
366 315 42 46 0.266686
472 316 24 30 0.248442
300 328 51 57 0.195984
402 373 29 36 0.183448
166 159 32 40 0.174403
139 199 54 53 0.159666
400 438 33 44 0.143693
311 173 40 54 0.140693
426 346 26 29 0.137926
379 69 23 31 0.122682
477 307 31 34 0.108923
