illumination/illumination_00305
272
227 668 106 142 0.998262
583 659 36 45 0.929751
45 423 58 67 0.915743
149 413 56 66 0.87281
167 411 56 68 0.846267
103 419 55 65 0.843405
640 1330 27 32 0.821775
537 360 61 72 0.81336
343 150 47 61 0.794295
295 798 112 146 0.78933
852 785 34 41 0.778294
65 419 57 68 0.767338
275 408 48 57 0.748438
112 1331 38 48 0.745703
707 764 32 40 0.737453
725 286 46 53 0.732624
213 420 43 51 0.714354
119 419 56 66 0.714113
873 848 48 62 0.707621
384 110 49 58 0.702515
240 403 58 68 0.690085
338 414 37 44 0.674553
656 1261 33 39 0.67243
301 464 25 31 0.646945
685 295 35 43 0.642756
264 33 39 49 0.62635
260 465 33 39 0.598588
125 470 46 53 0.594624
389 443 44 60 0.591963
358 287 52 65 0.58675
57 850 69 78 0.58637
206 88 35 41 0.573667
639 474 42 54 0.563243
306 358 51 57 0.558109
557 480 38 47 0.539661
448 130 33 39 0.537779
780 204 29 36 0.53408
850 434 40 52 0.533094
446 614 28 37 0.52996
119 639 29 33 0.513802
169 628 50 57 0.513548
847 390 59 68 0.51232
551 532 22 26 0.507534
697 18 26 30 0.503441
769 15 35 45 0.4968
858 426 39 52 0.489811
69 741 52 63 0.482816
777 918 39 42 0.481415
351 766 37 43 0.461842
523 618 42 55 0.454294
428 1288 31 42 0.452451
921 434 44 54 0.444496
360 245 47 61 0.442801
419 1036 38 45 0.43623
501 840 18 23 0.434565
977 236 31 36 0.428587
674 419 37 43 0.427553
908 747 49 56 0.418584
548 7 37 46 0.417318
814 166 25 35 0.414195
727 1370 30 35 0.411704
169 133 42 45 0.410889
688 149 27 32 0.410885
387 760 87 99 0.410254
899 87 42 49 0.403832
52 648 29 34 0.402667
836 302 31 42 0.401414
487 1374 28 33 0.400172
416 502 49 63 0.399387
287 461 29 34 0.396699
641 755 28 34 0.396382
921 640 27 29 0.392993
408 1077 31 40 0.391363
273 133 69 86 0.388526
752 536 33 42 0.388056
130 698 101 141 0.387425
520 141 19 24 0.384756
711 449 24 34 0.383008
202 835 61 82 0.378548
49 740 34 38 0.377179
784 369 37 49 0.377053
725 376 30 36 0.37241
610 504 36 46 0.366407
940 352 40 53 0.360633
472 619 31 40 0.360514
929 539 26 31 0.359141
778 168 34 43 0.353564
118 718 27 30 0.353269
144 1504 23 29 0.352838
852 544 40 49 0.350033
465 201 48 62 0.348825
978 351 24 29 0.348232
991 175 28 35 0.345817
988 1091 26 32 0.339144
644 662 25 30 0.334562
554 459 41 50 0.33427
632 442 32 39 0.327745
796 273 44 54 0.323603
224 244 29 42 0.319348
22 429 44 52 0.317399
406 1030 28 35 0.316768
539 1052 36 43 0.314579
783 498 67 83 0.312499
706 250 26 32 0.311621
632 75 38 46 0.31097
622 1327 33 37 0.310959
864 806 29 35 0.305117
557 631 34 47 0.303476
698 535 30 38 0.301746
127 815 39 40 0.301068
506 343 41 48 0.297506
856 214 26 30 0.297202
912 605 25 32 0.296526
490 339 43 54 0.296468
401 417 24 31 0.294198
295 1 69 94 0.29046
865 317 27 32 0.28992
523 1201 43 45 0.288941
821 308 39 46 0.28286
665 0 25 33 0.281459
821 477 23 27 0.277599
698 253 26 30 0.277278
565 192 76 96 0.275854
368 761 50 54 0.273977
469 656 32 40 0.272681
109 664 26 33 0.270625
838 545 25 36 0.269138
181 534 41 50 0.268874
457 319 31 40 0.265105
966 436 31 38 0.255495
349 210 43 56 0.253646
736 238 34 47 0.253641
241 543 177 199 0.252284
750 229 39 51 0.249781
703 364 35 44 0.249165
595 494 19 23 0.248957
629 485 44 56 0.244674
783 488 25 31 0.243469
486 1151 30 39 0.240923
447 504 40 50 0.238136
335 324 30 38 0.234851
329 417 30 35 0.233927
906 474 40 50 0.233688
346 696 57 70 0.232391
469 1036 65 86 0.230836
973 766 25 30 0.230283
882 501 49 65 0.230187
894 1065 44 55 0.228974
249 284 54 64 0.228499
699 622 25 39 0.227973
55 1392 40 46 0.226792
143 815 35 43 0.226264
133 683 31 40 0.221996
321 247 23 28 0.221299
597 158 26 35 0.220689
974 468 35 40 0.216467
431 186 55 69 0.213272
705 54 24 35 0.212793
677 274 27 30 0.21025
788 539 63 80 0.209111
589 700 43 59 0.205128
593 1333 22 28 0.204907
125 673 27 36 0.201733
314 111 37 50 0.200059
498 587 40 52 0.19637
583 805 103 122 0.195926
311 455 33 45 0.195258
930 519 23 31 0.194355
582 43 30 35 0.191763
429 551 46 63 0.191689
639 222 59 77 0.191055
800 420 26 33 0.190313
475 1185 65 74 0.189842
850 687 48 58 0.189584
827 400 21 25 0.185052
911 782 81 90 0.184805
585 1450 23 28 0.184307
414 716 47 62 0.184185
534 518 29 40 0.184108
970 314 29 36 0.182771
481 141 36 48 0.182573
230 576 31 46 0.182528
512 681 41 51 0.182491
755 158 19 23 0.180039
862 623 47 60 0.174816
589 732 30 44 0.173502
655 372 21 30 0.173391
737 481 46 56 0.172728
755 551 36 46 0.171499
162 192 34 43 0.171386
375 411 24 33 0.17116
756 187 29 35 0.170515
569 629 48 62 0.16895
952 626 40 48 0.167756
383 712 41 51 0.162933
929 414 36 46 0.161654
381 349 35 44 0.161001
672 1367 24 29 0.160861
834 131 21 31 0.160251
862 660 36 46 0.160248
317 181 37 49 0.159744
732 532 28 32 0.157321
912 235 22 28 0.154406
850 150 33 43 0.153768
565 331 25 29 0.153658
142 473 46 50 0.153486
525 162 50 60 0.15335
193 150 93 105 0.152964
270 123 30 34 0.15251
518 428 36 44 0.15241
946 168 24 28 0.152071
626 529 45 61 0.151168
99 630 39 45 0.150134
828 433 47 60 0.150016
580 755 33 45 0.148039
570 50 24 28 0.146298
728 404 41 52 0.145436
588 420 49 61 0.144881
633 758 24 30 0.143984
377 489 22 30 0.14242
549 284 24 30 0.140792
870 11 47 56 0.140743
669 1307 29 33 0.140496
542 780 31 47 0.139985
170 552 35 45 0.138698
471 846 25 36 0.137216
565 443 30 37 0.13658
495 282 40 57 0.135785
519 522 23 26 0.135766
480 422 48 64 0.134835
688 474 30 35 0.134816
820 246 30 40 0.133623
240 27 45 57 0.133369
304 1389 26 29 0.132453
329 1169 44 55 0.130994
467 1330 48 57 0.130769
920 371 31 35 0.129575
170 585 50 62 0.129291
60 822 48 50 0.128851
506 222 41 51 0.126632
365 453 35 48 0.125855
797 250 32 39 0.122782
228 475 28 33 0.12258
671 1353 20 27 0.122526
909 570 28 35 0.121584
883 591 33 41 0.119487
930 898 37 46 0.116863
227 592 36 46 0.1153
955 381 32 39 0.114841
595 304 23 26 0.11408
739 350 32 37 0.11275
797 379 43 57 0.112304
863 66 19 22 0.111941
710 23 25 28 0.111625
504 154 23 27 0.110285
887 97 24 31 0.109768
464 676 53 65 0.109423
677 1266 29 35 0.109292
871 445 35 41 0.109277
138 558 34 40 0.107921
241 374 39 41 0.106376
623 433 32 44 0.105461
768 337 22 25 0.104172
916 307 45 56 0.103114
771 293 23 28 0.102897
372 511 52 64 0.10262
379 580 79 103 0.102619
515 492 29 38 0.102034
752 1435 22 27 0.101928
301 413 37 43 0.101901
565 297 22 28 0.100901
815 241 28 35 0.10004
