illumination/illumination_00732
44
160 144 34 46 0.978265
498 173 23 32 0.968067
-2 210 37 47 0.861854
518 169 56 69 0.666055
431 310 30 38 0.624012
642 171 37 45 0.594944
554 286 29 34 0.568062
547 166 60 76 0.533936
32 234 48 54 0.527293
55 639 24 28 0.46945
183 239 38 52 0.404672
127 445 22 31 0.392331
95 190 37 42 0.350719
92 660 29 35 0.34804
384 467 21 29 0.338192
492 182 24 33 0.323899
121 552 43 51 0.301619
278 222 41 55 0.27592
183 361 25 31 0.260143
551 223 26 30 0.253757
583 226 25 31 0.230767
146 237 19 26 0.209445
463 259 22 31 0.196624
230 669 25 30 0.195392
470 304 34 48 0.195367
294 202 29 40 0.193651
501 219 34 39 0.193501
0 593 24 29 0.183994
396 220 30 39 0.18011
234 323 73 95 0.161815
336 323 30 40 0.160401
388 444 23 32 0.148302
372 224 21 29 0.145226
96 76 82 89 0.139718
334 227 22 25 0.139651
226 193 60 70 0.130067
83 660 27 31 0.127425
449 392 47 65 0.124841
456 312 41 55 0.118502
436 334 76 103 0.118241
939 168 47 61 0.112394
370 188 21 26 0.110246
309 436 25 32 0.107801
76 497 27 32 0.104606
