illumination/illumination_00669
44
364 312 33 39 0.9171
811 347 33 38 0.895872
394 394 33 37 0.736721
645 380 30 42 0.704912
349 446 27 33 0.682776
850 343 85 88 0.627313
277 294 102 113 0.614819
405 233 24 38 0.613442
377 231 44 56 0.60362
681 394 63 74 0.497588
136 170 37 50 0.482869
698 384 28 29 0.4713
110 146 43 56 0.470357
201 505 36 47 0.460528
828 341 25 27 0.4436
328 277 35 43 0.427034
159 246 21 28 0.426181
714 414 105 116 0.424419
139 457 38 51 0.421469
389 331 27 34 0.40516
972 421 38 45 0.396563
637 390 31 39 0.353181
356 275 31 39 0.342373
841 475 33 40 0.311039
223 507 35 50 0.284444
416 220 24 34 0.277464
411 411 37 39 0.275996
417 366 29 30 0.239039
144 138 29 36 0.22981
220 431 25 30 0.213199
656 377 29 37 0.178424
399 330 33 41 0.175529
223 460 37 50 0.167953
421 339 23 27 0.167823
208 436 30 35 0.158498
419 325 24 31 0.156393
741 440 106 133 0.154233
512 116 21 28 0.14824
188 347 60 67 0.138683
363 397 37 45 0.136582
969 50 39 46 0.128655
235 495 28 36 0.125086
672 383 30 34 0.106047
295 439 23 31 0.10528
