illumination/illumination_00684
22
714 321 26 29 0.607716
330 157 63 81 0.41502
636 346 55 73 0.342775
758 315 19 23 0.290804
331 497 35 42 0.275702
688 331 22 26 0.267861
976 465 41 49 0.242327
595 507 52 63 0.213071
87 508 39 46 0.209832
264 160 56 68 0.201045
99 500 55 64 0.19674
881 337 26 29 0.172073
365 367 25 32 0.149128
840 401 26 32 0.131749
749 391 42 51 0.125129
948 308 30 38 0.124956
764 518 26 32 0.118727
890 372 25 30 0.114924
172 400 23 26 0.1145
712 440 27 31 0.107429
828 339 25 27 0.105894
897 334 26 31 0.104507
