illumination/illumination_00040
704
305 829 26 32 0.947369
414 1420 26 32 0.932949
526 1292 47 59 0.876225
995 992 22 28 0.870048
599 1400 34 40 0.857312
929 582 26 31 0.855765
233 1122 24 33 0.835607
167 1479 40 52 0.814541
330 1426 27 35 0.814318
212 861 26 35 0.780802
505 1013 47 64 0.780792
359 1074 23 29 0.77772
993 1063 26 31 0.767821
318 1370 41 53 0.766228
125 1330 42 52 0.750989
647 1285 22 27 0.740816
813 903 31 39 0.739927
856 982 18 22 0.734256
299 748 24 32 0.729053
898 1355 23 28 0.727938
669 1018 17 22 0.71362
437 1062 25 33 0.711468
955 887 26 31 0.710674
797 1443 28 40 0.708219
777 1068 27 33 0.703391
637 641 27 35 0.701822
395 909 26 36 0.688734
792 992 28 35 0.68736
295 1185 33 45 0.669208
702 638 18 26 0.666535
403 1202 28 37 0.664456
161 1272 23 30 0.663315
705 815 22 28 0.656017
204 1350 35 45 0.65302
540 554 30 41 0.649744
434 1377 31 39 0.644458
257 490 24 31 0.637185
723 1010 27 35 0.636181
839 1189 18 22 0.635713
234 1470 33 44 0.634375
334 1124 24 33 0.632202
945 820 20 26 0.631314
435 1236 26 36 0.627618
597 966 23 32 0.626002
495 1507 22 29 0.617368
389 1263 32 41 0.616444
380 797 39 46 0.61383
744 675 23 30 0.60341
67 940 25 29 0.601375
386 1335 43 59 0.600174
379 1078 25 32 0.59765
527 664 43 55 0.593458
953 949 22 28 0.591782
13 1130 31 42 0.591483
98 1299 26 37 0.589895
441 1501 27 33 0.589286
230 935 27 35 0.586902
781 944 24 30 0.586413
799 774 29 40 0.585755
476 811 28 39 0.577126
138 688 35 42 0.572232
373 1434 33 41 0.570228
113 1026 35 42 0.562439
947 1313 24 32 0.559377
617 1492 29 39 0.559154
302 871 34 44 0.552779
495 1447 29 37 0.549697
453 933 23 27 0.548106
660 1107 23 29 0.546988
695 1295 18 25 0.546106
406 1290 24 31 0.53615
771 871 21 25 0.535893
618 986 16 24 0.528988
40 1350 51 65 0.527596
82 1486 42 51 0.520658
244 1213 20 26 0.517985
221 1230 22 33 0.51651
832 1096 24 29 0.508456
393 980 23 27 0.507962
470 969 22 30 0.506705
555 1380 28 37 0.505914
456 1457 47 59 0.504458
465 1304 36 46 0.503209
439 1053 24 33 0.498244
735 1244 18 24 0.497247
535 1479 27 38 0.497057
663 897 18 23 0.494567
492 1364 33 42 0.493303
786 1278 19 23 0.492501
315 1335 28 37 0.489752
553 1333 29 37 0.488291
830 1073 33 40 0.487829
257 1123 22 30 0.48293
77 1279 25 33 0.481112
304 841 25 33 0.47742
790 817 30 40 0.472048
435 1120 30 39 0.471555
203 1197 29 38 0.471159
409 1197 30 37 0.471136
181 1150 35 48 0.468887
927 907 20 22 0.468416
597 939 19 23 0.466383
962 617 23 32 0.46537
994 836 24 30 0.463386
227 634 23 30 0.460776
582 1272 20 32 0.460287
220 976 24 32 0.452456
132 1075 48 61 0.45005
382 627 31 42 0.449978
699 1242 17 22 0.449331
528 1467 25 33 0.448974
66 1290 38 47 0.448207
645 1233 24 32 0.447575
321 1305 44 59 0.446498
40 1220 32 41 0.446171
708 1051 21 28 0.443689
140 645 33 41 0.443523
346 1246 24 30 0.438495
6 1448 45 55 0.435277
880 984 21 27 0.433897
809 1079 23 30 0.432375
159 1498 20 28 0.432255
666 1033 16 21 0.431186
706 1093 20 26 0.429769
964 752 24 29 0.428142
578 916 20 24 0.428095
742 1317 20 27 0.42736
684 808 23 30 0.427281
904 937 19 27 0.426817
981 1194 31 37 0.426336
810 876 28 38 0.422536
981 1169 21 24 0.422308
344 1462 59 73 0.420237
713 1159 20 28 0.41863
382 1460 45 59 0.412139
735 1232 19 23 0.411814
129 715 25 35 0.410886
359 1172 26 36 0.410278
360 1431 25 31 0.409443
902 676 19 24 0.407787
620 1420 46 58 0.407375
876 978 19 27 0.405025
838 1173 20 25 0.402279
5 1475 35 46 0.400583
300 1223 34 44 0.395022
98 663 37 45 0.3947
403 1121 30 39 0.394501
457 1040 19 27 0.392839
777 1191 21 27 0.392809
507 797 21 27 0.39267
973 730 19 27 0.391346
468 811 15 20 0.390668
498 548 22 29 0.390372
329 1378 45 56 0.390008
137 1495 24 30 0.389457
339 957 25 30 0.38856
663 1421 27 30 0.38773
602 674 23 28 0.387178
852 923 18 25 0.385985
305 955 25 29 0.383633
743 741 21 26 0.382039
557 1474 28 37 0.381338
592 935 16 24 0.380191
897 1381 18 22 0.376244
412 1343 26 33 0.375989
863 998 39 48 0.375767
545 909 25 34 0.374723
696 1008 22 28 0.374569
885 1035 24 32 0.370248
983 1139 20 24 0.369115
601 1308 32 38 0.360958
836 1432 23 28 0.356516
555 1097 19 26 0.356179
365 1000 17 23 0.354298
752 785 19 26 0.35144
821 1146 24 31 0.348575
322 1013 24 30 0.347883
802 1267 23 29 0.345986
938 960 32 37 0.345846
41 909 22 30 0.345069
338 1172 19 25 0.344076
113 1419 26 33 0.343501
505 1246 29 37 0.341945
999 948 21 26 0.34139
761 1394 34 46 0.339734
429 1093 22 27 0.338557
825 946 19 26 0.335357
610 1161 25 30 0.335072
440 719 21 27 0.335042
421 958 21 26 0.334624
269 861 25 31 0.334119
804 1141 25 33 0.334091
619 601 19 24 0.333961
112 893 43 55 0.330719
601 880 22 29 0.330478
546 986 56 74 0.330416
476 1325 28 35 0.330367
897 829 17 23 0.327399
168 920 47 61 0.326573
852 722 25 32 0.326485
257 1445 19 24 0.326371
919 555 19 29 0.325013
904 1211 20 29 0.324833
436 1217 30 37 0.324274
623 436 21 29 0.323379
315 683 29 37 0.322487
213 1409 54 70 0.321413
407 1189 20 24 0.320961
789 896 24 31 0.319815
726 1212 14 17 0.318411
36 1466 24 31 0.316713
739 1133 19 24 0.316208
515 1327 26 32 0.315812
572 1072 25 34 0.313359
463 621 29 40 0.313084
122 631 26 33 0.312574
637 896 27 33 0.3119
560 580 33 41 0.311831
478 934 24 30 0.310373
348 1101 21 28 0.308636
252 1320 79 96 0.307736
497 1031 41 56 0.306949
961 1042 38 47 0.304128
586 1262 23 29 0.303769
334 618 21 29 0.303509
239 807 24 31 0.301204
618 525 23 28 0.299952
515 502 24 32 0.297838
761 898 25 30 0.297697
656 762 30 40 0.297597
587 663 30 40 0.297185
471 780 22 29 0.296175
505 1210 35 42 0.295633
634 466 22 28 0.295311
284 1000 23 30 0.294959
187 1057 28 38 0.29351
265 1443 52 65 0.293029
277 851 23 28 0.292894
627 635 28 37 0.291764
366 1395 29 42 0.29137
436 1032 23 30 0.291194
646 1185 22 27 0.290452
532 945 32 41 0.290278
306 1130 21 28 0.288226
541 787 22 29 0.288011
329 1208 17 23 0.287861
513 1096 30 40 0.28554
898 964 23 29 0.284714
489 1106 27 35 0.283401
258 1013 19 25 0.283104
403 1433 31 40 0.282932
962 1168 23 29 0.281106
327 878 46 62 0.280648
350 1026 22 29 0.279065
572 1263 23 34 0.278921
769 975 22 28 0.278783
504 1180 27 33 0.277884
181 492 26 36 0.276568
237 843 41 51 0.27651
686 1253 18 24 0.276243
366 886 23 31 0.276194
590 1310 32 40 0.275663
266 743 24 33 0.275618
881 1231 27 33 0.275261
387 1164 30 39 0.275084
761 608 28 38 0.274074
490 1459 33 41 0.274056
463 1288 29 42 0.273429
186 1166 43 57 0.27311
192 1103 29 38 0.272804
91 670 21 27 0.271753
914 1090 15 19 0.27167
567 943 45 67 0.271315
589 920 20 26 0.270785
319 1262 22 28 0.267998
913 906 25 32 0.267623
935 1242 22 29 0.266594
322 1162 26 37 0.266128
832 791 45 56 0.265455
910 804 24 30 0.265059
911 843 27 35 0.264821
550 1454 24 30 0.264666
700 1374 24 30 0.264095
537 487 29 40 0.264048
752 869 20 25 0.263513
616 894 17 22 0.263499
917 944 22 28 0.263067
396 1069 26 31 0.261681
66 851 22 30 0.260606
752 1376 22 28 0.258322
486 1163 31 39 0.258312
861 946 22 25 0.256853
959 857 23 29 0.255013
888 916 32 40 0.254586
782 755 21 28 0.253789
601 1282 25 29 0.253099
870 1180 20 24 0.252875
211 1302 26 32 0.252769
588 824 26 36 0.252627
693 1396 24 33 0.252357
571 1360 30 37 0.252305
733 768 23 31 0.251105
788 1102 25 33 0.250838
602 1465 29 36 0.250229
674 1382 23 26 0.250005
960 680 23 28 0.249981
631 963 19 25 0.249602
630 1302 21 27 0.249597
492 1018 28 35 0.248595
666 976 17 22 0.248498
914 1005 20 24 0.248048
-1 574 32 40 0.245862
2 835 42 49 0.245433
586 1010 30 43 0.245221
975 778 21 26 0.244898
500 1353 28 38 0.243903
423 751 30 37 0.242496
452 1337 35 42 0.241238
770 1240 26 31 0.240859
482 1399 30 39 0.239192
879 1300 22 27 0.239156
400 1238 22 29 0.238906
580 1242 21 29 0.238464
967 802 24 29 0.23595
802 735 26 33 0.235634
802 880 18 23 0.234238
460 782 24 30 0.234197
845 1307 19 24 0.232507
590 692 25 32 0.232448
573 1440 22 31 0.231276
556 827 20 27 0.230893
812 1237 22 27 0.230749
920 1167 22 26 0.230503
431 1435 36 47 0.229105
205 1139 18 24 0.228983
347 443 49 58 0.227177
526 1360 23 28 0.227169
711 1355 24 29 0.225863
440 735 21 31 0.225835
977 1032 22 26 0.225792
911 1141 28 33 0.22443
861 1239 18 24 0.224146
565 1234 24 34 0.223941
164 1151 36 48 0.223202
986 1130 23 29 0.222476
425 819 19 24 0.222453
983 848 32 42 0.221954
371 1329 35 49 0.221934
304 777 26 34 0.221173
490 1134 43 50 0.219533
444 1193 21 26 0.21918
414 702 30 42 0.219139
785 1190 21 27 0.218937
63 1114 29 35 0.217975
568 852 17 23 0.217873
840 922 21 26 0.216219
675 873 14 21 0.215635
594 1342 21 25 0.215164
420 831 23 31 0.214158
708 1008 21 28 0.213056
957 989 19 24 0.212853
874 1060 25 32 0.211735
122 1139 44 58 0.211615
341 1237 21 29 0.2114
812 1003 32 39 0.21061
726 1106 21 29 0.210025
232 1341 57 74 0.209323
120 1247 22 28 0.209281
395 737 23 31 0.209128
228 1165 40 56 0.208723
419 769 26 33 0.208329
695 844 30 40 0.208256
241 778 24 30 0.207884
737 1066 25 30 0.207742
623 753 22 30 0.20502
679 1200 14 20 0.204515
532 1184 58 66 0.204364
979 905 27 34 0.204094
175 738 20 26 0.203899
976 838 29 37 0.20353
798 1135 19 24 0.202875
17 898 25 33 0.202497
152 695 30 39 0.202326
809 1256 23 28 0.202069
844 1130 24 29 0.200834
591 1412 27 33 0.200827
454 834 14 20 0.200526
963 913 20 26 0.200396
677 1167 17 22 0.200371
682 979 23 29 0.20003
455 1258 27 35 0.198799
138 1190 27 37 0.198556
739 1398 38 47 0.198428
40 1171 20 28 0.197731
366 977 28 37 0.197147
673 1135 19 23 0.196935
656 1428 25 27 0.196632
904 1066 28 33 0.19602
277 728 31 39 0.195678
892 1068 23 27 0.195411
286 1199 22 31 0.193887
662 1338 31 39 0.193371
767 1045 18 21 0.193219
869 498 22 29 0.192453
887 996 35 44 0.191922
772 1024 18 22 0.190366
940 1000 20 28 0.190174
564 931 21 27 0.189866
295 1031 27 37 0.189573
792 1325 18 23 0.189324
622 1385 29 37 0.189233
989 603 27 36 0.188952
268 852 25 30 0.188395
624 1463 29 33 0.188007
761 872 20 26 0.187862
656 1063 18 22 0.187769
241 930 45 57 0.187469
576 715 25 33 0.187356
788 970 24 31 0.186925
185 1379 70 93 0.18642
393 879 25 35 0.186304
796 958 19 23 0.186203
805 679 20 28 0.185796
356 981 25 34 0.185678
908 709 27 34 0.185574
119 873 22 30 0.184616
269 339 25 32 0.18422
523 1512 32 37 0.184086
424 1501 26 32 0.183594
442 978 22 26 0.183591
457 1503 23 32 0.183576
902 812 20 26 0.183511
515 1295 31 38 0.182537
613 675 22 28 0.182473
620 443 20 27 0.182312
630 1217 21 26 0.181973
398 574 22 29 0.180761
513 980 44 54 0.180546
599 1215 22 29 0.179897
497 1070 37 48 0.178966
692 743 22 31 0.177974
272 1281 23 29 0.177236
872 1253 20 25 0.177069
866 780 29 38 0.176863
237 535 23 29 0.176855
766 782 28 38 0.176437
645 1334 31 40 0.174635
886 1484 21 27 0.174332
816 1320 22 28 0.174224
94 1066 24 31 0.172156
361 1356 30 39 0.17213
34 1345 21 28 0.172022
254 383 24 31 0.170271
685 1365 24 30 0.170081
424 574 24 28 0.169985
733 850 20 25 0.169792
519 607 25 36 0.169671
446 1212 28 36 0.16944
630 1235 20 24 0.16928
988 505 24 29 0.168918
271 1047 23 29 0.168259
733 800 21 26 0.168038
215 1008 17 23 0.167934
384 746 21 25 0.167581
400 1293 19 26 0.167406
690 1330 34 46 0.167372
422 1214 23 30 0.167288
810 662 21 27 0.167194
209 821 25 33 0.166713
772 753 23 29 0.166364
829 1498 19 26 0.166294
671 803 25 32 0.165066
733 1100 19 25 0.165045
394 1107 18 23 0.164707
234 1072 23 30 0.164611
212 1477 25 32 0.163801
555 1428 29 36 0.163186
769 1329 16 19 0.163168
846 1279 22 26 0.163128
750 1035 20 24 0.163034
336 1250 28 37 0.162936
401 1101 35 41 0.162793
53 566 34 42 0.162626
592 1177 29 42 0.161738
429 1064 21 28 0.160906
988 1105 23 28 0.160721
609 1230 23 32 0.1606
733 934 17 22 0.160206
233 1057 18 25 0.158721
966 896 21 29 0.158702
682 1434 31 44 0.157968
860 1081 17 23 0.157227
625 1023 19 26 0.157072
441 938 21 28 0.156105
145 820 23 30 0.15606
713 1055 22 29 0.155876
813 863 22 28 0.155769
86 1058 22 30 0.155611
710 978 18 23 0.155569
498 654 29 37 0.155385
730 869 18 22 0.155333
701 980 22 29 0.155259
267 1275 20 28 0.154996
261 878 31 40 0.154856
38 1001 31 42 0.154613
434 899 27 37 0.153884
820 648 19 25 0.153861
446 1254 29 35 0.15384
159 876 30 39 0.153524
210 1186 27 35 0.152753
772 1165 21 25 0.152596
898 1466 15 18 0.152393
784 954 24 29 0.152364
692 1048 26 32 0.152093
671 560 24 30 0.151769
198 498 31 42 0.151713
233 1021 22 31 0.151181
397 942 26 32 0.150639
400 475 23 31 0.15026
765 747 24 34 0.150035
508 594 18 25 0.148969
679 1068 16 22 0.148939
837 864 19 28 0.147289
119 968 22 30 0.146143
245 1454 38 45 0.146098
716 1389 25 35 0.145617
222 1016 24 30 0.145557
658 869 18 25 0.145482
817 1480 17 26 0.145296
927 753 19 26 0.145034
215 935 23 29 0.144899
933 862 28 35 0.144631
825 1057 18 24 0.144221
794 1207 23 29 0.14416
796 1263 23 28 0.143922
522 1383 23 27 0.143223
546 813 24 32 0.143214
462 1391 27 36 0.14236
788 762 20 26 0.142207
985 775 28 38 0.14153
708 886 20 26 0.141151
509 759 25 31 0.140749
392 834 24 29 0.139966
355 817 22 29 0.139467
835 1166 20 25 0.13941
141 993 19 26 0.138943
369 1015 17 24 0.138639
753 1098 20 23 0.138024
954 1079 23 28 0.137857
817 1430 16 20 0.137664
630 1294 20 26 0.137643
973 911 23 29 0.137326
304 1047 31 40 0.137322
117 325 23 31 0.137263
222 1110 30 39 0.136627
867 1220 10 13 0.136241
826 1324 20 22 0.136146
784 1159 28 34 0.13608
689 1187 16 21 0.135772
191 1128 15 22 0.13564
305 1194 34 44 0.135353
375 1145 19 24 0.135045
245 1127 24 33 0.135035
435 1389 31 39 0.134436
332 410 24 30 0.134174
878 1216 21 27 0.134015
367 1126 24 31 0.133646
149 946 24 33 0.133052
779 322 20 25 0.133
147 1267 24 31 0.132342
972 1400 27 32 0.131985
346 995 25 32 0.131408
436 1259 23 29 0.131391
118 687 41 52 0.131217
693 696 24 31 0.13111
245 1473 37 49 0.131005
776 668 23 29 0.130882
379 571 28 33 0.130766
320 716 24 33 0.130654
862 1055 17 21 0.130485
662 612 29 37 0.130141
472 653 24 33 0.130077
990 798 29 40 0.12968
807 1197 25 31 0.129666
407 1267 25 34 0.129483
912 1043 24 28 0.12914
897 685 21 29 0.127374
416 1166 29 36 0.127327
772 1259 23 27 0.126772
432 1030 16 23 0.126521
535 716 33 44 0.12607
949 1023 31 36 0.126024
987 728 22 30 0.125832
231 562 23 31 0.125781
501 1227 39 44 0.125677
472 1160 32 42 0.125344
957 1103 22 25 0.124653
844 727 27 34 0.124573
148 1006 37 46 0.124399
171 699 22 27 0.124242
727 1453 34 42 0.123742
379 1161 20 26 0.123445
610 599 19 25 0.123184
415 758 22 28 0.122884
751 1139 31 37 0.122626
586 930 17 27 0.122591
991 826 24 33 0.122355
540 811 24 30 0.121957
478 450 25 31 0.121815
941 1010 24 32 0.121398
1002 1503 17 25 0.121372
812 923 21 29 0.120979
761 989 23 29 0.120723
163 762 34 47 0.12055
985 962 18 23 0.119998
785 1412 31 45 0.119576
627 782 20 27 0.11957
706 880 17 22 0.119517
423 1359 31 40 0.119512
361 1257 42 56 0.11946
683 787 19 22 0.119367
646 1359 27 35 0.118571
400 897 19 25 0.11853
395 1492 32 41 0.118345
957 1247 18 23 0.117705
684 879 22 31 0.117351
764 966 14 18 0.117251
893 1161 23 29 0.117114
874 1506 18 22 0.116569
600 697 23 31 0.116456
967 1008 20 24 0.116057
480 1271 29 35 0.115177
465 1013 29 36 0.115172
575 860 19 25 0.115085
851 1161 22 25 0.11492
820 1032 21 26 0.114849
801 1062 19 25 0.114537
410 1393 42 48 0.114513
210 498 31 41 0.114151
643 658 23 32 0.114032
773 1219 16 22 0.113888
178 1327 41 57 0.113257
438 674 25 33 0.112971
986 1250 25 30 0.112953
862 1115 20 25 0.112344
667 1311 21 24 0.112086
177 1227 17 22 0.11186
499 1325 28 37 0.111525
201 673 21 28 0.111285
299 437 23 31 0.111274
662 1176 18 25 0.111032
189 591 24 31 0.110961
191 1225 22 29 0.110899
782 1241 21 25 0.110838
154 1383 27 32 0.11067
487 497 28 36 0.110563
289 1015 21 27 0.110358
303 801 28 40 0.110342
615 1083 20 26 0.109918
176 579 23 31 0.109306
433 1327 37 46 0.109139
538 1457 25 33 0.108876
770 1113 14 19 0.108535
683 896 19 23 0.108473
70 782 30 37 0.108416
361 1230 20 25 0.107917
837 1252 17 23 0.107857
257 1155 25 31 0.107785
530 737 30 42 0.107738
728 854 20 24 0.107679
534 1384 22 30 0.107061
488 792 19 27 0.106621
474 482 19 26 0.106482
887 1105 20 25 0.105974
279 858 28 37 0.105796
113 822 28 37 0.105775
338 1074 33 40 0.105693
498 1436 29 39 0.105458
981 1397 26 31 0.105361
298 826 22 30 0.104936
794 1238 24 30 0.10492
109 1249 22 30 0.104795
469 415 19 26 0.104666
782 1101 19 25 0.104611
320 1134 27 37 0.103938
878 1114 21 25 0.103712
926 1109 24 26 0.103575
910 370 22 28 0.103546
619 1188 13 18 0.103514
731 1140 22 26 0.103373
422 1272 56 72 0.103271
619 1159 21 26 0.103256
950 1174 22 28 0.103216
716 723 27 37 0.103045
632 1256 19 24 0.102985
820 735 22 28 0.102941
753 988 21 28 0.102848
406 938 23 30 0.102453
526 748 30 39 0.102265
574 1085 39 61 0.101936
57 1154 36 44 0.101572
298 396 23 31 0.101475
520 656 22 28 0.100886
220 661 23 31 0.100423
