illumination/illumination_00550
77
342 405 68 83 0.999986
369 284 77 105 0.99998
677 102 65 82 0.999437
509 189 118 154 0.998609
701 39 31 41 0.998605
277 -4 35 44 0.933786
647 56 44 54 0.930547
808 43 24 33 0.868521
737 89 45 67 0.852981
179 630 139 143 0.781472
820 100 29 36 0.756754
59 365 31 37 0.746779
959 57 60 87 0.709115
528 219 143 144 0.691531
960 262 62 90 0.582475
350 516 91 106 0.535877
857 66 27 30 0.519366
78 370 69 84 0.503614
677 455 14 18 0.496407
852 145 32 39 0.496293
386 385 33 48 0.451182
457 335 30 33 0.447595
923 240 34 46 0.399659
452 675 60 71 0.391639
149 438 51 59 0.38634
761 83 52 73 0.348505
981 402 30 38 0.33334
455 109 71 99 0.323568
744 51 51 63 0.31357
503 120 135 152 0.296629
274 532 45 55 0.29597
221 405 23 28 0.287529
481 232 16 22 0.268349
425 690 47 61 0.260297
575 654 17 28 0.235716
303 22 25 33 0.227062
296 66 40 52 0.223826
834 166 40 51 0.217661
264 537 20 34 0.213873
48 192 36 43 0.199761
836 119 18 22 0.198997
851 109 34 44 0.198398
169 374 26 29 0.192053
92 264 18 22 0.191647
265 517 22 29 0.191288
790 123 30 40 0.186271
653 80 49 66 0.184949
933 252 32 44 0.176686
253 550 33 48 0.175024
127 731 22 25 0.16958
686 164 39 48 0.167587
927 379 30 36 0.16405
543 106 32 40 0.157311
913 244 34 48 0.156892
923 15 43 57 0.156586
748 154 77 95 0.155809
328 315 45 58 0.151587
175 233 32 40 0.145222
277 17 33 36 0.144771
104 111 22 29 0.140242
986 455 29 33 0.131577
471 728 25 31 0.131574
439 668 49 67 0.126747
983 489 31 36 0.122793
-2 511 29 33 0.118682
323 528 52 57 0.117831
625 453 25 29 0.11687
811 30 23 32 0.116869
245 310 22 26 0.11432
81 207 30 39 0.113982
10 589 41 55 0.1129
194 386 23 28 0.108786
421 594 30 34 0.108526
950 202 29 37 0.108385
38 376 41 53 0.107293
71 199 19 26 0.102258
41 413 25 30 0.101443
