illumination/illumination_00356
34
428 224 24 29 0.708066
399 188 46 60 0.603303
517 179 32 38 0.474731
347 185 31 42 0.419397
488 401 23 27 0.401673
491 137 24 30 0.395434
427 236 34 48 0.372148
349 136 35 42 0.369361
449 383 18 21 0.368672
508 523 36 45 0.281251
492 483 24 31 0.262916
363 166 18 23 0.23974
488 100 34 40 0.226625
500 494 31 41 0.209477
440 214 24 29 0.201265
587 253 18 23 0.199965
262 448 22 29 0.194448
548 331 21 27 0.193035
369 195 22 26 0.178439
352 214 31 41 0.176797
545 125 41 49 0.165509
610 219 15 18 0.159919
505 177 21 25 0.155897
470 167 21 27 0.154559
377 318 44 56 0.150938
332 181 29 38 0.144519
445 149 21 24 0.143477
323 406 20 25 0.143091
498 175 21 25 0.130986
538 102 45 53 0.120639
513 135 26 30 0.120184
456 471 21 29 0.111658
562 119 48 55 0.103623
523 340 30 39 0.103556
