illumination/illumination_00628
63
504 224 33 42 0.999997
730 236 21 28 0.999482
376 204 36 51 0.991745
399 480 35 50 0.875633
551 234 11 15 0.796596
559 168 46 60 0.764927
632 146 44 51 0.704089
325 218 21 28 0.564045
335 543 34 43 0.465265
133 437 33 43 0.41751
298 313 26 28 0.400709
392 172 19 28 0.391279
647 258 30 34 0.388309
558 335 18 23 0.385817
376 606 14 18 0.383019
95 525 20 24 0.342702
615 325 18 24 0.32721
386 581 29 39 0.318555
322 473 21 32 0.316177
471 309 40 46 0.30234
315 175 45 56 0.289237
502 567 23 30 0.274212
920 223 22 28 0.266524
457 168 60 77 0.257758
446 362 34 41 0.255635
98 519 20 24 0.233482
654 141 66 83 0.227005
611 150 19 25 0.220574
771 126 28 40 0.215986
525 417 53 75 0.215907
971 258 20 28 0.215808
460 252 23 28 0.215176
633 300 25 30 0.203001
61 493 34 41 0.195659
23 523 29 35 0.193392
28 554 25 33 0.189926
486 345 34 44 0.185321
483 248 15 19 0.181986
89 535 19 24 0.181694
555 368 24 34 0.1723
346 612 37 42 0.169687
350 533 25 34 0.168492
807 193 19 27 0.156816
144 434 188 259 0.148867
711 357 44 63 0.147876
546 174 43 57 0.147787
533 511 26 32 0.143427
625 276 30 36 0.143147
342 365 28 37 0.139015
716 425 20 31 0.133585
806 215 27 32 0.132978
289 348 20 25 0.120346
478 296 23 29 0.119302
208 178 29 33 0.117058
459 388 35 45 0.115891
531 596 26 36 0.113693
312 230 43 56 0.112281
51 500 30 37 0.112192
818 212 27 34 0.111423
657 301 17 25 0.111351
288 356 29 36 0.109887
359 580 26 34 0.10214
289 309 26 32 0.100689
