illumination/illumination_00572
120
821 103 54 69 0.999937
724 197 36 49 0.999496
793 428 21 26 0.921883
957 643 33 39 0.843269
521 310 37 52 0.821312
610 321 31 37 0.815674
594 70 40 54 0.764751
388 193 29 40 0.749531
844 448 28 36 0.746242
708 287 59 83 0.729136
874 615 40 50 0.727135
975 391 24 30 0.665282
345 166 43 50 0.6336
821 200 26 32 0.631469
579 688 33 40 0.606516
661 372 58 76 0.558419
516 111 49 57 0.553032
954 697 26 33 0.544322
881 434 90 115 0.519899
952 182 20 29 0.503139
492 264 37 40 0.501215
386 208 33 40 0.431342
765 586 45 55 0.427324
858 629 37 46 0.414172
834 448 21 26 0.407793
846 608 24 31 0.403989
495 107 33 37 0.387218
444 138 30 34 0.376254
896 692 24 27 0.364848
863 359 26 33 0.358553
544 447 68 89 0.353948
962 327 49 59 0.352934
862 618 20 25 0.352734
594 35 26 32 0.33142
563 23 21 27 0.320959
919 516 58 76 0.315966
853 457 35 43 0.308803
920 573 52 60 0.307009
576 20 21 26 0.301607
941 587 53 65 0.288471
449 29 32 39 0.283681
833 65 27 32 0.27726
135 611 31 35 0.27176
616 388 31 39 0.266944
908 317 40 49 0.263426
608 37 23 28 0.247358
631 228 20 25 0.246704
428 106 22 26 0.243249
866 445 45 52 0.243088
460 231 22 36 0.241697
760 303 28 32 0.241488
791 632 27 31 0.238567
857 565 53 68 0.237004
672 109 54 60 0.236252
364 292 46 57 0.235024
664 260 22 30 0.233967
659 308 28 35 0.231044
561 391 37 45 0.227903
383 271 67 82 0.226681
177 684 23 26 0.224804
238 49 60 73 0.223944
544 534 41 49 0.220473
471 147 20 34 0.217876
914 55 19 23 0.214156
671 350 38 52 0.208475
451 470 30 35 0.207824
779 664 33 36 0.204706
887 217 31 40 0.202047
956 291 33 41 0.201699
836 491 53 69 0.200111
862 114 20 27 0.197864
793 403 17 24 0.196898
734 598 18 22 0.196595
615 666 44 53 0.190126
742 25 90 108 0.189134
35 187 22 24 0.186438
958 713 27 30 0.183108
379 104 31 35 0.182554
991 263 22 29 0.182158
495 297 46 61 0.181229
794 171 24 35 0.181065
600 267 40 53 0.177047
650 337 32 39 0.172258
721 624 31 38 0.169445
634 385 26 36 0.164154
505 678 32 43 0.16326
975 315 40 47 0.161383
723 445 37 53 0.159781
762 691 24 32 0.158696
803 659 24 27 0.156184
966 305 29 35 0.145456
859 87 28 31 0.141982
696 598 25 31 0.139225
482 66 43 50 0.1338
395 228 23 32 0.133055
872 347 31 38 0.132586
623 644 38 42 0.132549
564 55 25 32 0.131614
587 118 18 23 0.131213
763 358 32 42 0.127365
466 541 29 37 0.124666
888 277 25 33 0.124229
899 353 30 37 0.124097
752 213 19 26 0.123735
431 236 30 42 0.1231
762 641 36 43 0.121067
351 233 57 73 0.120796
66 566 29 40 0.118972
646 258 27 37 0.114626
622 184 19 27 0.114102
701 247 31 38 0.114053
819 75 39 50 0.113585
483 205 26 37 0.111744
968 616 36 47 0.109284
535 453 29 40 0.106339
827 375 45 63 0.10285
339 25 47 62 0.102805
449 203 18 23 0.102361
715 377 25 36 0.102135
560 88 21 25 0.101177
