illumination/illumination_00383
76
80 354 168 171 0.843305
500 214 31 42 0.810795
209 28 31 40 0.765377
661 175 53 65 0.75613
298 316 62 80 0.71234
860 452 34 41 0.680297
366 302 23 26 0.658244
496 135 41 63 0.575853
138 134 25 31 0.554462
515 258 17 19 0.525208
425 244 19 25 0.499425
342 239 48 59 0.486257
556 267 31 37 0.465608
135 206 29 33 0.426459
144 334 137 159 0.42538
81 210 53 57 0.408087
709 454 47 54 0.399649
278 88 96 137 0.396746
181 285 55 66 0.38701
251 176 29 33 0.373877
866 215 28 40 0.363861
253 231 56 84 0.361039
601 334 108 178 0.355037
895 70 46 54 0.344041
3 287 55 73 0.337833
861 85 30 38 0.326811
901 481 43 51 0.322576
231 222 27 31 0.303639
133 308 30 32 0.30005
554 89 25 39 0.298855
175 168 29 34 0.274145
530 200 66 83 0.269536
118 308 34 36 0.2611
730 486 68 83 0.25269
69 219 28 32 0.244327
633 497 40 48 0.226502
989 510 27 31 0.220899
371 123 24 31 0.220191
58 271 22 28 0.2057
607 285 27 34 0.205418
298 277 25 31 0.203886
484 234 40 54 0.202843
958 113 27 33 0.196492
323 226 47 54 0.188982
70 108 32 39 0.175172
276 30 22 29 0.172657
688 264 38 48 0.172381
856 252 42 60 0.170402
922 77 27 35 0.16782
858 284 39 51 0.164971
894 239 48 52 0.164181
284 333 39 51 0.160376
269 193 23 31 0.160061
893 518 42 49 0.15643
944 436 26 35 0.15343
317 308 61 68 0.152283
512 197 26 39 0.147218
214 283 35 50 0.144807
34 24 23 27 0.144612
0 227 38 43 0.139302
891 107 41 53 0.138355
747 382 38 49 0.134337
206 57 26 35 0.133319
60 188 28 30 0.132083
617 304 24 32 0.131755
38 113 24 31 0.126555
895 428 47 58 0.12528
223 273 27 34 0.12204
130 147 48 58 0.120644
600 296 30 38 0.120216
101 45 25 33 0.12012
752 451 40 51 0.119269
100 34 24 28 0.114154
995 267 24 28 0.110603
921 146 26 33 0.106239
838 441 38 50 0.100974
