illumination/illumination_00333
138
278 983 26 35 0.999589
538 969 22 32 0.955979
522 960 13 18 0.899989
43 780 22 26 0.81967
181 337 23 30 0.817343
267 1129 34 38 0.801706
801 816 40 61 0.768247
414 458 19 25 0.707415
179 28 32 39 0.692343
28 846 31 35 0.546676
761 895 39 49 0.539819
22 884 35 45 0.539041
63 627 16 18 0.537501
15 653 106 136 0.536504
422 529 22 28 0.521908
254 251 17 22 0.506006
176 383 15 21 0.502869
856 772 21 29 0.474663
219 756 31 40 0.4666
233 576 16 18 0.430744
96 871 19 26 0.428754
450 529 22 27 0.422133
453 648 28 34 0.418913
349 605 35 46 0.416164
359 1366 22 27 0.40198
181 57 27 31 0.398025
256 170 14 19 0.392208
298 968 42 48 0.384863
242 304 27 33 0.380245
425 591 22 30 0.373497
359 1276 24 27 0.369567
378 1102 48 54 0.366308
34 912 22 28 0.363329
270 144 14 18 0.361836
623 1373 25 31 0.35737
367 1072 22 26 0.330212
349 577 19 24 0.32792
70 578 20 27 0.319673
251 942 36 46 0.318734
583 691 47 55 0.314488
329 1033 27 35 0.313387
275 63 23 28 0.313165
625 702 17 22 0.309015
358 561 22 27 0.307772
270 626 23 31 0.305734
136 391 24 29 0.305365
110 697 33 37 0.294844
800 785 17 22 0.29168
399 1347 22 24 0.287941
169 1034 24 28 0.280277
168 652 20 24 0.27852
120 588 19 25 0.269021
549 983 20 23 0.26576
246 252 17 23 0.261796
686 883 36 44 0.259291
169 0 26 32 0.240749
704 994 21 27 0.240692
168 791 17 20 0.239689
309 179 21 26 0.238926
462 1401 22 26 0.236752
265 725 27 25 0.236684
266 900 22 26 0.235122
188 6 26 33 0.234696
66 538 30 41 0.232264
523 980 18 25 0.231524
607 1027 45 50 0.22773
667 963 30 37 0.224962
143 1033 30 34 0.222799
159 34 32 41 0.222087
293 424 21 28 0.220644
181 80 28 34 0.218029
862 800 23 31 0.215607
142 137 28 34 0.215472
179 1201 25 28 0.213539
253 1430 23 29 0.212211
144 227 23 31 0.207513
546 1028 41 53 0.204423
193 259 21 29 0.200049
169 251 19 22 0.199763
227 461 30 36 0.19907
749 878 18 26 0.1866
165 11 21 26 0.185488
437 589 25 31 0.181753
630 700 18 22 0.178808
444 613 40 54 0.175051
848 866 47 55 0.173909
165 521 20 28 0.171881
228 56 17 24 0.170358
162 517 14 19 0.170346
664 1350 27 32 0.168179
482 1194 15 23 0.16696
40 869 24 32 0.166076
195 126 19 26 0.164037
676 1021 22 33 0.161909
156 1210 28 30 0.160489
523 881 15 18 0.160034
256 1185 40 45 0.158607
235 1090 16 22 0.157208
516 1036 63 72 0.156833
868 960 16 20 0.150844
870 921 26 31 0.148847
261 404 33 41 0.1427
125 1037 28 33 0.142608
573 974 20 23 0.141729
724 953 14 16 0.138739
286 511 23 32 0.137074
110 247 32 44 0.13551
67 1278 21 26 0.134864
970 501 21 29 0.13334
299 1218 42 56 0.132887
839 917 23 29 0.13129
897 889 26 37 0.130852
302 1126 21 23 0.130595
159 59 23 27 0.128798
63 587 29 39 0.124306
988 514 21 28 0.123932
739 959 27 34 0.121509
686 990 23 31 0.12143
354 1159 71 78 0.121419
386 651 29 38 0.121225
326 680 16 20 0.119403
398 1272 19 25 0.119325
7 1217 21 26 0.118756
610 997 43 48 0.118269
577 832 15 21 0.116192
372 1270 25 26 0.116169
279 37 22 30 0.11224
838 752 24 32 0.109403
387 697 21 25 0.108688
316 539 27 38 0.107999
305 497 18 26 0.10737
820 952 19 22 0.103997
245 154 16 20 0.103988
466 1016 17 22 0.103101
127 139 21 27 0.103064
494 1397 23 28 0.102782
187 649 20 26 0.102235
527 1147 77 94 0.10202
