illumination/illumination_00306
70
460 590 41 60 0.999995
945 864 24 32 0.884861
336 695 29 31 0.597704
836 684 38 57 0.533277
809 852 25 30 0.528996
721 633 33 50 0.500851
834 806 36 56 0.497542
837 515 60 94 0.493346
874 1013 37 43 0.47325
806 759 28 39 0.45679
164 474 26 34 0.451676
62 1181 34 36 0.448461
971 380 35 52 0.441063
168 117 26 34 0.410293
82 1148 34 36 0.401297
746 829 24 27 0.399871
811 472 44 60 0.388643
803 402 39 50 0.387334
505 863 57 74 0.374113
66 620 52 62 0.367362
987 841 33 49 0.361476
14 706 34 40 0.350374
974 475 28 39 0.337977
133 517 28 34 0.336376
736 499 35 46 0.336293
361 927 20 28 0.329529
795 904 45 56 0.321522
878 725 31 50 0.317989
370 686 36 43 0.307868
783 778 31 39 0.286834
818 786 36 50 0.280622
736 846 30 39 0.274748
859 597 47 75 0.272903
543 1213 23 28 0.27122
783 753 34 42 0.255884
813 582 50 69 0.253012
871 663 38 58 0.244329
582 734 24 37 0.243893
877 485 25 36 0.228706
461 1059 27 32 0.224801
22 634 30 33 0.217891
495 912 46 63 0.212913
903 585 34 39 0.204044
904 367 48 59 0.202654
25 1221 34 34 0.201836
972 788 45 70 0.194587
843 416 42 58 0.188769
889 894 32 35 0.176059
786 808 30 35 0.155539
252 1115 25 30 0.147525
833 726 35 52 0.147147
87 850 58 69 0.141509
-2 1270 31 39 0.138029
963 871 53 80 0.137154
441 1140 40 50 0.132791
198 248 36 37 0.132674
785 849 33 43 0.13195
833 941 34 39 0.125257
971 741 45 74 0.12097
952 885 19 25 0.118709
75 596 52 59 0.118137
101 1117 34 37 0.115336
805 181 47 61 0.115004
831 771 34 52 0.114816
785 500 27 42 0.11406
423 869 32 40 0.111066
192 1265 26 33 0.109625
27 112 150 170 0.104858
47 542 29 33 0.102929
819 311 59 72 0.101381
