illumination/illumination_00558
91
324 406 53 64 0.999939
502 687 27 32 0.823126
930 270 29 35 0.79198
562 198 204 230 0.764616
304 324 44 55 0.701094
770 385 16 21 0.669595
293 313 23 26 0.656099
914 267 29 39 0.607223
574 732 25 29 0.605895
217 684 31 35 0.578043
914 431 24 28 0.568371
839 331 26 35 0.531984
212 219 25 25 0.51299
58 273 38 48 0.50001
907 450 20 23 0.496706
40 504 24 27 0.494731
192 299 18 21 0.472978
-1 303 20 28 0.455421
493 221 84 117 0.453597
327 380 35 43 0.451047
420 639 33 38 0.443796
371 336 29 36 0.41911
22 213 25 31 0.383335
0 290 17 21 0.366074
553 180 18 24 0.347316
516 318 37 51 0.317003
36 189 29 39 0.315752
123 588 49 54 0.30605
933 301 32 36 0.304941
919 361 40 44 0.301579
221 290 28 31 0.297139
79 330 37 47 0.297083
369 270 29 37 0.292192
23 291 19 26 0.290938
406 448 28 31 0.28968
387 385 54 66 0.270592
25 247 32 42 0.269829
946 422 22 27 0.26515
916 107 25 30 0.259775
878 83 21 26 0.257823
751 151 39 52 0.25533
960 275 23 38 0.254753
259 298 29 32 0.252581
828 314 24 31 0.244718
147 320 24 28 0.239264
437 282 46 57 0.230711
276 307 23 24 0.229083
713 59 22 30 0.222913
403 359 18 24 0.222562
815 382 25 30 0.217403
833 346 27 40 0.210722
966 317 22 31 0.202843
437 367 25 36 0.200789
737 269 74 87 0.196369
873 333 17 19 0.196344
449 345 22 25 0.186929
865 377 21 27 0.177123
749 98 16 19 0.176324
637 554 27 32 0.174519
589 116 23 31 0.170511
304 366 42 54 0.164657
765 401 30 42 0.164255
972 394 27 39 0.157602
32 557 28 35 0.156038
959 361 24 27 0.155967
911 476 21 23 0.155005
839 67 28 39 0.152394
1 234 26 37 0.150332
242 383 59 70 0.148929
171 71 25 32 0.146638
321 395 29 36 0.145871
960 260 25 28 0.142876
342 376 37 43 0.142871
162 231 26 29 0.142155
872 408 23 25 0.141497
878 318 24 27 0.140182
721 53 25 32 0.133583
709 160 24 29 0.13257
170 316 24 30 0.129296
238 297 24 26 0.127342
946 59 54 71 0.125453
916 329 24 29 0.119573
28 610 39 45 0.118154
213 379 16 19 0.11435
933 74 28 36 0.111823
214 364 18 24 0.11126
532 135 25 33 0.111023
551 352 19 27 0.108567
505 360 28 40 0.107269
286 480 27 36 0.104589
864 210 24 36 0.102169
