illumination/illumination_00361
84
321 345 29 43 0.992246
567 399 16 25 0.969615
441 384 24 35 0.909076
561 44 62 77 0.798833
530 63 28 37 0.708596
741 461 23 29 0.527604
213 391 31 38 0.521216
608 514 24 30 0.510823
847 571 25 30 0.493801
842 204 21 30 0.493414
559 558 24 29 0.470432
638 62 22 26 0.470414
585 437 44 53 0.456294
462 385 30 41 0.455136
9 124 54 55 0.431049
105 108 33 46 0.426797
576 468 31 43 0.419683
968 6 28 35 0.41231
559 623 22 25 0.412005
585 520 36 47 0.40713
377 480 51 76 0.388409
932 0 41 53 0.385158
265 456 20 21 0.358693
930 642 36 46 0.357366
174 553 13 19 0.341851
396 448 29 45 0.341508
718 585 19 24 0.329584
142 74 26 31 0.317522
452 386 26 34 0.309502
524 566 49 64 0.308348
657 6 42 48 0.301377
683 525 32 42 0.295899
84 41 65 79 0.287958
571 459 33 40 0.285056
679 385 25 27 0.280775
572 403 17 23 0.275917
142 99 29 40 0.258844
20 144 68 74 0.25818
628 409 40 46 0.245611
960 106 20 28 0.239954
950 308 23 30 0.236456
34 16 61 73 0.232956
754 15 27 28 0.221452
760 546 20 25 0.220545
965 565 26 30 0.218297
780 473 25 29 0.210924
228 542 63 75 0.210235
387 468 28 35 0.192178
789 573 27 32 0.188042
854 556 23 28 0.187896
906 87 19 27 0.181313
89 541 51 56 0.170262
121 548 29 33 0.167596
562 520 15 18 0.166617
573 20 18 23 0.164296
750 608 28 35 0.16428
110 170 18 22 0.159223
612 101 31 40 0.159078
263 18 23 27 0.15814
515 494 22 27 0.157085
869 452 36 45 0.156473
847 90 52 75 0.150994
932 539 25 30 0.149769
609 493 27 34 0.140887
706 525 20 27 0.13918
969 551 25 29 0.136931
775 544 23 27 0.134647
229 389 36 49 0.12957
740 576 24 29 0.127655
761 31 26 28 0.12759
526 105 21 29 0.126479
516 534 35 38 0.125188
180 410 40 48 0.124243
135 539 36 42 0.122883
539 538 32 37 0.120527
228 -1 39 46 0.119737
183 381 24 34 0.116529
561 573 19 25 0.115085
82 545 20 26 0.115071
812 26 16 18 0.110418
724 593 22 28 0.106978
786 478 25 30 0.103704
722 517 18 26 0.101916
39 548 30 41 0.101182
