illumination/illumination_00753
39
448 325 21 30 0.998215
622 452 23 30 0.994125
590 380 26 33 0.771915
72 323 23 30 0.710176
856 527 17 21 0.697869
545 313 17 25 0.633796
527 402 17 19 0.443135
-4 531 35 47 0.439927
290 387 57 84 0.429013
611 428 33 43 0.389165
27 402 20 25 0.373735
848 389 20 29 0.344742
732 44 52 61 0.301163
526 315 23 25 0.299999
517 441 45 56 0.283177
579 379 29 35 0.265734
452 330 23 29 0.254739
483 370 18 28 0.226079
537 338 22 29 0.216852
478 488 19 23 0.205867
204 292 14 18 0.20066
106 366 16 21 0.196866
406 95 60 78 0.185316
516 360 17 22 0.178347
521 345 24 26 0.16424
829 344 36 43 0.163997
899 433 24 31 0.152246
436 441 35 49 0.147806
772 301 56 72 0.14639
602 368 20 29 0.142493
879 367 19 21 0.13572
920 367 34 48 0.12926
272 401 22 31 0.121652
437 431 19 29 0.12061
398 330 21 29 0.118988
153 443 42 47 0.115696
539 387 20 25 0.113997
92 316 17 19 0.11299
255 392 19 23 0.10516
