illumination/illumination_00584
33
37 178 80 102 0.907701
827 313 22 29 0.801827
187 591 37 46 0.739457
38 531 36 43 0.700746
598 106 12 14 0.440252
889 200 22 27 0.438229
699 236 23 34 0.419136
205 258 49 64 0.404533
192 247 46 58 0.364844
358 73 24 25 0.349686
392 532 30 34 0.347386
410 198 20 22 0.324033
910 157 79 108 0.300108
22 160 63 88 0.27445
806 295 28 37 0.252138
255 98 79 94 0.250828
154 81 18 22 0.204357
951 319 15 17 0.199056
187 378 16 19 0.196409
51 86 27 35 0.182128
158 593 30 33 0.16966
384 277 40 49 0.16475
181 241 18 23 0.164666
965 345 16 20 0.155216
951 308 16 20 0.154127
197 326 43 51 0.149089
26 235 40 53 0.148562
912 15 48 57 0.141646
381 357 23 27 0.129119
390 318 26 26 0.125894
851 207 49 58 0.11602
422 527 35 39 0.114022
309 551 26 32 0.111638
