illumination/illumination_00310
23
389 165 126 170 0.987664
280 536 41 49 0.584965
262 356 54 70 0.50127
561 612 31 39 0.405984
260 388 49 73 0.404791
346 432 26 34 0.3454
755 361 94 105 0.317076
427 381 50 72 0.274301
654 498 27 36 0.224615
634 540 31 39 0.223529
335 541 30 48 0.222771
675 540 36 55 0.184879
544 426 25 33 0.16778
779 494 32 40 0.163324
275 449 39 60 0.144046
353 470 41 56 0.140578
404 440 30 42 0.136792
444 517 51 63 0.1356
683 528 33 52 0.13521
475 583 45 63 0.119793
889 120 62 69 0.115858
566 460 37 43 0.108003
732 530 44 53 0.104889
