illumination/illumination_00744
44
27 343 38 44 0.878074
306 206 14 16 0.808815
58 164 45 57 0.740806
965 405 34 46 0.735341
455 5 36 40 0.721722
266 288 21 29 0.628001
523 33 40 47 0.592937
493 20 44 49 0.563832
243 195 14 18 0.54141
455 77 34 37 0.536729
297 132 13 18 0.437565
441 5 27 29 0.32205
675 220 22 32 0.311828
849 135 73 101 0.311267
935 418 33 44 0.311187
13 344 38 46 0.285948
275 228 27 34 0.254226
42 309 26 33 0.246224
592 389 22 27 0.225249
419 147 35 47 0.208247
242 531 22 28 0.202307
544 533 28 37 0.199173
614 458 40 46 0.191009
986 441 27 40 0.190483
380 252 21 31 0.186846
389 167 22 28 0.181666
400 269 21 30 0.163077
989 420 25 33 0.15795
313 511 16 19 0.15206
3 447 36 53 0.147527
792 302 40 60 0.146605
593 402 32 44 0.135743
703 211 77 103 0.133224
460 167 21 25 0.126138
14 143 66 82 0.125994
0 122 32 34 0.121272
891 454 22 24 0.118316
419 309 28 31 0.116545
546 48 64 78 0.11597
26 375 29 36 0.115186
225 251 40 52 0.113007
956 390 26 34 0.106781
659 452 26 32 0.105993
98 54 109 162 0.10391
