illumination/illumination_00719
44
708 108 183 233 0.999949
-20 -53 226 359 0.872627
760 43 37 45 0.840712
500 138 40 50 0.786124
518 18 30 37 0.785799
407 387 44 54 0.734615
676 56 28 38 0.600424
507 261 29 45 0.54504
418 321 41 52 0.511078
421 275 36 44 0.459321
893 153 37 56 0.454424
433 338 37 45 0.453061
688 176 45 63 0.403611
498 275 37 57 0.388019
812 0 41 50 0.369787
707 3 41 43 0.356371
574 148 28 34 0.346586
852 52 51 64 0.344975
456 296 46 58 0.269104
494 241 21 28 0.266729
543 97 42 51 0.262937
882 196 29 40 0.251965
638 110 27 35 0.250556
497 110 40 48 0.244332
485 83 29 37 0.235768
415 485 22 30 0.22709
488 347 45 55 0.207485
949 91 50 62 0.205954
493 497 42 55 0.205583
455 22 39 47 0.192691
866 148 43 66 0.180475
728 17 29 33 0.171629
429 153 51 61 0.164399
482 104 36 46 0.158022
525 129 28 33 0.157446
556 209 22 28 0.151831
423 114 25 33 0.136766
483 64 25 32 0.132096
565 116 29 36 0.128224
626 493 58 65 0.122834
614 241 29 38 0.121633
447 411 67 86 0.116914
845 10 34 42 0.11087
407 310 24 37 0.108654
