illumination/illumination_00738
170
445 514 59 76 0.999927
781 563 50 64 0.997016
595 1161 31 36 0.978847
336 1173 32 37 0.934537
408 1100 30 30 0.918351
86 590 61 71 0.904468
388 1295 57 66 0.837059
10 1455 63 73 0.739025
137 744 41 52 0.730525
130 1267 32 37 0.720753
69 902 47 60 0.664652
52 1360 24 32 0.652454
821 1300 39 54 0.632827
762 545 27 36 0.632369
889 708 19 25 0.626496
363 1158 38 41 0.622811
506 795 32 42 0.621984
437 492 19 22 0.600982
554 1207 48 55 0.595328
186 1052 26 32 0.577896
718 1119 57 63 0.577702
557 1347 33 43 0.539321
201 1059 33 39 0.53494
239 1190 33 36 0.53381
447 1377 23 30 0.53337
457 1317 47 56 0.528537
455 1125 25 30 0.516516
417 1247 28 34 0.499172
87 1055 23 28 0.48865
98 911 40 50 0.47972
337 738 72 102 0.475549
392 1200 55 57 0.465551
610 1177 42 55 0.439643
669 696 27 34 0.437962
252 761 83 94 0.428384
869 1247 35 38 0.425578
540 1377 32 42 0.423737
568 1490 35 42 0.423319
646 1121 25 27 0.417613
153 1180 27 29 0.417444
47 1001 30 31 0.412958
327 1297 27 33 0.403906
97 851 29 33 0.400021
253 1425 38 49 0.399907
190 1097 41 42 0.397066
401 1462 63 79 0.395148
437 1438 33 44 0.393717
369 1288 29 38 0.389063
164 1317 68 77 0.386401
476 659 41 51 0.378188
223 1458 31 41 0.373584
507 1186 39 48 0.373114
471 1366 40 46 0.372537
719 660 30 37 0.36548
214 1251 36 46 0.363417
321 1417 29 35 0.357342
842 786 55 63 0.350132
99 867 38 43 0.349142
514 1463 32 45 0.346388
569 1401 30 34 0.34467
796 1332 27 35 0.339026
-1 1201 80 93 0.33104
630 1412 25 30 0.32722
380 637 36 49 0.327022
545 1446 43 50 0.326673
538 1070 49 60 0.326084
353 866 45 62 0.320169
430 505 35 40 0.317643
131 731 33 39 0.31469
778 1335 35 38 0.30686
478 1445 36 42 0.302058
639 639 49 69 0.300571
699 969 50 66 0.29873
370 1197 24 28 0.297605
761 1163 33 40 0.296597
284 1333 44 52 0.291828
784 1088 31 34 0.286872
253 1441 56 72 0.286284
472 1167 39 48 0.281495
132 660 26 34 0.276367
579 1287 26 33 0.275918
319 1218 36 44 0.275012
429 1341 39 48 0.268611
72 604 45 50 0.26503
330 1361 35 44 0.264051
550 737 30 36 0.253954
651 1428 25 31 0.252348
971 980 30 36 0.250544
751 561 36 50 0.250255
727 931 25 29 0.242541
480 1335 40 49 0.237595
540 684 20 27 0.231735
267 1397 42 55 0.229958
243 1447 29 37 0.223075
322 1315 24 31 0.220593
149 948 41 49 0.21877
114 952 42 48 0.215518
735 621 24 30 0.212826
86 738 31 33 0.209429
480 782 42 51 0.20895
102 1042 38 45 0.208317
201 1138 30 33 0.206297
944 837 36 40 0.205007
156 1051 26 32 0.204905
600 1270 44 57 0.204841
911 1108 27 32 0.204296
893 1462 34 43 0.204223
478 1201 25 30 0.203999
48 943 33 37 0.203718
623 1117 17 20 0.202692
296 1467 36 46 0.202537
536 1369 24 33 0.199456
228 717 35 51 0.195656
337 1117 36 42 0.192446
438 1119 33 40 0.188665
178 1187 30 37 0.185272
173 1041 17 20 0.184427
222 1387 32 37 0.173656
77 741 28 32 0.173596
117 1391 36 43 0.173448
748 1390 66 77 0.172745
301 1290 15 20 0.171824
877 889 61 72 0.169576
449 1488 39 49 0.164293
905 843 31 35 0.158653
132 863 57 82 0.158241
225 1104 25 29 0.15598
140 939 38 46 0.154408
977 989 33 39 0.153959
529 1449 41 46 0.152671
82 1003 20 23 0.150706
842 1274 22 28 0.150163
717 1191 30 38 0.14914
214 1452 31 40 0.147431
517 1356 23 29 0.147427
656 1348 39 45 0.146505
726 1486 35 42 0.140987
232 1239 26 32 0.13967
927 1006 27 30 0.138284
109 1116 26 27 0.131937
456 1266 55 66 0.130329
404 947 27 37 0.128619
546 1110 28 34 0.127713
555 1272 32 40 0.124284
459 1434 42 53 0.124082
575 675 20 22 0.123669
19 791 27 36 0.123322
707 866 30 43 0.123091
848 1239 40 47 0.122769
676 1317 23 28 0.122515
21 880 23 26 0.122466
89 1349 24 29 0.121511
344 1324 32 41 0.121484
124 969 39 48 0.120798
408 1151 40 42 0.119176
595 1455 32 39 0.119058
191 1173 36 39 0.118456
589 1254 22 28 0.116866
532 1151 61 71 0.116111
687 698 22 29 0.115894
381 1249 44 50 0.115705
108 893 48 58 0.115006
843 975 27 32 0.114881
709 599 32 40 0.113507
607 715 35 40 0.112441
1 956 54 56 0.112367
497 1208 54 69 0.107891
139 1315 26 32 0.106504
308 1383 32 37 0.100732
194 1227 27 29 0.100636
