illumination/illumination_00353
57
157 93 179 185 0.998804
953 521 22 30 0.826338
204 649 20 26 0.821715
707 639 21 25 0.724052
732 541 18 23 0.68255
867 383 24 26 0.64026
949 203 23 30 0.614739
816 419 30 34 0.593628
930 371 40 44 0.582555
109 610 28 37 0.581472
724 571 20 28 0.580273
969 124 22 27 0.560387
789 612 20 24 0.548953
992 365 31 33 0.465484
790 494 33 34 0.441236
198 589 42 52 0.436745
107 658 26 32 0.425646
794 533 17 21 0.404454
801 557 21 26 0.402016
930 328 39 40 0.336786
864 398 16 18 0.320181
777 455 26 32 0.298405
814 25 25 31 0.294173
749 489 21 25 0.279604
11 525 49 61 0.274068
812 466 26 32 0.272241
946 634 17 22 0.253119
794 404 37 40 0.251887
802 56 19 26 0.236768
634 165 21 28 0.220416
594 91 39 49 0.217577
988 394 16 18 0.204468
832 485 24 30 0.187048
781 33 25 35 0.186062
571 169 27 36 0.17867
760 438 27 29 0.176949
38 532 35 44 0.169465
649 10 42 51 0.155913
860 363 19 22 0.147852
797 515 17 20 0.14718
831 84 25 32 0.146935
703 65 35 47 0.141057
75 642 31 38 0.135914
894 300 22 21 0.135432
32 558 48 59 0.135128
735 494 26 39 0.135025
957 336 21 25 0.135012
920 386 39 42 0.130902
827 343 17 19 0.129606
770 610 23 23 0.127626
964 -6 44 54 0.124603
514 258 28 33 0.122595
717 174 36 43 0.120573
864 101 31 39 0.116526
606 255 20 26 0.114436
60 555 63 81 0.10823
692 590 24 36 0.100714
