illumination/illumination_00367
93
825 235 38 44 0.974164
475 347 20 27 0.959069
657 467 32 39 0.913211
683 246 21 26 0.719628
824 250 39 52 0.689172
825 501 21 26 0.678865
818 404 20 33 0.601178
330 425 28 30 0.542077
627 311 26 28 0.518759
686 341 33 48 0.470335
698 466 40 52 0.449672
614 460 31 39 0.427573
625 536 23 31 0.415186
906 549 27 32 0.401801
67 672 37 44 0.388699
286 -5 28 38 0.386266
106 71 26 29 0.385099
965 228 28 37 0.377598
517 349 28 31 0.347112
624 576 26 30 0.346758
313 386 22 28 0.340226
176 27 25 32 0.329596
705 233 45 59 0.328049
916 676 23 31 0.325899
753 319 30 41 0.321252
624 449 19 24 0.313662
106 8 42 50 0.304365
465 514 24 35 0.302673
633 641 21 28 0.3007
575 305 24 28 0.296286
341 335 16 19 0.286962
474 572 17 21 0.282165
86 26 35 44 0.282077
731 514 25 31 0.272609
368 13 19 23 0.271444
651 326 54 61 0.266387
952 450 22 26 0.258215
322 381 15 20 0.232803
126 104 27 33 0.228321
343 381 23 28 0.226164
537 404 20 23 0.224091
47 724 20 23 0.217078
895 401 25 37 0.21569
923 555 24 28 0.212662
917 582 54 60 0.212596
884 499 26 30 0.208555
711 450 37 54 0.2069
889 179 56 79 0.205768
883 532 26 26 0.201692
728 724 33 38 0.198785
327 374 20 25 0.191469
674 177 20 27 0.190102
584 436 27 30 0.187276
474 335 18 21 0.184981
337 380 20 22 0.180774
351 378 23 26 0.179765
135 742 19 22 0.177921
443 405 19 28 0.171781
209 303 23 29 0.167493
479 515 32 45 0.159642
82 58 29 35 0.1574
856 460 23 27 0.157137
856 328 24 30 0.153937
800 457 26 30 0.148527
50 581 31 38 0.147436
936 570 54 68 0.147088
546 437 31 33 0.146562
929 453 15 17 0.146373
94 -1 23 27 0.144605
742 395 25 36 0.142822
752 150 40 55 0.136757
748 207 25 28 0.135968
301 14 40 49 0.135296
936 556 20 25 0.130958
97 276 46 57 0.130473
106 91 17 24 0.128198
198 464 14 17 0.127058
640 644 23 30 0.12693
745 329 34 49 0.126445
512 405 29 40 0.126421
664 542 22 31 0.125369
855 377 14 22 0.123067
630 463 23 30 0.118625
228 56 37 45 0.118612
269 83 31 37 0.118236
16 417 21 27 0.118061
104 639 71 81 0.117408
632 668 24 35 0.115113
791 422 24 32 0.11066
954 530 32 35 0.105706
125 -6 35 49 0.103041
510 317 29 34 0.102809
614 395 42 57 0.100846
