illumination/illumination_00560
67
237 190 73 100 0.999995
462 116 80 106 0.999906
694 89 111 142 0.99267
293 346 57 86 0.747201
272 143 51 59 0.715261
156 258 55 74 0.695749
70 360 41 55 0.695532
330 273 33 49 0.636176
199 160 42 61 0.617041
643 101 35 52 0.608556
167 208 39 49 0.593613
342 261 54 74 0.592632
827 77 54 58 0.576931
211 476 32 37 0.56779
77 212 47 59 0.566561
340 118 29 39 0.537892
85 283 93 126 0.532349
293 448 69 97 0.48894
874 -13 142 175 0.482477
420 128 22 30 0.472087
580 205 27 31 0.470205
617 219 30 34 0.469044
49 271 65 97 0.396638
237 434 39 49 0.380883
200 367 56 74 0.37707
529 51 52 66 0.35731
839 185 76 96 0.35383
31 370 61 77 0.30813
421 85 22 31 0.306575
430 311 37 47 0.273621
416 335 30 35 0.271523
279 466 28 40 0.26937
624 57 23 31 0.262049
639 214 51 64 0.251174
135 247 28 38 0.24793
964 193 47 71 0.241045
925 183 67 91 0.237167
340 71 29 40 0.235094
584 104 31 43 0.23262
619 229 62 81 0.22703
396 150 21 27 0.217472
315 136 51 59 0.215781
683 27 36 48 0.200618
635 15 35 40 0.197803
571 79 24 28 0.190691
637 424 36 49 0.189726
57 247 36 42 0.186746
395 400 86 96 0.185867
311 170 27 37 0.17766
601 478 35 44 0.171687
953 462 58 72 0.171566
233 483 39 50 0.159931
149 208 41 43 0.158206
38 243 34 49 0.147989
-8 387 92 132 0.145828
660 31 26 38 0.144344
214 450 34 39 0.137317
489 274 56 70 0.134789
396 63 26 37 0.134498
598 494 46 63 0.134252
215 354 46 59 0.134127
437 58 25 36 0.132389
635 87 29 34 0.125828
579 494 33 41 0.119213
664 73 38 44 0.115985
828 96 67 79 0.114819
863 183 86 97 0.109119
