illumination/illumination_00616
54
190 209 148 181 0.999983
593 83 142 202 0.999851
126 226 53 64 0.999797
376 267 46 54 0.999454
21 265 36 45 0.810564
471 233 40 51 0.752914
596 338 25 31 0.645238
546 229 47 59 0.643866
121 360 37 41 0.633019
642 79 139 176 0.610675
512 307 29 39 0.58412
684 151 122 166 0.522371
351 231 38 45 0.459067
951 244 26 31 0.416812
632 314 29 37 0.366681
444 256 30 36 0.354684
608 292 35 40 0.351222
195 170 83 99 0.29455
540 189 25 35 0.293973
67 220 25 29 0.292189
531 324 42 49 0.289861
366 326 55 61 0.280997
313 324 82 103 0.276732
259 184 32 36 0.247988
727 42 31 36 0.23633
413 310 24 30 0.220941
570 332 30 41 0.208259
962 284 20 22 0.192791
26 450 27 36 0.182996
89 236 26 30 0.179091
557 268 27 31 0.176879
173 223 44 62 0.175773
433 87 23 28 0.159181
413 247 22 27 0.158825
109 347 41 47 0.156469
520 232 32 43 0.154116
628 284 29 39 0.151808
493 115 27 33 0.142434
473 168 42 57 0.140654
421 334 29 43 0.133533
975 264 28 38 0.132031
291 139 32 37 0.131758
948 196 43 50 0.128204
519 503 25 32 0.118578
175 307 28 40 0.117557
621 31 89 112 0.115072
52 221 28 31 0.113961
100 93 27 33 0.108393
68 265 18 25 0.107887
450 312 36 43 0.107805
404 156 36 47 0.106993
331 176 40 45 0.106238
133 183 37 40 0.104531
440 234 30 33 0.103097
