illumination/illumination_00667
74
679 344 40 43 0.999688
902 340 48 59 0.923507
574 174 116 137 0.872264
861 32 27 36 0.84428
361 147 70 89 0.819876
830 309 67 85 0.797551
756 470 65 80 0.772465
677 309 39 45 0.725473
984 288 31 41 0.714524
813 327 46 55 0.686354
560 273 26 34 0.679223
659 453 41 51 0.663769
952 396 38 46 0.643252
928 344 43 51 0.613772
264 310 165 198 0.610075
603 421 32 44 0.604697
922 271 52 61 0.600505
677 395 86 112 0.589821
641 381 39 50 0.551225
889 428 62 70 0.537095
793 339 21 24 0.535629
864 15 29 36 0.518552
708 183 35 36 0.511701
848 -10 38 43 0.50086
842 18 36 46 0.423349
753 245 26 31 0.385362
439 212 26 30 0.379249
165 465 30 39 0.371492
732 145 24 34 0.353916
778 14 60 73 0.344467
12 334 143 182 0.333643
654 304 24 27 0.330203
410 375 88 130 0.326752
835 16 27 33 0.326281
968 234 42 52 0.321119
736 191 32 33 0.295081
796 -4 28 35 0.262561
473 528 28 36 0.24058
793 187 35 38 0.238997
934 37 28 36 0.236244
750 207 22 23 0.232483
646 310 23 25 0.227003
781 352 36 51 0.225637
564 300 17 20 0.22417
766 430 28 37 0.219214
822 175 35 43 0.213024
757 342 28 34 0.20838
977 265 27 38 0.189943
145 469 35 41 0.186945
940 227 48 58 0.181062
842 234 45 57 0.175585
568 354 24 33 0.170326
352 409 117 183 0.168387
617 362 22 27 0.165175
723 211 23 31 0.165068
627 411 41 55 0.164134
714 217 29 38 0.161297
564 345 21 26 0.159605
804 127 19 26 0.153623
360 175 70 93 0.153621
581 319 22 28 0.149098
878 122 24 27 0.131725
587 353 34 50 0.131232
693 192 24 27 0.129379
721 253 19 22 0.126744
748 239 25 30 0.122228
735 253 23 29 0.11985
464 169 43 57 0.11695
677 367 53 66 0.115615
883 333 30 40 0.105642
285 173 72 101 0.105224
104 300 108 156 0.103937
192 473 33 42 0.102894
857 48 26 37 0.102251
