illumination/illumination_00044
143
358 370 434 521 0.999456
365 126 101 121 0.817799
168 724 47 58 0.81023
321 319 61 66 0.806172
180 464 26 33 0.803005
203 261 28 35 0.718098
648 1083 28 33 0.708837
434 1285 28 33 0.700664
267 554 36 43 0.658707
161 322 57 69 0.641277
553 166 26 31 0.620494
75 553 32 39 0.601041
340 1085 26 32 0.590029
45 336 25 32 0.589895
660 146 35 40 0.564175
680 1284 29 34 0.531997
193 425 27 35 0.52519
552 879 32 36 0.511854
716 53 66 70 0.508376
383 1180 29 33 0.500306
672 251 37 40 0.494749
770 980 33 37 0.471033
190 435 26 35 0.441229
344 236 29 36 0.441171
809 333 37 41 0.436848
3 631 57 70 0.434036
762 137 64 72 0.433743
658 1159 111 126 0.424252
705 1374 45 53 0.415041
314 236 40 48 0.413534
294 254 23 32 0.404176
166 251 25 30 0.402699
221 433 33 42 0.400436
213 33 75 75 0.39156
36 695 30 34 0.388856
508 1314 64 70 0.382419
499 39 25 30 0.378354
742 877 33 36 0.365561
316 1285 28 33 0.350471
795 405 19 30 0.348885
663 11 59 70 0.346185
805 1086 30 33 0.342986
313 117 43 51 0.339386
750 330 34 39 0.33534
138 734 30 35 0.33516
162 626 46 50 0.333159
572 875 40 47 0.332958
329 157 27 34 0.32048
649 878 27 31 0.313484
612 1174 37 42 0.313193
63 329 24 28 0.311602
355 1470 25 31 0.306983
473 137 44 52 0.298009
150 331 34 41 0.29482
823 1086 28 32 0.288777
72 144 34 44 0.284931
199 138 84 91 0.283261
774 239 45 53 0.280735
615 57 51 53 0.273577
757 1019 27 37 0.268822
891 172 27 33 0.267369
244 742 147 166 0.267356
81 152 34 42 0.263198
843 81 31 37 0.258341
578 140 88 97 0.252571
266 146 33 40 0.252329
365 1176 36 41 0.250998
797 1085 27 32 0.247182
701 1284 32 37 0.246712
292 479 37 43 0.246101
28 697 30 34 0.24338
116 72 27 33 0.241462
855 874 41 46 0.241129
775 878 31 35 0.240683
221 1175 40 44 0.240085
182 444 32 41 0.238782
603 1084 31 34 0.236862
84 522 37 46 0.23685
101 608 25 32 0.232636
529 144 46 46 0.228743
64 154 23 28 0.222086
666 241 23 26 0.221605
191 623 36 43 0.221098
714 1475 23 27 0.219894
485 58 30 32 0.216695
353 105 39 46 0.213955
286 577 28 37 0.213758
850 46 43 45 0.212355
851 98 28 36 0.212276
724 1277 41 49 0.210823
64 239 65 73 0.208003
953 240 37 44 0.198709
883 246 33 37 0.197996
283 1174 39 45 0.193832
635 882 22 27 0.190138
161 981 25 30 0.185622
308 357 29 33 0.184334
869 875 39 45 0.184157
784 91 24 31 0.181335
320 1081 31 35 0.179846
532 54 25 31 0.17322
57 36 52 53 0.169837
605 242 58 60 0.169481
124 253 39 44 0.163148
742 240 43 49 0.161339
100 644 27 31 0.160607
305 1179 26 30 0.157357
46 414 25 32 0.153857
219 629 37 51 0.145101
407 337 37 40 0.14389
786 1178 34 41 0.142867
313 38 53 56 0.140414
75 652 26 32 0.137568
582 1102 23 29 0.136041
282 1077 37 42 0.132463
469 1380 59 60 0.129706
331 382 25 28 0.12546
791 1285 26 31 0.123946
176 515 25 31 0.123456
252 1179 30 34 0.123355
411 1282 34 38 0.12195
948 48 38 44 0.120688
366 227 43 49 0.118989
799 10 56 62 0.117926
147 405 20 26 0.11441
691 151 31 36 0.113951
530 231 47 51 0.113796
634 1082 30 34 0.113236
113 463 44 59 0.112666
23 64 45 52 0.112573
459 283 31 37 0.112411
306 1079 32 36 0.10986
585 879 39 52 0.109497
836 73 27 31 0.109435
742 634 99 114 0.107066
911 647 30 33 0.106213
576 236 67 69 0.1056
918 47 42 47 0.105405
885 331 39 45 0.105282
78 597 34 41 0.10518
528 899 66 81 0.103864
417 1175 42 50 0.103719
551 1449 68 75 0.100634
