illumination/illumination_00562
78
680 257 26 35 0.998269
133 82 44 52 0.995561
268 206 29 39 0.994795
209 297 26 37 0.935393
492 207 43 51 0.91918
288 325 32 37 0.72315
530 379 26 33 0.634395
657 500 20 26 0.623494
315 188 19 21 0.594284
297 186 21 25 0.570567
190 344 16 19 0.493228
4 550 24 30 0.431183
633 353 31 40 0.402217
210 384 29 35 0.400922
339 328 16 22 0.386036
332 155 19 26 0.37946
112 223 43 52 0.373553
664 528 26 32 0.371294
292 255 34 43 0.368681
507 255 25 32 0.353196
228 399 27 30 0.351766
222 622 25 32 0.338898
111 467 22 30 0.32338
521 313 68 80 0.322663
223 238 22 27 0.322473
149 288 27 33 0.298413
499 485 24 30 0.290855
442 361 27 34 0.284473
651 382 20 22 0.283106
963 243 23 30 0.28135
269 192 29 33 0.269461
500 391 30 38 0.267651
615 366 20 29 0.256879
529 412 25 35 0.251441
718 497 15 20 0.245479
256 409 17 25 0.240322
268 390 58 79 0.233832
963 303 18 26 0.218755
299 341 27 34 0.211237
497 404 32 43 0.206482
369 350 23 29 0.206193
671 358 17 24 0.192367
165 450 17 23 0.190511
501 192 34 43 0.177095
324 188 23 24 0.16836
552 381 26 33 0.164835
661 453 22 28 0.162117
812 328 15 18 0.15896
52 444 24 33 0.158524
117 133 21 26 0.153326
555 272 25 30 0.152076
403 253 94 122 0.151236
47 594 24 32 0.150028
316 335 19 25 0.142774
597 489 45 54 0.139202
280 247 31 39 0.138
473 209 39 47 0.131527
273 609 21 25 0.131348
692 397 24 31 0.130824
996 393 19 28 0.130696
0 405 36 42 0.126871
484 448 22 29 0.125369
504 517 22 27 0.124063
530 431 20 28 0.121628
123 566 24 29 0.120889
960 498 21 27 0.120053
337 425 16 20 0.116268
708 520 22 30 0.115571
676 345 30 30 0.115108
511 554 18 21 0.114079
170 418 13 18 0.113265
960 153 20 26 0.110845
123 231 43 52 0.109987
245 315 19 25 0.109748
533 404 22 30 0.10819
209 418 34 43 0.10731
167 153 30 36 0.106218
689 519 24 26 0.102815
