illumination/illumination_00280
41
594 339 18 26 0.796858
254 343 187 236 0.68993
588 514 26 32 0.667273
809 271 45 57 0.546221
515 517 35 41 0.492244
202 246 17 19 0.472019
833 275 40 53 0.388036
670 177 20 26 0.384861
432 510 31 36 0.342668
869 240 27 35 0.314359
100 268 43 54 0.30436
546 624 27 32 0.296746
532 373 24 30 0.259869
171 435 28 31 0.253873
40 309 31 35 0.249209
92 388 17 23 0.227333
615 239 23 29 0.215915
777 424 21 25 0.206366
925 233 23 28 0.195948
86 270 28 33 0.189352
566 323 21 24 0.1886
44 351 25 28 0.183741
560 369 28 33 0.178714
578 344 17 23 0.174169
54 418 26 31 0.173037
790 303 30 35 0.171719
743 438 27 29 0.170798
532 387 20 27 0.155818
171 357 30 35 0.152992
912 214 24 28 0.15249
596 651 27 32 0.14186
533 404 18 25 0.140911
409 339 54 68 0.136983
226 203 21 29 0.128505
660 263 29 36 0.124674
510 395 19 25 0.123585
26 275 22 35 0.111871
926 212 19 23 0.111623
551 371 24 27 0.106305
841 499 27 32 0.10085
876 176 26 32 0.1005
