illumination/illumination_00362
36
279 253 61 84 0.627055
730 386 29 37 0.565176
873 325 51 58 0.551228
459 449 104 136 0.549884
458 535 61 77 0.485572
567 279 86 111 0.475046
467 300 121 158 0.435704
716 215 69 84 0.391769
548 155 99 128 0.353294
799 42 44 55 0.320954
872 279 39 44 0.318137
757 220 88 108 0.312322
828 551 26 32 0.305466
546 419 73 86 0.297745
720 108 60 75 0.294069
733 271 49 59 0.260908
819 426 39 45 0.247564
950 136 27 33 0.235378
638 353 62 73 0.230999
764 375 34 46 0.212301
464 242 45 71 0.205046
823 287 73 78 0.20348
662 116 32 40 0.203271
273 221 37 46 0.180456
969 139 49 62 0.179405
513 587 27 37 0.178537
280 321 34 47 0.175207
693 212 66 89 0.151545
970 69 34 44 0.138452
973 311 51 56 0.124941
270 317 30 43 0.120633
857 216 58 77 0.118291
276 246 25 31 0.113505
295 226 26 32 0.108249
758 314 36 50 0.101023
794 134 46 59 0.100786
