illumination/illumination_00583
40
418 375 18 23 0.70843
35 203 135 179 0.641697
418 161 18 21 0.566432
704 179 45 53 0.562906
864 233 26 35 0.485028
235 457 39 48 0.478086
404 159 22 25 0.472198
175 459 35 44 0.427295
275 538 19 21 0.386105
103 463 18 21 0.357612
110 44 73 89 0.349275
223 68 22 35 0.342301
554 523 28 31 0.331225
277 438 48 57 0.316919
634 169 17 21 0.302826
378 218 14 19 0.205316
848 62 21 28 0.199285
723 106 22 27 0.198824
595 498 26 32 0.198082
596 516 28 31 0.196789
163 459 30 36 0.192946
68 449 32 35 0.188224
193 370 24 24 0.182592
917 275 47 57 0.176268
170 155 19 23 0.17
208 443 35 40 0.168283
35 467 29 36 0.162113
573 167 53 61 0.153874
227 206 25 32 0.15297
578 450 36 42 0.152841
998 212 19 25 0.147757
284 63 27 34 0.141194
597 629 24 28 0.131464
215 177 18 22 0.129418
855 59 25 32 0.128151
227 621 20 22 0.112279
56 173 22 27 0.106882
700 92 22 28 0.104629
598 137 24 28 0.102534
7 648 23 27 0.1004
