illumination/illumination_00662
62
591 265 30 41 0.999967
111 186 26 33 0.99913
175 192 22 29 0.99735
496 125 31 40 0.852831
415 404 36 41 0.819642
432 335 30 37 0.796217
376 224 24 31 0.795377
387 224 27 38 0.707775
149 333 21 25 0.643911
257 435 51 60 0.580276
649 272 50 55 0.512975
583 323 29 34 0.48449
552 410 35 51 0.474144
430 103 53 61 0.46938
620 442 60 58 0.459942
465 135 30 33 0.429591
141 398 24 29 0.410916
764 233 33 37 0.391993
394 92 33 41 0.387614
312 361 27 30 0.365383
147 321 20 22 0.351968
519 347 50 70 0.338937
750 264 55 61 0.287085
735 440 39 53 0.284474
466 286 30 39 0.26778
535 159 35 39 0.267545
641 246 36 43 0.261988
428 266 33 35 0.259752
700 448 60 67 0.255738
398 64 28 34 0.252207
772 50 37 47 0.244002
466 253 25 29 0.237062
516 192 25 28 0.228118
303 382 25 34 0.217026
496 160 35 40 0.210541
266 342 26 31 0.209906
751 248 17 19 0.196665
591 79 30 35 0.191378
119 429 33 44 0.188545
839 -3 46 53 0.171305
216 365 68 81 0.169367
718 16 26 31 0.167358
62 344 51 75 0.166543
413 97 34 39 0.161637
474 230 21 27 0.1608
570 268 25 30 0.152697
266 303 24 29 0.152374
335 68 51 69 0.150765
309 402 36 49 0.148442
0 203 88 111 0.146622
392 214 22 26 0.139328
518 124 24 37 0.137792
685 309 40 43 0.131675
697 403 28 32 0.130609
327 257 33 39 0.129071
140 306 20 24 0.12628
273 411 37 48 0.125868
674 240 40 43 0.12284
89 294 27 34 0.118601
310 333 23 26 0.11005
817 50 25 29 0.107384
247 458 24 29 0.104146
