illumination/illumination_00569
51
625 138 51 55 0.999839
336 121 43 50 0.999815
145 169 22 27 0.925365
140 266 30 40 0.872239
59 191 34 64 0.830298
766 150 85 118 0.769924
549 332 54 77 0.668042
467 185 54 78 0.63273
682 172 82 100 0.604353
234 216 62 86 0.549041
288 107 64 85 0.523506
395 29 128 150 0.512021
435 272 45 62 0.48489
553 225 44 63 0.475841
494 43 54 70 0.461563
413 173 86 122 0.451893
164 231 47 72 0.439695
460 504 28 36 0.431177
574 260 36 50 0.390238
651 232 39 49 0.370787
709 351 31 43 0.324262
279 239 28 36 0.317011
499 180 29 38 0.308233
302 -8 100 113 0.306454
828 81 28 31 0.280967
127 384 70 98 0.280525
140 192 29 39 0.265244
388 178 79 118 0.238865
239 294 63 102 0.208704
119 231 24 31 0.201201
511 179 30 37 0.199574
64 241 28 36 0.194955
457 396 44 56 0.194448
819 118 21 26 0.188166
41 492 41 56 0.181954
474 481 35 45 0.169792
612 182 32 40 0.156739
249 119 74 90 0.140952
871 242 54 57 0.137437
3 457 32 42 0.137151
523 95 44 64 0.133174
391 366 64 75 0.128128
665 209 36 46 0.117746
544 454 41 56 0.109444
463 280 36 48 0.109303
229 196 45 53 0.107545
676 251 37 43 0.106376
633 419 37 42 0.10548
609 234 30 39 0.102652
814 137 28 39 0.102232
916 256 30 31 0.100424
