illumination/illumination_00076
35
454 17 31 45 0.751238
537 5 19 27 0.640637
178 598 36 45 0.542394
406 25 22 27 0.539634
348 121 17 20 0.51143
469 425 25 34 0.427708
358 114 19 23 0.389327
649 62 18 22 0.363429
352 71 15 20 0.318378
617 50 19 22 0.276111
506 73 21 31 0.272671
331 61 28 32 0.267112
493 354 22 26 0.249375
180 613 38 46 0.244702
392 290 26 32 0.227247
384 133 41 53 0.222109
198 626 30 39 0.220502
492 248 33 44 0.220495
479 507 44 57 0.215857
447 463 30 31 0.21154
301 123 21 24 0.177284
501 38 29 41 0.17446
498 271 30 41 0.161741
431 466 25 26 0.160037
514 359 21 26 0.151163
443 24 35 49 0.1495
505 498 25 37 0.147712
525 385 18 24 0.141055
505 10 24 32 0.139605
620 61 32 34 0.136432
416 141 31 38 0.134546
338 413 20 29 0.133131
380 329 21 27 0.130412
318 41 19 24 0.11417
536 34 21 30 0.100845
