illumination/illumination_00623
69
442 123 39 49 0.981853
965 182 18 22 0.953994
789 49 31 38 0.926796
800 28 69 86 0.877664
287 94 85 120 0.865541
588 192 24 28 0.732937
388 171 19 23 0.706991
569 306 19 22 0.693314
298 197 64 78 0.677308
154 132 23 33 0.657937
166 133 22 32 0.643259
861 429 52 73 0.594445
938 210 41 58 0.594363
641 87 17 19 0.565118
608 271 74 99 0.544768
896 146 81 104 0.537665
367 354 48 59 0.535909
939 438 35 48 0.519982
70 429 19 25 0.515235
-4 222 53 74 0.505604
570 324 47 67 0.487403
20 271 25 38 0.485218
190 262 66 101 0.476371
465 122 40 55 0.475114
715 146 95 115 0.407319
752 19 22 33 0.398911
538 175 55 74 0.397956
747 442 57 70 0.38546
969 303 29 41 0.384796
141 388 37 41 0.363383
831 445 27 32 0.362197
15 129 54 80 0.358476
173 142 24 28 0.353751
873 145 29 36 0.348968
72 55 27 31 0.333896
538 152 23 28 0.322745
569 147 27 33 0.31486
500 280 63 68 0.298599
19 205 48 64 0.292558
262 376 27 35 0.280404
996 248 25 35 0.279811
145 165 31 42 0.267581
887 59 24 28 0.254016
926 72 18 23 0.248589
297 420 24 28 0.237691
162 252 52 65 0.232754
179 295 64 113 0.222742
397 456 25 31 0.222625
570 238 28 47 0.214361
579 145 25 29 0.206556
505 131 31 49 0.201653
866 545 32 35 0.190397
848 445 25 29 0.190097
171 204 27 41 0.178901
945 122 24 28 0.159601
228 120 23 27 0.156035
923 244 33 46 0.141073
586 208 30 43 0.140421
255 460 25 30 0.139448
935 250 34 45 0.135055
210 166 67 102 0.134221
897 238 30 36 0.129435
167 339 30 37 0.12818
542 158 23 27 0.126791
480 118 38 52 0.117395
365 176 29 35 0.115964
518 77 47 61 0.112251
67 378 37 48 0.101242
544 149 23 28 0.101154
