illumination/illumination_00736
40
435 135 29 37 0.999354
697 73 39 48 0.793987
824 95 25 31 0.769879
530 347 31 38 0.732793
344 39 22 29 0.61889
287 12 29 37 0.581329
538 297 30 34 0.398762
685 159 36 44 0.377454
288 61 29 39 0.371221
448 267 28 37 0.356434
516 163 25 32 0.339672
364 80 27 36 0.330661
853 39 31 38 0.31829
432 198 39 51 0.318033
570 42 32 39 0.308557
778 349 25 33 0.280577
86 443 21 29 0.264423
278 113 41 52 0.255735
278 85 37 46 0.249959
1 309 24 29 0.234975
386 45 63 76 0.229661
990 162 31 39 0.225439
362 297 27 32 0.211707
396 188 30 44 0.208676
953 44 57 65 0.201688
514 381 28 33 0.200114
291 313 29 34 0.193465
522 13 27 33 0.174716
880 29 52 61 0.174481
284 215 37 49 0.169502
369 178 35 42 0.167255
949 166 32 37 0.161848
350 88 20 26 0.146462
953 13 43 51 0.143072
359 50 32 37 0.136749
744 64 21 26 0.130575
968 240 47 55 0.116474
498 190 44 53 0.110422
428 138 20 31 0.108756
718 42 28 36 0.105515
