illumination/illumination_00592
157
740 96 46 62 0.999922
74 89 244 321 0.999904
555 163 48 57 0.999131
607 102 55 63 0.998435
358 188 57 71 0.97343
772 384 213 253 0.970999
381 1050 53 65 0.95335
905 119 22 28 0.915455
487 546 48 55 0.864749
301 871 29 37 0.731744
343 260 41 51 0.70672
984 293 29 39 0.684431
978 1003 45 56 0.677673
639 990 26 31 0.621055
966 331 26 33 0.620014
765 883 23 26 0.596976
527 170 28 43 0.585816
975 284 25 31 0.581093
683 852 26 31 0.567675
334 850 29 37 0.53549
422 1035 22 25 0.497033
237 41 23 35 0.496792
338 828 32 42 0.496433
996 498 16 21 0.488652
379 334 33 43 0.478428
804 79 25 31 0.470907
364 463 25 39 0.470145
607 846 56 64 0.469768
636 319 32 41 0.462469
356 1045 25 30 0.460959
493 164 29 39 0.458023
533 1289 25 35 0.447947
517 171 31 40 0.437477
946 83 24 31 0.433346
126 631 34 49 0.428389
519 540 26 31 0.422791
362 323 37 58 0.415558
774 875 37 40 0.415545
491 751 32 35 0.411669
350 1063 37 41 0.411061
944 60 28 35 0.394351
200 1182 26 33 0.384631
384 838 23 27 0.384272
349 486 23 28 0.384117
420 618 44 53 0.375602
267 534 124 203 0.373499
984 314 25 33 0.367509
570 709 42 55 0.362614
981 267 29 35 0.359218
947 184 52 57 0.358949
808 889 29 33 0.356712
369 264 41 47 0.344629
434 1022 28 33 0.342721
826 352 56 68 0.342565
406 1282 26 37 0.34144
826 906 23 29 0.340976
906 62 36 42 0.340741
506 161 30 35 0.329784
629 93 60 82 0.329248
812 52 96 106 0.316432
903 43 27 30 0.315616
166 51 32 48 0.296398
818 343 24 25 0.293652
532 832 32 34 0.292317
544 144 22 27 0.290325
132 501 20 30 0.285507
807 346 24 28 0.278611
325 870 19 26 0.277726
987 113 18 26 0.276957
944 122 27 34 0.27694
982 253 29 35 0.275041
237 713 27 46 0.272381
934 291 25 31 0.271981
337 495 32 41 0.265008
645 1042 41 53 0.264336
686 129 31 32 0.26418
721 827 34 45 0.261106
591 135 53 82 0.257869
306 35 29 36 0.253539
829 234 34 38 0.248221
665 1020 21 23 0.244675
823 301 34 38 0.244055
250 416 25 34 0.228259
548 950 80 91 0.224563
244 409 24 30 0.208746
971 159 21 28 0.20667
146 699 19 23 0.205481
948 715 25 28 0.200225
343 794 35 47 0.196983
951 110 20 23 0.196949
377 1324 59 78 0.196083
174 8 23 31 0.190797
504 778 26 28 0.188721
201 454 19 25 0.187835
402 607 43 59 0.184218
792 755 24 30 0.180279
547 846 79 89 0.179306
709 805 23 25 0.174522
525 345 22 31 0.173397
868 326 27 30 0.173321
251 433 21 26 0.172292
650 353 49 56 0.171984
301 818 22 27 0.167409
918 288 22 25 0.167307
325 115 31 41 0.162295
659 395 42 52 0.161598
146 645 21 38 0.161282
437 544 34 43 0.160612
760 836 45 56 0.157896
235 432 25 29 0.156577
168 27 31 45 0.156405
692 391 26 34 0.152701
947 340 26 34 0.15058
974 294 27 37 0.150008
572 140 30 36 0.148854
631 1112 24 36 0.148485
1000 410 23 34 0.146628
357 853 21 24 0.145752
789 861 32 35 0.14489
370 838 25 30 0.143905
377 475 19 27 0.143186
408 679 34 47 0.142789
968 62 36 47 0.142108
579 1494 18 24 0.142025
914 305 21 25 0.14157
910 249 22 26 0.140996
196 31 23 34 0.14055
338 397 44 54 0.14047
711 16 18 23 0.137756
307 1039 64 75 0.134476
429 1291 52 66 0.133758
265 841 27 35 0.133601
451 616 26 31 0.129299
389 793 28 35 0.127704
955 303 24 29 0.127569
253 786 33 57 0.127092
568 493 24 27 0.125591
68 562 19 29 0.12303
803 871 31 34 0.121616
991 243 22 28 0.120586
246 472 63 97 0.1203
159 740 18 29 0.117835
555 742 27 32 0.116327
163 790 23 32 0.115956
847 266 34 38 0.113881
935 203 22 23 0.113466
461 1062 32 40 0.112577
102 6 38 45 0.112264
425 1028 20 25 0.112218
824 934 30 35 0.112216
372 812 32 39 0.110913
885 286 22 24 0.109535
350 310 40 50 0.107882
988 1042 23 28 0.106622
948 155 36 41 0.105268
61 533 27 40 0.104533
326 844 30 40 0.103322
