illumination/illumination_00038
87
336 560 61 77 0.927047
394 437 52 65 0.835067
247 537 66 82 0.781935
-3 499 50 66 0.721619
920 470 39 50 0.696828
310 217 117 157 0.683301
762 429 31 39 0.673972
661 390 41 53 0.651245
859 338 41 58 0.63022
543 556 63 81 0.628878
630 590 34 43 0.623409
327 470 53 63 0.575842
896 425 31 38 0.565127
277 490 24 33 0.563127
930 478 39 46 0.561544
29 474 38 47 0.555334
599 128 101 137 0.538377
915 270 107 121 0.526947
669 187 54 70 0.490512
461 446 28 37 0.484739
54 526 31 37 0.480835
795 479 30 38 0.444029
383 252 74 106 0.428208
828 414 29 39 0.426508
970 515 50 64 0.421577
308 639 43 49 0.411643
340 600 49 63 0.410747
666 436 51 63 0.407652
81 402 45 55 0.401164
956 396 42 52 0.388416
178 637 41 48 0.370804
720 633 28 37 0.35341
91 506 38 45 0.349659
823 578 48 61 0.348906
843 363 49 64 0.341499
419 475 41 52 0.331183
876 458 30 36 0.318241
325 421 54 66 0.31745
608 608 31 41 0.305789
739 514 33 40 0.290829
157 424 34 43 0.259585
109 378 31 40 0.259014
924 398 28 36 0.258936
71 471 37 47 0.256564
569 385 95 132 0.256261
475 423 29 36 0.252771
50 485 29 35 0.241335
339 662 39 48 0.235069
551 306 56 66 0.232152
379 507 45 49 0.224872
123 384 26 35 0.217728
820 407 30 35 0.210216
312 540 48 62 0.206645
770 658 28 34 0.205529
675 601 40 50 0.204597
785 486 32 39 0.203419
90 443 39 48 0.194247
237 470 46 54 0.192291
810 535 46 55 0.186219
828 284 69 85 0.183241
284 427 32 38 0.177614
47 435 37 47 0.174904
354 477 44 49 0.169599
86 545 18 25 0.166247
299 613 38 54 0.164265
585 489 88 115 0.163283
557 288 32 38 0.153382
811 590 28 34 0.150785
76 388 37 49 0.150298
574 159 40 50 0.148532
820 448 32 39 0.147184
796 403 32 42 0.145641
161 573 30 32 0.141971
718 441 27 32 0.13963
511 497 33 41 0.13828
434 485 32 49 0.134361
635 606 37 48 0.133266
610 242 32 46 0.125395
923 616 36 45 0.124281
434 511 36 50 0.123977
916 459 36 44 0.120514
793 557 26 34 0.108927
894 584 50 61 0.10872
859 270 47 58 0.102426
144 591 27 34 0.101996
808 470 27 34 0.101272
876 499 57 72 0.100692
