illumination/illumination_00582
87
624 243 26 33 0.999979
748 241 31 34 0.999977
355 270 23 29 0.999935
522 285 23 28 0.999933
210 97 42 61 0.999904
897 187 33 39 0.999884
600 270 21 27 0.995735
471 294 17 22 0.989197
195 92 46 59 0.978663
708 472 29 42 0.971958
715 287 25 32 0.967462
729 88 19 25 0.857108
640 444 30 38 0.847558
344 304 60 77 0.806251
214 549 36 48 0.730145
444 464 19 26 0.642237
913 186 27 34 0.608823
769 477 33 51 0.547653
846 503 25 26 0.543423
588 277 22 29 0.541031
254 378 81 100 0.540108
910 341 47 59 0.526626
587 392 28 42 0.504014
243 91 19 25 0.490977
367 389 39 48 0.479057
743 479 24 36 0.468277
955 401 33 41 0.44237
910 417 22 26 0.432092
825 519 23 31 0.430582
174 778 31 38 0.42336
278 354 23 27 0.412934
970 355 31 34 0.408708
571 450 20 25 0.408499
909 29 26 29 0.384332
511 368 28 30 0.377589
536 12 24 32 0.367958
539 335 14 17 0.364155
353 386 32 38 0.350213
491 297 19 23 0.334031
371 339 41 55 0.325724
829 560 22 26 0.318876
641 379 26 35 0.287383
850 621 34 36 0.281996
590 447 21 30 0.276594
690 25 22 31 0.270834
460 343 58 80 0.263021
682 391 23 29 0.260124
9 380 25 29 0.247095
448 170 24 29 0.242571
876 136 20 26 0.237442
636 142 28 34 0.237206
928 258 39 45 0.232045
969 322 31 36 0.217536
254 520 35 43 0.21749
942 44 27 32 0.215348
667 97 24 32 0.21419
433 354 18 25 0.213425
545 82 17 19 0.200268
389 386 56 64 0.199369
901 513 33 41 0.189712
859 25 22 25 0.182509
994 72 22 29 0.179704
760 60 19 24 0.178703
782 287 46 76 0.176915
508 67 20 24 0.173308
867 265 22 25 0.164578
735 366 60 68 0.162406
207 180 20 21 0.161976
466 47 18 25 0.160833
919 582 23 26 0.157363
970 137 24 30 0.147044
627 32 56 69 0.145071
862 141 18 22 0.139766
649 121 28 37 0.132657
561 308 19 22 0.13055
894 396 24 27 0.128055
880 35 31 37 0.124788
626 531 24 28 0.122279
76 780 18 21 0.121264
437 51 30 39 0.121229
671 390 20 29 0.109617
560 44 90 106 0.10837
665 452 18 23 0.106736
876 148 20 27 0.106558
838 333 25 31 0.106433
457 313 33 42 0.102941
686 5 29 38 0.100644
