illumination/illumination_00047
63
593 350 24 34 0.999607
855 378 29 36 0.993903
396 339 25 30 0.98973
512 337 23 31 0.969304
644 429 30 37 0.927271
560 402 20 27 0.841388
226 484 27 33 0.776258
470 505 41 47 0.76035
593 447 33 32 0.729066
700 287 23 28 0.605426
346 517 24 31 0.581032
542 416 22 30 0.537412
751 360 27 33 0.525941
215 413 26 34 0.490331
639 424 24 33 0.475358
461 468 38 40 0.446892
161 309 23 36 0.441391
373 402 22 29 0.424808
137 355 27 36 0.38288
558 445 20 24 0.378163
181 395 16 23 0.374581
149 314 13 18 0.368675
444 490 27 30 0.368628
424 416 24 29 0.344103
589 470 27 31 0.331716
161 485 29 36 0.329748
483 465 23 26 0.322864
258 503 34 44 0.307246
498 436 36 49 0.304745
409 494 20 26 0.283224
468 632 40 48 0.281401
219 275 108 153 0.279433
584 181 37 50 0.251103
205 470 35 48 0.249032
492 382 55 72 0.232331
586 137 28 34 0.229379
700 370 53 75 0.222107
333 408 29 33 0.213115
965 289 19 24 0.200106
270 492 20 25 0.199132
518 116 28 33 0.193777
134 332 31 39 0.18835
161 296 21 29 0.185269
829 98 28 36 0.184957
740 98 24 30 0.181553
184 82 50 65 0.179458
461 509 22 25 0.177097
503 510 24 30 0.175099
573 462 28 35 0.173289
541 395 18 26 0.146266
455 501 24 26 0.140883
587 211 35 46 0.133572
658 407 29 36 0.132726
414 419 16 19 0.125611
77 487 23 26 0.121814
571 441 42 44 0.121397
45 462 36 47 0.120033
977 250 24 30 0.119218
332 421 24 29 0.115659
593 158 23 29 0.114591
228 410 19 27 0.109762
854 364 22 30 0.108489
997 205 22 30 0.102542
