illumination/illumination_00710
95
106 179 23 29 0.999783
497 214 17 22 0.994641
693 341 27 33 0.774984
464 310 41 48 0.761561
623 272 21 28 0.75689
120 324 22 31 0.739252
915 218 21 26 0.698601
755 258 22 27 0.673357
650 322 20 28 0.671877
466 284 27 33 0.633548
469 375 33 42 0.620135
840 417 27 32 0.59112
353 47 31 39 0.544443
453 213 26 30 0.534098
801 86 75 99 0.513319
814 229 41 48 0.510686
853 343 45 56 0.506579
648 345 25 32 0.473726
519 146 29 35 0.467948
83 310 27 33 0.460033
669 224 24 29 0.459835
366 46 28 34 0.458786
287 175 37 49 0.456337
424 205 15 18 0.411758
468 433 22 28 0.401943
921 220 23 26 0.35118
429 305 25 32 0.348685
938 514 21 25 0.340017
400 324 18 22 0.332937
717 329 34 39 0.323124
444 116 30 35 0.320611
929 195 23 28 0.31233
97 207 37 47 0.291425
880 181 27 34 0.291088
436 291 27 35 0.290737
110 356 29 36 0.290591
475 237 30 34 0.272683
439 427 27 34 0.269593
616 3 22 25 0.269362
445 55 23 28 0.266437
271 4 28 37 0.266103
93 232 74 89 0.265671
505 316 28 37 0.261258
822 340 38 47 0.259745
880 296 23 29 0.257124
950 195 25 30 0.255207
575 208 20 23 0.25457
573 373 18 22 0.254119
754 214 22 26 0.254117
906 332 29 37 0.24784
627 14 25 32 0.247598
490 518 34 40 0.246572
988 253 27 34 0.242916
507 281 24 32 0.238961
144 223 21 28 0.228119
327 30 41 51 0.227864
461 193 24 34 0.223695
940 266 21 28 0.222066
54 258 17 23 0.218367
228 31 24 36 0.214664
128 395 29 36 0.21285
48 436 32 38 0.208953
350 301 35 46 0.208652
110 385 32 42 0.204219
708 15 33 45 0.192621
75 451 26 32 0.177176
798 240 15 18 0.172695
599 293 22 27 0.167935
693 238 20 27 0.156978
336 372 23 29 0.15407
513 445 33 37 0.145966
619 349 29 39 0.141832
945 272 21 28 0.138983
783 84 32 38 0.13139
881 320 21 26 0.128084
721 224 29 34 0.126268
767 159 28 36 0.124337
441 325 34 41 0.122115
26 173 15 21 0.121022
433 218 15 21 0.119883
816 527 24 28 0.119687
653 292 25 33 0.118446
81 356 25 31 0.1168
833 264 34 47 0.116347
436 279 28 35 0.115149
996 291 26 32 0.114706
559 431 34 40 0.112197
266 363 34 50 0.111677
720 360 27 36 0.108225
859 258 18 23 0.108198
685 229 21 26 0.10736
88 411 29 40 0.105419
516 244 23 31 0.105091
282 344 29 42 0.102875
968 197 24 27 0.101563
