illumination/illumination_00754
42
683 229 21 27 0.951945
54 306 18 26 0.689274
58 261 28 33 0.687968
430 212 16 22 0.685177
60 205 14 19 0.682996
436 215 17 25 0.531153
668 303 24 32 0.462299
965 180 20 25 0.440458
666 321 54 59 0.420274
57 373 36 40 0.349036
531 168 13 15 0.287721
455 384 30 35 0.254017
190 199 38 52 0.245047
454 166 54 62 0.227303
150 214 33 40 0.224544
414 169 21 26 0.220979
49 265 26 30 0.20204
167 294 30 30 0.199009
790 196 28 31 0.179471
50 219 25 32 0.176079
195 189 14 17 0.166778
52 238 25 30 0.163366
670 291 16 23 0.154367
676 256 27 35 0.153011
679 298 25 30 0.144764
894 335 32 43 0.143024
335 469 25 29 0.140037
36 218 19 22 0.13898
280 460 38 44 0.138726
155 294 27 29 0.134705
663 363 34 34 0.130716
719 186 17 23 0.129049
42 338 33 38 0.124192
479 389 27 35 0.123036
682 206 22 24 0.120623
80 377 30 37 0.118446
378 285 23 30 0.117765
455 244 18 26 0.117523
450 296 20 29 0.11552
49 286 22 27 0.115293
190 231 29 38 0.105566
59 424 25 28 0.100397
