illumination/illumination_00721
62
446 166 173 204 0.856914
643 191 80 98 0.689398
208 452 32 39 0.686806
424 410 130 135 0.617265
322 576 57 61 0.611584
730 382 32 39 0.609561
616 273 35 40 0.549029
380 548 51 63 0.546266
720 630 57 72 0.523993
639 65 43 50 0.485025
751 267 49 57 0.465283
894 254 73 85 0.436578
542 401 22 25 0.404904
629 352 42 51 0.365884
740 423 29 38 0.339198
413 207 22 30 0.33214
350 175 26 28 0.323844
914 301 73 83 0.317421
718 565 69 88 0.316859
576 355 40 51 0.313593
404 641 32 38 0.312776
678 46 70 83 0.307224
137 441 92 108 0.301138
38 530 47 56 0.276844
11 558 27 34 0.26038
326 602 69 80 0.258226
325 319 167 192 0.252467
342 545 27 31 0.24988
813 214 27 36 0.247779
721 419 32 40 0.245544
871 501 105 118 0.232816
668 256 69 75 0.215729
746 333 31 39 0.210035
709 497 24 32 0.198145
864 339 36 51 0.196517
634 127 43 54 0.196082
548 673 38 46 0.193207
559 131 63 84 0.177575
645 587 49 62 0.175888
388 196 20 25 0.171472
69 533 36 44 0.16403
756 233 20 24 0.154815
300 146 21 26 0.151605
640 141 43 55 0.14105
854 235 90 109 0.139212
453 565 48 54 0.136361
48 403 104 113 0.133648
422 213 22 28 0.127434
683 398 28 35 0.125046
516 520 37 46 0.124739
281 143 32 37 0.116691
952 382 65 70 0.115407
616 243 21 27 0.113172
656 127 32 40 0.112652
430 559 27 32 0.112556
784 633 111 138 0.111673
49 687 27 33 0.103709
219 704 79 93 0.103049
829 396 26 31 0.102574
976 191 43 50 0.102334
951 589 40 46 0.101433
374 253 39 54 0.100178
