illumination/illumination_00288
50
208 92 160 179 0.927611
191 221 45 53 0.91761
191 239 44 56 0.899375
43 423 42 51 0.767895
876 451 69 80 0.712845
855 437 73 85 0.692995
260 617 209 311 0.671503
582 1280 62 71 0.621569
106 869 20 24 0.537666
15 435 39 47 0.521013
188 507 61 74 0.483195
10 234 191 214 0.454855
147 412 70 99 0.430755
829 884 45 52 0.412765
833 1054 47 58 0.386802
940 455 55 61 0.38229
788 904 64 75 0.335838
890 463 81 94 0.335824
206 285 24 36 0.306458
767 759 73 90 0.298298
783 454 112 134 0.266683
978 780 34 39 0.262025
936 479 93 108 0.247045
872 1202 42 55 0.230348
892 298 31 35 0.226404
488 1361 77 82 0.224847
77 127 74 94 0.190884
843 872 49 54 0.18149
0 467 38 47 0.181233
710 815 67 85 0.177354
367 596 38 44 0.173396
292 1041 54 62 0.170355
633 779 104 136 0.169946
962 1211 33 45 0.165512
874 860 35 39 0.157104
30 571 29 34 0.156846
967 785 37 43 0.147848
158 360 65 90 0.143831
94 883 25 29 0.140653
630 729 77 96 0.13552
381 66 39 54 0.133527
838 568 50 60 0.129125
807 622 54 67 0.116857
768 828 61 85 0.115387
424 1277 23 31 0.110639
863 865 36 40 0.109126
938 800 52 59 0.108497
920 614 29 36 0.105184
903 838 33 38 0.103064
981 459 29 36 0.10002
