illumination/illumination_00289
65
733 129 40 53 0.999985
87 143 36 46 0.999589
279 179 83 101 0.998704
241 86 34 41 0.985701
800 150 24 32 0.939389
-2 119 43 57 0.88839
707 258 59 73 0.860084
449 255 24 27 0.844048
379 268 30 36 0.754333
500 305 26 29 0.664665
378 403 30 38 0.620705
296 329 76 104 0.555995
585 628 42 51 0.51342
536 280 55 74 0.490949
657 629 36 44 0.453743
588 182 21 24 0.453099
824 223 27 33 0.449281
419 239 34 38 0.444594
784 255 53 66 0.439167
58 313 48 58 0.422578
369 334 51 60 0.420212
386 240 33 40 0.417407
485 224 33 41 0.402137
89 239 58 68 0.378569
362 247 27 33 0.328563
230 131 41 45 0.328561
138 232 31 41 0.324144
324 345 67 91 0.289277
799 176 23 29 0.269406
823 151 33 46 0.259725
247 227 36 38 0.258635
748 339 28 30 0.252977
22 258 24 27 0.243761
139 339 25 30 0.241396
210 630 26 33 0.240498
538 559 42 52 0.223286
834 144 54 67 0.219803
381 292 35 42 0.217896
6 285 80 102 0.213068
361 210 23 28 0.201585
596 424 25 30 0.183845
457 292 23 27 0.182734
164 506 26 31 0.181211
166 547 28 33 0.180844
273 137 28 28 0.175186
762 347 21 22 0.169453
700 126 21 29 0.165346
409 234 29 41 0.161945
11 155 26 31 0.157368
829 130 27 36 0.146939
686 300 17 20 0.142952
788 10 28 38 0.138394
892 165 18 21 0.134974
459 491 41 53 0.134077
322 59 25 33 0.132408
153 319 62 84 0.132389
344 222 35 46 0.121411
139 508 24 30 0.119348
586 447 24 30 0.118826
779 179 23 29 0.116655
458 254 38 47 0.114572
899 170 41 49 0.112009
919 507 34 41 0.111755
87 504 42 53 0.105595
813 208 20 26 0.101418
