illumination/illumination_00090
52
729 145 28 32 0.683215
880 203 18 21 0.609679
974 437 23 32 0.60913
127 163 17 20 0.572855
898 168 36 48 0.551549
424 451 176 213 0.497917
794 97 76 104 0.488718
63 142 26 31 0.476331
892 185 27 36 0.473915
744 142 94 115 0.436003
923 163 27 37 0.428999
973 645 22 28 0.414497
929 476 23 34 0.371859
914 469 15 23 0.335062
849 432 26 40 0.329039
253 616 22 28 0.324953
859 261 37 45 0.300843
867 149 17 20 0.28942
984 239 38 46 0.288841
189 258 282 336 0.277652
906 262 30 43 0.274543
852 165 36 49 0.265022
730 643 19 23 0.252465
39 427 39 50 0.250517
850 376 24 38 0.230885
784 467 22 26 0.230859
141 186 27 35 0.219277
80 419 29 40 0.216627
981 428 16 25 0.20506
89 462 20 29 0.200493
1001 449 19 25 0.184924
18 124 22 30 0.18161
892 454 20 27 0.159561
102 108 23 35 0.154968
46 149 19 24 0.153766
983 512 28 34 0.148996
956 132 26 36 0.143116
998 425 22 30 0.14244
901 405 21 33 0.139142
568 513 101 159 0.13662
837 186 45 52 0.136475
837 295 27 36 0.13536
891 423 19 28 0.135151
910 325 26 38 0.124427
160 400 74 106 0.122442
131 168 25 35 0.121445
990 162 25 27 0.11052
67 621 30 37 0.110001
898 446 17 25 0.103628
890 227 50 63 0.103512
925 447 22 32 0.102481
714 250 24 34 0.101401
