illumination/illumination_00607
50
283 341 31 39 0.999992
629 367 26 34 0.999988
563 347 28 37 0.999986
508 210 26 33 0.999964
413 343 30 37 0.999952
186 178 32 37 0.999945
765 342 31 44 0.999885
289 196 28 36 0.999884
464 168 24 32 0.999689
399 188 27 32 0.999599
678 234 24 30 0.999233
605 203 23 28 0.998947
267 452 53 59 0.79772
675 420 23 28 0.66414
291 412 27 35 0.614819
693 471 22 27 0.584772
304 458 25 33 0.538319
172 463 15 19 0.494733
555 414 19 22 0.464949
738 498 34 49 0.440199
569 432 59 73 0.418089
631 474 25 34 0.402654
768 459 63 86 0.366447
523 426 25 33 0.357376
458 515 19 23 0.353176
561 252 20 29 0.352729
262 509 21 24 0.326557
642 451 23 29 0.321829
519 329 31 38 0.287762
247 347 27 41 0.256119
360 265 59 83 0.250237
439 323 29 44 0.224832
517 444 27 33 0.210498
576 484 28 34 0.199098
414 255 18 23 0.19418
787 436 75 103 0.174251
690 357 32 41 0.164514
529 459 23 28 0.164503
132 145 30 43 0.151684
62 318 25 31 0.146003
475 454 43 58 0.140485
285 509 27 34 0.138082
442 387 25 31 0.131038
711 353 21 28 0.130046
640 277 23 36 0.120352
680 498 28 34 0.119214
567 416 45 46 0.112961
261 82 22 28 0.110773
406 471 29 38 0.110251
828 257 30 37 0.110168
