illumination/illumination_00740
50
645 120 35 41 0.8921
193 147 31 41 0.833192
837 186 42 50 0.76766
23 82 17 23 0.677402
296 344 125 164 0.670433
500 250 19 23 0.429752
74 122 19 27 0.364937
760 211 21 27 0.35289
427 310 31 38 0.34772
719 314 48 55 0.320956
44 105 15 20 0.313651
72 100 18 25 0.311597
747 373 83 105 0.309457
846 476 27 38 0.290513
847 392 21 25 0.271714
545 412 44 54 0.271688
840 161 18 24 0.26706
875 472 35 41 0.253307
926 314 48 58 0.243528
267 489 24 31 0.226965
945 133 34 41 0.218903
196 22 22 30 0.208775
912 458 40 49 0.206622
615 387 48 56 0.205058
959 97 37 42 0.197812
733 411 21 30 0.196757
816 260 35 43 0.196109
19 101 16 22 0.193798
644 422 40 59 0.184791
965 287 34 42 0.172034
773 299 45 59 0.166365
933 262 32 38 0.156887
175 165 15 19 0.155249
874 363 56 66 0.152926
194 80 22 34 0.152302
740 287 64 79 0.146532
881 203 25 32 0.145075
258 490 22 29 0.139895
442 225 62 76 0.138647
879 152 29 38 0.135566
930 501 84 101 0.134949
980 168 24 29 0.127249
933 370 42 54 0.121741
877 300 21 26 0.118294
693 172 15 18 0.112942
3 227 41 49 0.111204
972 359 21 26 0.10817
823 292 33 40 0.106625
878 190 25 31 0.102477
394 197 26 31 0.100262
