illumination/illumination_00319
89
618 577 96 112 0.962766
763 644 24 32 0.829406
774 555 27 33 0.762588
321 621 69 84 0.740617
632 515 23 25 0.697814
118 679 37 45 0.650473
416 626 50 55 0.644898
300 37 35 45 0.637909
116 1092 38 48 0.609193
770 642 24 29 0.597014
94 1191 37 45 0.593017
21 637 24 28 0.585094
665 412 33 41 0.582572
678 410 39 47 0.540096
100 1139 43 54 0.539691
595 561 26 35 0.534696
818 537 39 47 0.531012
962 436 33 39 0.52842
147 693 68 97 0.522513
512 286 40 51 0.516985
173 898 27 34 0.509649
476 623 33 42 0.493435
674 491 33 39 0.476369
799 299 129 152 0.474591
527 638 29 31 0.471439
366 742 69 80 0.470955
741 536 33 42 0.466581
514 518 26 26 0.445597
169 615 51 73 0.444457
249 22 34 37 0.42717
699 495 44 50 0.425033
268 838 93 122 0.398649
116 1116 31 35 0.388372
37 878 50 59 0.360032
755 407 49 62 0.337359
33 1070 35 44 0.33466
184 851 33 39 0.334286
615 507 23 26 0.316985
171 936 27 39 0.316087
118 1231 36 46 0.31415
395 612 30 37 0.308516
259 1171 46 53 0.300518
832 760 69 82 0.295849
706 390 50 60 0.291651
473 645 45 60 0.290054
863 860 35 44 0.28927
343 348 186 234 0.282801
82 915 30 36 0.281548
578 -12 54 60 0.258181
921 563 27 33 0.258096
173 873 22 30 0.254495
247 1209 74 79 0.24974
479 579 27 31 0.241436
598 436 56 77 0.236532
848 742 32 39 0.222981
100 643 45 54 0.219843
296 637 23 31 0.219217
864 739 38 44 0.214085
567 52 66 78 0.207367
132 868 24 31 0.205692
568 228 32 40 0.199834
133 1142 26 34 0.190655
564 41 35 44 0.18985
590 566 26 38 0.184543
301 727 22 31 0.17335
187 -3 41 48 0.16514
415 591 60 65 0.165076
34 1011 48 60 0.15467
690 447 32 43 0.152983
634 489 34 42 0.152587
-1 961 48 56 0.151602
437 632 60 67 0.147669
610 530 30 39 0.147359
919 633 66 79 0.143988
559 689 31 32 0.136409
112 699 67 106 0.135391
883 476 24 29 0.134724
169 814 19 24 0.134664
837 791 66 80 0.131677
924 936 93 108 0.128825
822 622 62 67 0.128007
730 543 22 27 0.125285
879 532 27 33 0.125239
751 477 55 56 0.117849
247 944 30 44 0.112565
501 599 22 27 0.108864
931 451 44 52 0.108071
524 646 27 32 0.107334
578 558 26 36 0.10143
