illumination/illumination_00307
80
577 240 51 55 0.994549
783 280 14 17 0.988649
840 384 22 26 0.957512
961 381 23 29 0.901413
33 246 51 58 0.893055
502 302 90 111 0.866512
429 305 84 121 0.769201
343 347 20 31 0.703356
47 261 47 60 0.69859
206 317 24 28 0.693276
89 276 45 62 0.645505
604 252 59 67 0.56246
723 324 29 33 0.547885
969 306 34 46 0.523412
952 384 20 22 0.522333
736 194 30 32 0.515534
227 322 23 27 0.50876
558 259 53 80 0.490949
341 424 90 114 0.446553
143 311 35 42 0.441471
259 246 64 86 0.421743
686 348 37 41 0.416098
786 341 31 42 0.41411
1000 361 19 28 0.407864
717 363 28 34 0.40274
409 187 92 122 0.373411
625 314 36 46 0.355593
819 223 27 33 0.355358
405 359 22 26 0.337533
680 408 42 45 0.332063
378 265 45 51 0.328714
321 441 23 28 0.327961
131 315 20 28 0.321591
692 206 30 36 0.306877
146 248 77 88 0.29512
412 302 31 47 0.29098
589 251 50 61 0.27771
862 387 22 23 0.261639
886 357 45 58 0.254363
338 333 25 35 0.246214
9 249 21 28 0.2392
741 356 34 44 0.227719
9 226 23 27 0.226443
150 345 27 41 0.226026
740 293 35 41 0.225468
69 263 38 44 0.217532
672 355 38 43 0.203845
369 336 45 66 0.199558
997 353 19 27 0.196766
76 219 24 31 0.192151
358 261 39 59 0.191922
315 324 37 44 0.187793
185 354 18 26 0.187233
735 382 22 27 0.186637
186 377 20 27 0.181336
613 455 33 39 0.179115
363 313 24 34 0.178731
149 388 25 32 0.172749
997 336 24 33 0.17175
333 347 21 32 0.16976
571 537 39 44 0.168113
438 412 27 36 0.161413
510 241 32 41 0.160374
801 319 21 29 0.148364
633 411 52 66 0.145412
209 334 21 26 0.141628
914 334 29 37 0.13836
121 274 18 26 0.137076
757 392 26 39 0.135047
221 368 17 22 0.133949
31 289 44 60 0.132217
342 256 40 60 0.129953
676 372 47 52 0.127831
124 263 23 30 0.119697
814 354 25 30 0.119575
0 274 31 41 0.116031
585 534 41 47 0.114253
19 298 20 26 0.106035
49 308 37 51 0.101997
280 351 19 24 0.101716
