illumination/illumination_00598
22
433 -26 200 309 0.998821
304 322 30 42 0.98639
562 297 66 80 0.957921
606 243 54 70 0.777133
608 57 172 204 0.451437
435 446 37 50 0.393353
619 370 108 128 0.367264
356 503 49 61 0.356568
294 285 43 54 0.354922
287 514 34 37 0.32232
586 257 49 62 0.27173
265 438 28 33 0.223997
397 425 36 47 0.220918
645 243 45 53 0.213603
4 315 39 43 0.210529
664 330 37 42 0.196234
824 189 53 60 0.182129
383 505 35 44 0.179194
105 392 108 125 0.172761
306 460 29 36 0.164626
42 365 23 27 0.107198
801 199 42 52 0.101455
