illumination/illumination_00658
97
529 88 51 66 0.999999
819 133 53 68 0.999985
268 559 44 52 0.999006
681 192 47 61 0.99886
269 44 52 86 0.998362
526 16 21 26 0.967181
416 66 17 22 0.917673
889 20 26 33 0.909268
442 627 27 31 0.745047
411 544 59 64 0.668517
270 331 57 72 0.629986
643 541 19 23 0.627954
532 183 26 32 0.588336
560 205 55 66 0.532949
449 239 37 47 0.522599
836 220 23 29 0.509211
811 194 19 30 0.508909
272 388 27 31 0.506133
248 708 24 30 0.497622
513 471 21 29 0.492582
321 1 25 31 0.461517
778 174 31 38 0.455155
124 377 32 38 0.448949
562 386 25 33 0.438955
791 141 29 38 0.434545
701 589 18 22 0.420569
115 692 25 32 0.376737
618 -3 24 31 0.373069
512 163 18 22 0.370967
753 226 28 35 0.368391
390 108 48 63 0.359345
445 2 66 82 0.340764
642 577 23 27 0.334886
348 30 21 29 0.3194
139 426 20 32 0.317374
213 393 21 24 0.313276
195 683 21 25 0.305023
765 195 30 41 0.295947
474 111 31 40 0.295122
814 585 35 41 0.294754
587 57 29 35 0.293595
75 390 21 27 0.268685
524 496 24 30 0.265712
589 499 27 34 0.253212
552 149 69 85 0.250791
195 655 33 34 0.250421
280 514 17 22 0.241885
291 394 31 37 0.237392
80 108 21 27 0.224505
724 402 50 65 0.206619
260 736 19 26 0.206075
170 724 36 45 0.205612
266 438 17 22 0.202168
46 300 19 24 0.198525
647 105 76 95 0.193057
181 656 27 33 0.191293
210 457 21 26 0.188802
473 587 22 29 0.18546
589 609 22 25 0.183762
259 419 20 26 0.178107
467 239 32 35 0.171684
528 533 23 29 0.1712
222 201 30 33 0.16793
672 589 20 26 0.165286
589 560 30 39 0.162752
310 325 41 58 0.161879
286 416 28 32 0.157393
804 496 39 46 0.15602
581 459 28 35 0.152754
247 623 19 21 0.151135
648 587 23 27 0.150775
229 127 81 96 0.150428
536 241 19 25 0.149868
800 56 35 46 0.149521
531 256 23 29 0.147525
814 327 65 75 0.14708
845 128 45 67 0.146746
519 719 34 38 0.1459
757 21 27 35 0.140149
807 553 27 33 0.13671
464 187 31 42 0.134468
751 511 27 32 0.133421
293 563 29 37 0.132972
608 572 22 30 0.131261
642 634 24 29 0.129987
480 268 42 51 0.129441
285 757 23 27 0.127594
12 491 23 26 0.127099
664 599 23 29 0.123321
658 605 21 26 0.121358
469 98 29 38 0.117146
60 451 24 29 0.113403
208 151 16 25 0.11002
526 565 26 29 0.109735
461 305 18 23 0.108205
631 549 19 22 0.105043
334 44 85 128 0.100063
