illumination/illumination_00363
90
125 549 49 58 0.955169
84 224 55 70 0.938299
399 192 19 24 0.894716
573 97 78 100 0.864312
642 231 66 83 0.849965
282 80 23 27 0.824086
791 387 49 68 0.817704
452 219 34 44 0.77622
371 155 18 21 0.758331
247 219 73 110 0.734749
616 309 42 47 0.726585
121 327 97 126 0.697991
830 310 54 69 0.681806
23 339 74 94 0.678463
670 325 23 28 0.663081
487 223 21 28 0.661411
50 283 66 73 0.656301
769 383 55 78 0.631411
476 195 28 32 0.596805
646 376 156 177 0.561463
674 171 145 168 0.554236
193 272 86 108 0.484707
331 600 60 74 0.479053
860 211 69 84 0.478328
514 190 35 41 0.462934
341 567 33 46 0.462624
287 126 26 34 0.457052
86 271 84 108 0.419927
222 54 64 77 0.408874
572 289 27 34 0.405938
231 241 44 62 0.402918
157 81 58 71 0.399626
940 256 81 109 0.395459
939 572 49 62 0.388533
538 521 24 26 0.382939
509 258 25 28 0.381228
60 627 63 76 0.374635
333 161 32 37 0.351688
263 195 50 63 0.343941
657 339 20 26 0.315194
93 74 51 63 0.310903
498 290 70 102 0.296742
597 283 54 61 0.294678
375 160 22 24 0.276799
522 645 26 31 0.244311
477 242 23 29 0.237442
583 215 68 87 0.237223
634 285 33 38 0.23425
313 65 26 29 0.23319
256 129 39 50 0.22947
315 98 27 32 0.224756
104 312 76 103 0.222181
294 67 33 35 0.221789
728 172 139 160 0.220527
601 346 28 38 0.219748
461 645 20 26 0.218955
818 584 72 100 0.217474
578 293 27 35 0.214973
611 269 44 52 0.214882
776 284 76 101 0.207238
397 86 43 57 0.205443
302 175 30 36 0.198257
681 337 23 28 0.193837
619 610 18 25 0.190962
568 334 26 35 0.185734
373 171 18 22 0.16884
356 127 33 37 0.166587
407 191 21 25 0.164275
883 306 138 211 0.162679
559 253 22 24 0.156279
881 210 116 137 0.152987
449 209 33 41 0.152496
349 265 38 58 0.137067
834 216 62 81 0.136352
510 513 39 56 0.135873
498 254 24 29 0.135624
443 245 21 25 0.134325
64 233 40 51 0.128855
414 186 31 36 0.124378
438 107 48 66 0.12417
482 230 24 30 0.122601
467 185 20 26 0.117024
233 82 55 73 0.116927
808 120 31 45 0.116432
556 284 29 35 0.106035
306 111 24 27 0.104636
337 99 28 31 0.103294
201 389 35 47 0.101988
362 180 23 22 0.101394
98 209 30 38 0.101057
