illumination/illumination_00671
122
490 814 124 147 0.998801
88 251 26 29 0.983286
33 223 41 50 0.892096
722 473 48 58 0.869759
126 179 46 54 0.814964
165 142 61 71 0.803073
327 199 36 40 0.793423
22 948 54 65 0.791409
70 641 45 56 0.790292
97 262 39 50 0.789632
627 8 43 49 0.77825
112 1143 43 52 0.778052
124 641 42 52 0.768979
220 14 44 52 0.759252
96 965 44 53 0.752378
310 1082 46 53 0.74443
89 140 36 44 0.722659
727 515 46 58 0.705296
154 959 44 55 0.703138
688 178 43 52 0.695185
310 1128 48 59 0.681156
603 235 27 32 0.665371
39 1118 66 78 0.649397
32 203 40 49 0.637766
595 858 30 45 0.635774
112 1063 38 43 0.632306
68 72 26 35 0.623064
688 229 39 48 0.616638
30 604 48 59 0.606188
768 490 59 67 0.599079
248 93 39 46 0.597221
8 1071 39 42 0.586445
31 182 41 50 0.571533
241 104 41 50 0.569568
102 492 50 65 0.567067
64 1079 60 67 0.565816
309 157 18 21 0.539842
113 409 31 43 0.513231
758 870 58 71 0.502179
579 880 75 96 0.499776
144 816 39 45 0.498848
159 501 60 73 0.486577
776 917 36 42 0.482556
937 897 49 53 0.476392
730 72 45 52 0.476382
883 961 68 76 0.475702
51 464 45 55 0.446941
31 917 35 40 0.439546
144 51 56 70 0.432712
262 1043 52 60 0.411788
755 829 31 42 0.406514
127 226 34 43 0.402352
126 758 54 73 0.401377
121 1191 36 42 0.393657
917 464 79 86 0.393101
87 225 38 43 0.391026
713 391 32 37 0.383741
145 233 41 52 0.370002
18 247 41 47 0.361024
794 707 46 58 0.360657
84 302 69 92 0.358194
802 791 56 71 0.356499
453 1295 82 99 0.354863
288 560 31 45 0.340269
107 566 57 81 0.338853
823 33 44 54 0.333745
320 1158 37 45 0.326711
690 150 40 50 0.325944
111 1102 43 54 0.324575
36 658 39 53 0.314422
29 933 34 42 0.30787
681 692 56 77 0.304375
96 281 41 50 0.301027
46 340 42 53 0.300071
43 1144 77 89 0.299869
794 742 64 79 0.292192
247 563 36 55 0.288463
241 61 51 56 0.27801
568 567 38 40 0.266549
121 101 49 56 0.264174
45 748 72 86 0.261868
809 861 49 59 0.247771
636 1487 29 34 0.247092
316 1062 37 45 0.246463
43 324 38 45 0.24344
74 18 32 42 0.241962
170 236 53 61 0.240481
673 121 48 53 0.235547
681 1145 49 60 0.23495
569 243 54 75 0.234812
723 552 56 73 0.211511
37 1076 54 63 0.200426
203 117 30 35 0.19526
63 610 49 62 0.194471
663 92 57 62 0.187
78 110 43 52 0.186193
331 40 20 26 0.182032
197 146 80 99 0.178073
84 0 34 41 0.177153
54 352 48 61 0.17272
703 330 49 63 0.169831
732 594 65 85 0.162167
63 916 31 36 0.162123
217 71 39 51 0.159416
546 238 56 81 0.157191
774 1409 22 27 0.155259
948 944 28 38 0.154589
773 1078 219 230 0.149712
510 599 68 107 0.148838
129 145 45 54 0.142412
696 1443 90 101 0.140154
728 161 59 70 0.139209
173 75 40 48 0.138404
498 952 41 44 0.135208
89 367 56 68 0.133096
709 276 41 46 0.130661
244 127 32 42 0.128347
223 616 26 29 0.125944
159 1068 52 61 0.113836
415 182 21 30 0.108795
647 972 31 32 0.106676
464 1412 25 30 0.104648
