illumination/illumination_00039
37
946 404 35 43 0.936526
521 644 44 44 0.838997
230 280 44 60 0.443859
119 92 28 31 0.431798
895 379 52 59 0.364004
0 123 44 57 0.362325
821 371 86 82 0.342184
349 572 29 32 0.315515
483 652 41 42 0.301771
875 378 53 57 0.298739
347 631 30 32 0.294602
61 79 25 30 0.277889
146 394 28 37 0.265988
791 375 63 74 0.256926
377 613 30 35 0.245026
980 412 27 30 0.239974
90 95 32 33 0.23971
267 522 46 63 0.238668
362 576 26 30 0.205732
994 609 28 36 0.196844
414 630 29 31 0.191955
60 106 24 29 0.17828
863 561 62 78 0.176459
167 329 153 204 0.1745
48 111 25 30 0.170456
371 579 29 33 0.165642
385 615 32 35 0.152954
99 411 35 33 0.148857
75 53 28 32 0.148017
150 368 31 39 0.146818
533 581 51 55 0.144658
48 433 57 70 0.136615
198 266 60 81 0.134451
971 600 32 42 0.119148
925 612 44 54 0.11837
34 116 30 35 0.115679
255 299 50 60 0.101068
