illumination/illumination_00735
81
479 171 51 72 0.973274
40 278 74 95 0.890238
629 420 37 45 0.549206
220 497 24 31 0.539415
443 526 31 40 0.52831
127 482 30 40 0.502635
469 243 84 106 0.501808
425 238 28 33 0.494116
511 207 35 47 0.473105
153 378 59 73 0.456876
116 30 30 34 0.430939
622 510 21 29 0.401795
695 455 65 88 0.388967
122 214 24 34 0.369603
580 494 21 27 0.367618
100 311 22 29 0.360255
904 156 63 77 0.356405
152 443 30 37 0.346986
192 21 30 37 0.346556
621 470 30 41 0.343904
4 210 28 37 0.314736
976 159 30 34 0.294733
355 469 22 28 0.277677
490 505 20 26 0.274439
871 94 24 28 0.269719
137 426 32 44 0.26025
48 376 28 36 0.258213
551 178 69 88 0.255877
123 51 48 62 0.253854
48 497 54 73 0.246501
779 -18 87 98 0.239246
987 175 25 28 0.229058
394 500 32 38 0.208894
124 392 39 49 0.207767
587 513 23 32 0.200655
0 120 43 51 0.199607
71 378 26 34 0.19865
914 118 19 22 0.193309
562 459 34 43 0.191683
610 442 29 37 0.191196
199 523 31 39 0.188849
234 51 38 45 0.178663
414 495 22 29 0.176039
726 22 22 28 0.171175
122 291 46 57 0.16752
661 465 29 36 0.167091
254 537 23 31 0.164796
97 356 28 36 0.15603
205 104 34 35 0.150112
29 28 35 40 0.149319
914 129 26 33 0.147893
654 516 27 32 0.144216
250 16 35 39 0.142256
344 354 34 47 0.139861
367 433 21 27 0.1397
225 454 33 43 0.13745
248 128 27 33 0.131098
168 354 27 35 0.130316
969 169 23 27 0.125916
228 178 18 22 0.124707
265 218 22 30 0.120134
186 194 25 30 0.120002
102 342 22 30 0.119538
359 351 29 39 0.118283
796 442 43 54 0.117782
672 321 31 41 0.116554
491 154 36 52 0.115218
355 513 29 41 0.114539
993 182 28 30 0.112485
271 405 23 33 0.111214
109 273 18 26 0.110268
391 518 20 27 0.1084
866 7 29 36 0.107915
210 396 36 48 0.106775
223 31 19 24 0.10474
188 84 27 33 0.104019
119 519 35 45 0.102495
665 487 35 45 0.101651
441 488 32 39 0.101343
471 142 25 28 0.101222
101 372 27 36 0.10039
