illumination/illumination_00682
58
24 192 16 20 0.988927
944 470 30 40 0.89822
587 458 24 31 0.606844
315 322 28 34 0.591739
852 175 22 31 0.578066
727 363 25 31 0.576721
438 444 31 48 0.57404
916 628 30 35 0.528663
124 76 25 29 0.525662
447 659 28 35 0.489112
989 474 28 43 0.461168
993 239 21 30 0.448633
325 462 21 25 0.420291
334 555 42 64 0.420033
776 321 26 29 0.414703
296 318 22 27 0.371636
470 375 27 44 0.34658
358 572 29 38 0.346058
127 268 24 29 0.33651
717 234 35 42 0.323833
308 664 25 32 0.312686
472 242 17 23 0.29832
463 344 21 34 0.295043
188 249 32 34 0.279875
103 176 13 17 0.277378
945 445 28 44 0.254267
1002 569 19 23 0.250678
331 678 47 55 0.237974
727 282 30 37 0.235812
261 295 35 42 0.23304
763 285 23 27 0.230299
615 284 21 27 0.228631
927 556 22 28 0.217788
765 427 23 31 0.214801
464 359 30 51 0.21178
536 281 28 41 0.210547
74 240 14 19 0.190654
48 342 20 28 0.181874
993 451 25 39 0.16678
650 415 20 24 0.162714
698 374 25 36 0.161887
855 293 17 22 0.139082
345 607 39 56 0.138857
41 198 33 43 0.135803
539 114 18 23 0.134182
833 310 21 29 0.133562
952 426 26 36 0.133221
259 346 24 29 0.130374
247 364 23 29 0.122489
983 69 29 36 0.121366
552 449 23 34 0.120546
399 687 20 24 0.117774
463 686 24 26 0.116003
306 626 27 31 0.112318
638 335 22 31 0.109067
573 254 20 27 0.104401
717 275 32 37 0.103617
776 306 27 33 0.103393
