illumination/illumination_00646
57
289 502 56 74 0.915642
182 444 43 51 0.877968
403 421 53 64 0.797282
427 414 54 64 0.766712
475 410 30 33 0.731466
357 322 27 31 0.715606
530 319 28 34 0.677673
263 422 50 57 0.594214
486 460 23 33 0.591087
870 487 39 46 0.552634
924 339 30 34 0.525448
90 318 28 33 0.504509
464 260 62 71 0.4374
423 374 30 37 0.383321
377 320 15 22 0.383293
390 392 52 72 0.367224
325 407 30 43 0.350744
168 534 42 42 0.341954
817 309 30 35 0.320533
568 364 21 29 0.313534
303 475 39 47 0.305026
583 449 29 39 0.274063
438 383 45 51 0.264036
368 506 20 29 0.248412
513 189 22 24 0.246771
481 528 24 31 0.237776
52 328 33 38 0.234212
220 327 27 30 0.232605
798 312 25 30 0.232246
288 328 29 34 0.230014
830 487 43 49 0.225981
535 249 26 32 0.216534
655 313 32 39 0.2055
582 348 29 34 0.202026
660 207 22 26 0.191562
475 486 46 56 0.19021
386 353 47 62 0.18943
615 435 42 47 0.187105
568 309 31 39 0.184531
402 248 21 25 0.169867
246 318 38 43 0.162376
552 423 45 60 0.148488
883 173 20 24 0.147654
746 337 23 29 0.134727
556 219 22 28 0.129965
285 345 27 31 0.12662
732 190 16 21 0.124575
593 321 26 34 0.123468
121 238 25 29 0.122845
2 493 33 39 0.118258
706 195 22 28 0.116889
978 348 40 46 0.112946
29 241 27 31 0.111823
438 234 28 31 0.109964
269 77 56 64 0.103818
603 278 21 29 0.102332
213 541 25 32 0.101962
