illumination/illumination_00571
74
481 133 41 55 0.999997
821 152 66 97 0.999841
310 168 45 59 0.999702
713 125 41 45 0.99068
74 115 27 32 0.91826
338 103 27 32 0.838942
907 400 24 30 0.740906
50 111 35 42 0.717217
234 127 53 79 0.699877
398 295 33 35 0.634258
388 245 28 34 0.620776
534 335 26 33 0.589168
695 231 43 57 0.58541
603 111 119 136 0.558754
776 280 22 29 0.530962
329 117 25 29 0.518286
37 119 35 42 0.509868
341 132 23 28 0.479765
151 85 77 110 0.473281
355 111 27 34 0.434543
77 44 26 31 0.415417
510 94 51 65 0.391741
107 86 96 115 0.387097
666 373 31 41 0.37858
648 222 74 103 0.368798
494 95 30 35 0.345041
770 172 26 30 0.287974
13 85 43 51 0.284597
396 326 29 39 0.283914
372 369 24 29 0.282215
93 509 28 36 0.277136
937 201 34 41 0.271756
481 72 38 44 0.271524
672 434 41 48 0.267016
852 198 96 115 0.266456
422 136 52 69 0.25481
18 129 40 47 0.254284
237 95 46 54 0.240363
536 363 24 30 0.239918
716 282 39 49 0.239156
320 62 42 49 0.226039
404 360 33 43 0.218761
579 146 30 35 0.205964
372 497 79 96 0.20569
596 81 35 40 0.205458
423 386 26 38 0.202548
726 203 25 31 0.200091
486 102 31 37 0.196703
534 399 24 30 0.196474
641 204 51 66 0.194499
672 470 39 48 0.190706
954 447 38 45 0.180515
529 547 26 29 0.172852
728 187 24 32 0.169006
710 179 32 43 0.168862
955 95 37 43 0.167507
708 358 29 43 0.166989
978 93 41 46 0.16536
863 364 42 51 0.160833
727 396 27 28 0.156127
729 227 23 28 0.152528
401 345 27 35 0.150779
288 519 26 31 0.14625
671 309 44 58 0.141303
379 388 31 41 0.137505
213 85 45 56 0.130298
776 486 25 32 0.122637
501 3 32 35 0.121519
614 453 31 37 0.121489
257 87 63 77 0.118401
722 451 28 42 0.106869
415 318 35 42 0.105042
821 92 30 37 0.102552
756 276 29 37 0.10027
