illumination/illumination_00609
53
386 43 56 57 0.986582
339 394 37 54 0.983652
794 200 54 64 0.954441
848 136 36 45 0.66978
96 175 37 57 0.648888
380 30 45 54 0.559955
411 266 67 80 0.5596
521 633 28 33 0.553459
584 456 50 58 0.518745
841 187 61 80 0.51226
78 257 45 52 0.461414
585 59 35 45 0.436285
915 374 35 40 0.417232
636 462 59 66 0.412499
624 487 33 35 0.390813
461 164 19 24 0.385429
869 525 44 48 0.380514
236 368 24 31 0.376271
730 444 63 77 0.370776
865 412 29 35 0.342548
148 217 23 30 0.329967
104 371 22 27 0.276466
888 354 49 58 0.272595
899 223 29 36 0.257218
628 457 25 30 0.242505
718 522 18 23 0.228718
314 448 28 40 0.227721
418 349 26 33 0.213495
482 632 48 60 0.213148
972 524 24 28 0.211423
816 194 44 55 0.20885
861 201 56 70 0.207253
374 633 21 25 0.194841
3 239 23 31 0.194818
330 246 29 37 0.18663
915 537 36 39 0.162731
186 299 36 45 0.155525
979 -4 40 47 0.15445
223 508 35 50 0.148646
400 450 33 40 0.147893
809 184 28 31 0.143216
-2 449 76 105 0.141843
480 350 32 37 0.140775
443 334 27 35 0.138644
364 183 56 63 0.136799
825 314 25 32 0.13546
368 319 35 44 0.13117
89 370 26 34 0.131059
980 29 22 30 0.115866
819 260 26 31 0.114941
836 624 29 34 0.114677
513 454 25 29 0.112656
388 12 21 29 0.101659
