illumination/illumination_00633
39
134 209 177 207 0.918984
143 162 45 64 0.891549
366 305 26 37 0.824227
627 265 29 44 0.584819
842 317 31 36 0.499965
821 318 28 31 0.483114
354 300 21 27 0.467387
353 334 29 38 0.452988
-2 348 52 60 0.419774
814 317 27 32 0.407263
327 237 18 20 0.352078
632 232 22 27 0.343291
441 417 31 34 0.334408
801 319 27 31 0.32492
863 318 26 30 0.32188
79 350 74 80 0.319495
738 127 25 34 0.285252
900 207 35 39 0.282788
305 374 17 23 0.28267
881 320 26 30 0.273812
558 268 28 37 0.266636
671 198 32 37 0.242785
251 151 93 100 0.224247
609 353 27 35 0.217468
374 146 28 35 0.216919
926 245 9 12 0.194084
620 248 15 21 0.189982
625 247 14 20 0.180169
339 225 27 35 0.155
307 260 11 17 0.150909
5 244 32 39 0.146951
598 341 21 28 0.143896
917 216 26 30 0.140319
771 315 29 35 0.123166
430 151 142 159 0.122053
318 362 33 40 0.118625
576 332 22 33 0.116038
126 290 24 33 0.114734
644 339 44 48 0.104742
