illumination/illumination_00757
43
458 22 117 166 0.999997
563 8 97 123 0.999956
127 150 71 80 0.913092
847 423 37 45 0.810774
124 355 45 57 0.766615
487 317 20 25 0.748178
579 194 45 54 0.713491
473 348 62 69 0.698173
368 67 83 94 0.646138
524 40 115 129 0.641961
826 122 74 93 0.608565
176 80 43 53 0.563739
582 131 56 64 0.502015
335 456 31 36 0.463228
162 383 52 68 0.432618
888 74 55 61 0.424997
623 139 69 100 0.422809
672 450 61 69 0.386763
397 159 41 52 0.382031
661 339 31 39 0.379082
433 456 87 109 0.361084
159 147 53 64 0.324098
239 448 31 38 0.297548
841 174 98 120 0.280748
306 456 21 24 0.264006
230 44 184 199 0.256938
713 254 27 37 0.242257
589 448 49 59 0.227388
462 219 30 40 0.222438
206 210 74 99 0.201435
212 320 21 25 0.191077
462 397 40 45 0.185032
130 263 55 69 0.181087
872 422 45 50 0.178212
632 368 69 90 0.162723
602 504 19 24 0.143388
981 166 22 30 0.135391
258 395 21 22 0.132905
491 182 31 34 0.129451
794 419 73 76 0.113586
709 419 73 96 0.10564
597 422 36 45 0.103622
309 446 21 27 0.101329
