illumination/illumination_00049
23
332 399 47 58 0.859299
445 443 116 152 0.452913
318 637 16 21 0.430909
362 257 21 26 0.428124
313 648 21 29 0.410821
265 424 17 23 0.389935
372 440 81 107 0.387079
129 504 19 26 0.372792
629 507 125 169 0.313777
431 363 49 63 0.238383
393 280 22 28 0.195738
299 349 21 26 0.184488
295 516 21 29 0.175143
113 463 32 44 0.172134
187 543 14 17 0.164598
364 509 24 30 0.149281
716 437 51 63 0.146508
347 376 24 30 0.124917
272 517 23 29 0.121359
304 520 25 38 0.120105
327 173 24 29 0.116489
243 594 12 15 0.112631
157 530 22 30 0.106445
