illumination/illumination_00559
35
383 154 32 52 0.983788
365 130 26 28 0.684211
842 309 35 36 0.590627
127 313 34 39 0.56263
326 428 26 40 0.542524
353 155 33 45 0.471239
2 320 35 39 0.42038
366 153 37 46 0.396297
975 318 29 30 0.365342
837 321 36 40 0.274098
290 319 25 28 0.267214
528 313 50 56 0.239659
104 320 40 43 0.237156
390 317 19 21 0.223083
175 306 25 29 0.205663
693 329 21 25 0.205365
971 308 28 32 0.193955
189 298 13 20 0.188807
696 314 30 32 0.18471
226 315 34 37 0.172786
337 147 22 35 0.168671
337 508 26 29 0.167519
0 305 34 39 0.156048
340 338 22 28 0.140019
889 324 46 51 0.137414
966 298 18 23 0.136414
395 230 17 22 0.133051
978 298 24 31 0.132114
566 325 25 29 0.118721
818 311 29 31 0.116197
739 321 25 26 0.114995
61 321 30 32 0.111317
504 320 21 27 0.109022
683 327 18 20 0.105055
735 332 22 23 0.102943
