illumination/illumination_00656
106
437 155 71 96 0.99998
781 194 29 39 0.999976
904 191 28 34 0.999404
944 260 29 47 0.995583
92 239 39 43 0.98298
977 374 29 40 0.852044
175 231 11 15 0.815645
906 147 40 51 0.744753
960 383 34 47 0.720526
701 252 26 33 0.591562
469 246 56 60 0.586234
939 372 26 35 0.498765
635 251 34 34 0.497845
446 281 24 31 0.49347
465 343 22 29 0.490222
518 231 26 28 0.476654
184 308 38 49 0.466773
120 287 26 29 0.45827
854 317 26 34 0.454877
135 323 40 50 0.453875
938 222 25 30 0.441207
337 275 22 28 0.434713
389 281 43 49 0.431073
455 470 134 155 0.408466
23 180 19 23 0.392434
838 239 23 30 0.370984
378 668 81 88 0.370102
144 539 31 41 0.359658
863 587 46 61 0.32509
281 281 28 32 0.312243
841 351 19 26 0.272916
989 203 28 32 0.272054
219 652 34 38 0.270627
742 278 28 35 0.263879
159 400 27 33 0.263148
866 355 24 27 0.258505
965 698 29 35 0.257538
493 115 45 57 0.256528
801 315 26 31 0.243532
893 409 21 26 0.242009
814 239 22 30 0.241746
961 264 40 54 0.240407
804 405 29 41 0.236359
779 321 18 19 0.235582
927 239 38 47 0.229825
119 315 31 36 0.220341
652 631 70 84 0.216157
933 612 35 48 0.212283
138 313 23 29 0.209332
625 622 25 29 0.208465
615 285 20 23 0.201044
160 381 26 35 0.199772
145 429 26 30 0.199081
158 308 29 42 0.197977
575 247 40 47 0.197171
623 702 22 27 0.19373
875 263 20 28 0.189782
501 315 20 27 0.188543
977 226 22 29 0.17929
106 201 43 50 0.177273
831 304 21 27 0.175345
248 230 32 37 0.172917
146 391 24 27 0.170031
429 248 37 44 0.168678
259 244 23 30 0.16602
756 301 20 25 0.162288
787 132 57 68 0.158243
134 126 25 26 0.157861
152 120 24 25 0.155225
162 457 27 33 0.154838
460 626 18 25 0.154576
0 192 29 37 0.152851
632 399 22 32 0.147296
730 267 31 44 0.146919
788 373 31 42 0.146491
769 600 41 49 0.144761
471 117 32 38 0.143415
155 345 30 36 0.136823
-2 167 38 44 0.134824
109 392 25 32 0.133115
569 400 32 39 0.131937
633 609 31 37 0.12942
314 639 25 30 0.129066
757 673 49 54 0.128494
945 395 32 43 0.127944
862 160 35 46 0.126707
99 432 23 30 0.125614
985 357 13 16 0.124657
601 395 44 52 0.122677
529 457 104 131 0.122043
954 192 39 52 0.119642
603 290 19 25 0.118475
208 703 22 26 0.117332
299 670 27 30 0.116564
347 276 23 28 0.114556
486 156 32 38 0.114527
832 250 38 51 0.112408
298 270 25 28 0.111801
94 209 40 50 0.110439
502 218 27 36 0.107783
860 541 25 30 0.107382
965 629 18 28 0.10463
943 212 19 22 0.103174
874 670 30 38 0.10264
868 425 24 33 0.101277
520 121 30 41 0.101235
