illumination/illumination_00390
85
597 195 41 46 0.844027
523 643 121 121 0.785393
586 394 29 34 0.75731
685 415 68 79 0.739762
558 213 31 30 0.73038
318 159 22 26 0.681458
20 366 40 43 0.66077
514 944 22 28 0.596066
264 187 35 40 0.587837
275 178 37 42 0.586184
444 62 26 31 0.550507
67 342 28 31 0.547741
270 21 28 32 0.520014
20 849 91 110 0.507044
593 389 31 35 0.486024
684 377 74 83 0.48515
964 799 25 30 0.483602
830 150 23 29 0.483229
749 232 22 25 0.471786
796 795 81 92 0.466536
525 17 24 30 0.464867
526 502 89 98 0.457223
552 940 19 26 0.450174
4 373 43 47 0.429022
931 672 18 21 0.4199
845 787 38 41 0.419838
427 348 104 130 0.380791
634 724 40 46 0.366809
395 100 31 35 0.36428
449 239 164 172 0.349966
181 35 25 30 0.349195
295 163 34 39 0.348155
330 229 26 32 0.332157
172 984 26 30 0.331867
706 928 50 62 0.330052
847 540 15 21 0.327613
894 376 17 22 0.324412
232 400 50 58 0.323231
612 437 68 64 0.31755
371 936 14 18 0.312379
445 19 27 32 0.29794
363 114 37 42 0.288996
725 577 42 58 0.286928
761 916 24 28 0.281303
940 737 22 29 0.275271
83 503 49 58 0.273577
988 567 24 26 0.254293
915 513 24 30 0.251082
611 577 130 137 0.249207
967 829 27 31 0.242689
70 15 22 30 0.241855
974 731 15 18 0.239842
230 222 25 29 0.232162
683 967 20 28 0.228581
437 522 41 54 0.225261
219 997 19 27 0.218041
33 355 38 43 0.217687
325 1202 18 24 0.211316
919 743 21 26 0.207017
170 265 25 30 0.205145
474 37 29 35 0.194462
198 65 35 42 0.184063
669 887 18 22 0.172831
556 586 43 49 0.170721
905 19 18 21 0.165743
465 366 101 120 0.157139
314 245 25 29 0.153915
890 458 16 21 0.151626
542 949 18 24 0.14869
522 579 60 70 0.147713
921 1175 25 35 0.144957
448 554 53 67 0.141752
988 323 21 24 0.1392
226 997 20 26 0.138037
719 235 27 29 0.137585
230 259 31 38 0.127734
76 327 29 34 0.12736
579 59 26 33 0.125948
937 842 32 36 0.120759
802 389 20 27 0.120181
498 596 29 32 0.119489
318 1204 19 25 0.115331
599 718 60 64 0.1145
782 11 22 27 0.105963
769 131 24 30 0.103726
