illumination/illumination_00330
91
495 290 45 57 0.999842
532 283 52 67 0.994612
227 599 23 29 0.946185
333 566 23 28 0.894942
207 517 24 27 0.845222
245 579 31 45 0.783052
562 376 41 64 0.690187
2 639 36 48 0.669882
187 485 25 28 0.663222
95 581 24 29 0.620682
922 497 39 41 0.616522
599 398 32 38 0.610238
931 475 25 29 0.570966
970 525 29 33 0.54442
14 500 28 33 0.505426
146 643 20 21 0.478001
456 246 33 51 0.47602
776 494 32 38 0.473401
630 400 55 66 0.429929
948 163 26 26 0.423069
90 508 28 33 0.413833
4 596 18 24 0.406451
115 616 30 39 0.404571
784 531 32 39 0.401795
16 546 26 32 0.391827
535 543 30 43 0.385138
728 500 40 49 0.362353
537 322 57 69 0.357689
97 641 30 33 0.351667
258 544 32 41 0.332676
318 651 25 30 0.325638
425 237 51 77 0.316325
89 462 23 26 0.306145
131 616 30 37 0.305429
438 364 148 206 0.294575
46 491 24 30 0.294001
36 477 27 32 0.287389
48 556 31 37 0.283344
972 494 25 30 0.27721
217 572 24 31 0.273003
698 561 32 48 0.266987
269 530 27 30 0.257436
924 512 55 61 0.254281
151 640 20 21 0.249384
765 465 50 54 0.247829
968 538 23 29 0.238471
104 548 19 22 0.237458
251 631 32 34 0.233149
925 443 31 39 0.232172
893 450 28 37 0.22086
278 502 14 19 0.216377
18 450 23 28 0.216093
39 631 27 32 0.21434
897 510 29 34 0.197212
809 454 26 32 0.194707
357 568 24 29 0.190911
824 564 48 55 0.189601
58 463 32 37 0.181919
852 510 26 30 0.176832
984 495 28 32 0.16368
649 383 28 38 0.159593
45 625 16 19 0.157929
180 640 33 41 0.152784
279 571 17 25 0.152174
983 512 23 28 0.151228
555 261 76 91 0.149183
1000 437 22 28 0.146508
692 446 30 39 0.14501
75 649 25 27 0.143195
20 573 25 34 0.142114
63 600 25 28 0.141653
166 519 31 41 0.139308
240 611 35 45 0.138373
959 471 31 33 0.136945
831 491 31 37 0.135332
690 595 49 76 0.134014
561 499 43 58 0.133248
216 636 25 31 0.132192
0 515 24 27 0.131551
64 526 24 28 0.128986
247 473 27 35 0.126591
36 647 24 29 0.125124
867 584 34 41 0.124893
169 557 26 30 0.123739
184 620 25 31 0.123521
969 510 27 35 0.12188
528 549 29 44 0.118481
85 602 31 34 0.112729
158 623 32 33 0.106076
414 293 50 62 0.102186
195 615 24 28 0.101295
