illumination/illumination_00639
84
352 145 178 234 0.999992
252 492 34 45 0.941841
72 88 61 79 0.91244
53 440 33 41 0.904638
400 403 50 68 0.885573
216 39 41 48 0.881404
547 380 58 77 0.86565
627 233 40 50 0.823454
102 418 29 30 0.813966
143 515 33 38 0.796747
551 201 83 117 0.775719
304 178 25 36 0.708284
259 145 26 38 0.678315
105 512 61 71 0.635936
273 362 33 37 0.635149
191 460 34 35 0.625027
568 -46 214 244 0.624432
756 447 74 98 0.613029
876 421 79 102 0.575041
465 63 39 46 0.530542
201 12 33 38 0.527158
117 73 42 51 0.506353
688 397 76 92 0.500598
733 296 97 121 0.47313
711 457 63 77 0.471411
302 87 26 36 0.465982
183 101 62 73 0.444424
723 199 65 81 0.42782
215 165 50 59 0.407176
70 3 37 44 0.39375
226 228 57 73 0.385095
287 10 62 78 0.378665
94 378 47 54 0.327648
603 302 76 83 0.314047
871 271 91 110 0.313445
8 242 102 145 0.31158
165 72 49 58 0.311161
198 362 17 21 0.287785
284 306 30 35 0.271408
156 416 29 39 0.269657
804 -30 133 170 0.258523
289 146 22 29 0.253279
151 27 36 48 0.251165
889 143 124 165 0.246819
175 56 39 44 0.238332
944 276 66 81 0.238228
337 358 21 29 0.23583
85 375 29 30 0.235781
202 254 64 77 0.235138
238 -19 71 82 0.231206
661 342 72 91 0.212737
556 134 29 38 0.212675
319 -1 75 95 0.208099
85 55 48 58 0.206953
221 424 36 39 0.197574
509 70 30 39 0.195331
29 408 39 50 0.179792
316 178 31 43 0.166026
84 32 50 59 0.16451
894 13 80 115 0.164264
216 113 43 61 0.159145
317 204 25 29 0.158378
399 472 20 27 0.158001
214 522 36 48 0.156078
321 125 35 48 0.15092
442 -3 88 99 0.148751
206 20 36 44 0.145852
80 386 36 43 0.142515
234 20 63 71 0.138254
226 378 32 36 0.134817
281 84 19 27 0.133155
132 397 31 44 0.127917
432 460 36 46 0.127771
508 126 66 92 0.127613
842 238 59 81 0.123075
176 30 38 50 0.116186
298 161 27 34 0.115465
279 483 43 54 0.113143
310 323 43 49 0.112013
678 311 80 97 0.107718
604 374 79 89 0.107606
174 501 38 45 0.105525
117 141 56 70 0.10205
449 397 54 77 0.101475
