illumination/illumination_00673
22
550 185 65 88 0.999998
736 260 89 115 0.999995
148 247 130 178 0.999982
339 304 101 129 0.999884
938 394 38 51 0.971694
406 461 28 41 0.40858
384 442 25 30 0.395084
363 286 22 23 0.358594
312 366 27 34 0.227551
220 630 30 40 0.21286
395 462 23 32 0.20119
533 207 23 33 0.198284
41 450 201 215 0.184704
187 224 25 26 0.177208
837 402 23 31 0.174356
941 444 33 44 0.172947
982 46 29 45 0.149324
102 293 88 107 0.147115
262 432 31 36 0.143564
562 166 26 30 0.140387
310 304 21 30 0.135022
728 392 46 54 0.12755
