illumination/illumination_00089
29
410 186 99 122 0.669569
289 167 30 38 0.625665
441 471 38 47 0.598938
518 371 23 29 0.446945
422 508 26 33 0.435209
421 484 22 27 0.276078
559 174 14 20 0.272609
333 112 33 37 0.261467
362 130 26 31 0.237538
572 186 22 27 0.234512
485 417 25 31 0.212023
476 470 29 41 0.192843
436 323 33 44 0.191692
436 465 28 39 0.158854
585 175 16 23 0.147876
369 175 23 28 0.143805
477 321 22 27 0.136457
347 387 29 37 0.133092
453 607 29 37 0.126755
380 100 40 46 0.125075
513 459 22 29 0.124919
356 121 25 29 0.12433
327 123 24 28 0.121755
563 396 32 42 0.120643
260 386 26 33 0.120633
333 138 23 28 0.118787
488 228 35 37 0.10175
561 281 29 30 0.101607
393 513 25 32 0.101015
