illumination/illumination_00332
41
458 246 101 131 0.940198
496 195 32 36 0.850104
284 554 44 57 0.638571
444 32 73 79 0.581579
244 590 49 61 0.580527
527 226 38 51 0.527187
596 0 76 92 0.487653
589 85 89 115 0.440834
613 491 36 45 0.411096
652 514 42 48 0.391899
547 57 38 51 0.371112
86 519 31 44 0.359135
67 522 35 40 0.354675
432 262 15 25 0.351146
52 548 33 42 0.333473
364 -3 54 68 0.331768
292 482 37 54 0.330091
482 24 60 75 0.326674
541 259 32 44 0.309863
511 199 35 43 0.285703
273 488 23 27 0.277724
190 585 16 21 0.259658
552 289 23 33 0.232675
285 444 32 37 0.219005
327 507 26 31 0.211153
674 42 34 43 0.195395
591 32 63 81 0.185256
109 493 29 38 0.171663
353 214 41 60 0.165848
566 34 42 51 0.164889
153 407 45 50 0.161447
741 616 37 43 0.160406
424 276 17 27 0.148715
611 61 66 68 0.140041
530 215 28 35 0.127877
243 545 29 35 0.127429
575 230 83 97 0.125717
507 115 48 58 0.122729
338 546 26 32 0.106881
643 517 30 37 0.105188
109 478 33 38 0.100016
