illumination/illumination_00355
166
891 185 134 198 0.998987
595 182 25 29 0.9347
732 186 47 60 0.891357
398 392 36 42 0.831154
396 324 23 27 0.813559
377 519 44 53 0.774463
138 39 58 70 0.757501
142 604 33 39 0.690709
433 399 26 31 0.662799
677 156 65 77 0.629793
289 10 58 73 0.624044
617 48 58 65 0.623367
590 530 35 46 0.612583
504 251 26 39 0.592651
542 271 36 42 0.592193
210 556 64 79 0.543638
740 59 47 46 0.536732
652 128 32 39 0.525283
453 283 43 57 0.523464
429 596 18 28 0.522418
368 360 35 40 0.508338
628 136 29 38 0.47025
567 188 48 61 0.469633
549 578 32 44 0.466164
328 298 28 32 0.465084
332 537 30 36 0.464161
785 88 60 66 0.44318
764 380 41 53 0.436611
681 278 30 36 0.435622
378 293 22 28 0.425807
845 325 83 102 0.416634
339 317 34 39 0.414929
366 216 38 42 0.405193
266 545 60 71 0.405091
714 245 26 32 0.393547
760 177 37 42 0.391157
604 183 28 35 0.388754
736 296 29 36 0.386948
486 80 36 45 0.384886
275 336 40 50 0.384219
789 350 29 35 0.381938
156 597 45 56 0.376892
485 202 19 21 0.372066
588 387 43 49 0.369307
691 240 22 27 0.357435
498 545 30 39 0.339306
705 386 46 52 0.338242
278 229 42 50 0.336993
910 123 35 44 0.333928
313 252 39 46 0.33353
341 212 34 39 0.331965
930 115 59 68 0.330419
109 94 167 195 0.32083
823 277 95 111 0.313305
937 529 34 41 0.312506
285 582 45 55 0.303779
863 39 36 43 0.302312
847 250 31 37 0.299384
321 36 42 54 0.292819
359 288 25 30 0.292734
487 621 39 51 0.291975
296 245 34 39 0.291902
475 105 42 51 0.2844
368 625 60 61 0.283718
473 504 39 51 0.277039
526 263 31 37 0.27649
204 282 29 35 0.275879
410 39 30 39 0.275517
497 435 39 53 0.272974
76 622 39 44 0.269656
461 401 31 38 0.269105
483 148 40 44 0.268329
508 512 27 30 0.267912
223 324 27 32 0.266227
796 170 43 56 0.265312
413 431 42 54 0.258516
437 532 27 32 0.249468
615 225 26 33 0.248569
629 370 32 38 0.247389
506 530 27 35 0.246957
230 457 66 79 0.245724
580 552 22 33 0.24427
353 238 25 30 0.240968
828 370 31 38 0.239169
570 510 27 32 0.235995
644 242 28 31 0.232094
782 478 168 198 0.231238
372 195 30 32 0.229039
308 448 48 59 0.228248
432 364 27 32 0.226583
545 471 24 29 0.220819
393 120 32 37 0.220406
695 396 30 36 0.217092
609 119 34 42 0.215262
498 18 44 53 0.208764
385 377 35 43 0.205874
244 356 40 52 0.20491
659 581 26 29 0.204812
366 564 46 56 0.200294
237 313 42 51 0.199806
839 119 66 73 0.19481
443 587 18 23 0.193707
572 380 20 25 0.192846
808 149 27 37 0.19168
403 335 25 31 0.191084
750 389 40 47 0.19079
423 556 33 38 0.190645
324 213 28 31 0.189283
531 145 24 31 0.184869
988 146 26 34 0.184689
661 132 38 47 0.182488
445 542 28 34 0.181985
576 1 32 38 0.180296
659 33 99 99 0.175327
501 199 19 22 0.175068
820 188 34 39 0.170244
26 626 32 39 0.168623
548 19 52 63 0.165483
222 439 44 52 0.165209
311 525 33 38 0.162316
770 131 32 39 0.160961
568 247 56 64 0.160581
560 339 25 29 0.159509
508 467 30 36 0.158033
235 292 30 36 0.157537
615 310 34 39 0.154053
378 250 30 33 0.152469
754 271 31 38 0.150946
291 628 48 51 0.149313
323 544 25 29 0.144186
272 123 62 75 0.139255
366 33 29 38 0.137627
472 158 20 24 0.137559
663 172 68 84 0.136991
665 410 30 34 0.135422
399 250 27 31 0.134913
450 547 30 36 0.13431
744 131 37 43 0.134019
508 153 28 31 0.133993
671 332 36 44 0.13113
59 106 152 182 0.130982
421 298 25 30 0.124625
837 -2 30 37 0.123953
623 193 32 43 0.123562
537 544 27 35 0.123558
359 644 29 34 0.122085
14 417 103 141 0.121508
235 546 54 67 0.121317
717 307 31 36 0.119676
592 558 20 27 0.117779
614 108 33 41 0.117484
428 294 26 29 0.115584
598 350 32 39 0.114782
389 205 33 36 0.11127
158 581 36 43 0.110104
461 558 29 34 0.109425
427 525 26 34 0.108067
314 334 29 37 0.107691
187 285 37 47 0.107398
834 41 51 59 0.106073
634 319 32 41 0.105928
422 584 24 29 0.105757
673 403 28 34 0.103978
627 357 35 39 0.103242
308 272 35 44 0.103207
498 521 28 33 0.101131
