illumination/illumination_00302
38
881 552 25 26 0.940993
809 521 19 22 0.609726
855 564 21 28 0.577835
841 554 20 25 0.398655
563 603 20 28 0.376947
928 529 20 23 0.30734
846 517 21 28 0.30083
891 553 26 30 0.293261
445 616 28 40 0.288602
814 546 27 30 0.276233
365 638 20 27 0.252882
378 588 21 25 0.245361
912 550 25 28 0.23337
412 589 39 46 0.213165
708 527 28 32 0.200595
570 587 23 28 0.199752
508 564 41 44 0.198959
423 609 39 52 0.194226
574 568 31 32 0.18654
542 580 26 29 0.185989
896 542 24 24 0.177429
795 241 24 29 0.174164
405 611 24 29 0.164565
807 249 20 26 0.154948
613 564 22 23 0.147788
917 526 22 20 0.146484
781 560 32 38 0.145665
973 519 34 35 0.141543
789 517 31 33 0.138495
635 556 25 26 0.132239
819 450 22 33 0.130479
749 524 19 21 0.121734
675 526 27 30 0.119683
825 595 25 32 0.119321
813 146 27 32 0.11597
643 573 21 25 0.108715
924 525 21 22 0.107623
732 558 21 24 0.102568
