illumination/illumination_00653
28
165 226 85 119 0.999993
321 163 93 125 0.977824
499 126 115 149 0.976765
271 408 21 26 0.649904
295 485 38 48 0.569008
416 449 153 189 0.42442
300 497 39 47 0.415231
656 429 68 93 0.346026
251 441 22 26 0.345976
-1 384 44 55 0.341843
563 439 115 148 0.304654
537 652 27 34 0.288779
827 605 65 90 0.287297
794 502 41 52 0.264946
809 626 33 40 0.261795
678 387 56 73 0.181371
563 260 30 38 0.166835
66 481 141 179 0.162945
536 613 28 36 0.151979
293 402 24 30 0.151739
250 457 26 36 0.143911
754 609 45 62 0.141601
563 570 20 26 0.136689
50 330 35 44 0.12865
53 341 144 193 0.118723
477 354 53 67 0.111815
57 267 45 61 0.10632
140 613 57 69 0.102021
