illumination/illumination_00625
117
594 205 42 63 0.995744
688 145 26 34 0.894983
890 580 23 30 0.88314
19 147 22 33 0.874933
401 226 21 22 0.85393
81 279 55 78 0.747145
6 187 27 32 0.72794
49 187 18 23 0.679561
865 420 35 45 0.668508
528 73 42 44 0.655405
59 146 27 34 0.602646
536 313 19 26 0.583144
99 16 29 37 0.575401
709 509 23 32 0.562393
210 260 23 27 0.520854
102 518 26 30 0.520011
776 369 25 33 0.512635
577 290 21 25 0.480903
731 702 44 50 0.480521
918 597 23 31 0.477614
239 167 18 24 0.464599
241 247 31 43 0.462382
605 309 18 25 0.452536
957 116 57 71 0.434886
769 623 27 35 0.430467
214 5 23 29 0.429224
93 28 33 41 0.421963
505 210 28 35 0.419874
184 487 25 33 0.416516
66 371 23 29 0.415594
569 364 19 23 0.39655
625 376 17 25 0.395789
865 31 30 35 0.385264
749 581 25 34 0.378696
800 681 18 27 0.375446
606 44 38 43 0.355761
627 399 21 29 0.351182
74 491 30 35 0.343673
897 272 41 47 0.336916
273 0 22 27 0.308578
602 349 21 27 0.293989
745 295 21 27 0.281193
598 59 23 29 0.280775
76 336 24 36 0.276805
53 511 29 35 0.275183
337 259 31 33 0.264868
742 269 21 27 0.263122
529 348 24 32 0.262423
565 381 24 28 0.261399
476 124 19 23 0.259999
724 359 24 31 0.258336
203 21 23 29 0.257493
845 37 22 26 0.256393
30 235 23 34 0.255157
232 198 31 35 0.249696
898 453 29 32 0.249499
593 334 12 15 0.245487
792 366 18 22 0.240141
50 49 25 32 0.238492
501 194 34 39 0.237973
720 728 24 29 0.228179
551 399 28 34 0.223719
12 125 29 38 0.222038
26 90 25 31 0.221591
935 79 48 50 0.214325
223 256 20 24 0.211463
15 321 17 22 0.203526
731 408 18 24 0.201496
29 198 23 31 0.193927
591 77 24 28 0.190442
821 78 20 25 0.189551
732 323 25 33 0.188331
979 426 35 38 0.186832
722 595 30 38 0.183554
192 2 22 28 0.181031
303 683 29 34 0.180862
763 401 25 31 0.179185
788 144 26 32 0.177841
495 12 30 35 0.176718
557 376 22 25 0.175555
281 191 55 69 0.166305
245 380 30 39 0.164405
62 115 21 24 0.161955
118 549 22 28 0.161703
692 156 37 56 0.157777
664 290 21 30 0.155074
760 330 18 22 0.153394
848 281 37 50 0.148305
143 149 21 26 0.14739
522 332 23 35 0.146848
908 45 26 30 0.140654
826 313 17 22 0.139998
555 464 39 54 0.139125
743 674 33 40 0.138191
974 689 23 30 0.136949
951 543 24 32 0.136288
686 628 34 38 0.132302
217 210 20 24 0.127742
853 265 27 33 0.126662
11 156 27 34 0.125223
795 516 45 55 0.125036
863 148 19 23 0.124394
713 235 42 49 0.124319
674 248 45 50 0.123577
922 117 40 48 0.123327
992 627 21 29 0.121314
23 353 22 29 0.119345
403 10 65 89 0.118307
372 188 22 27 0.116371
707 177 28 40 0.113231
656 369 55 60 0.112897
543 372 25 29 0.110221
26 188 23 34 0.110046
342 195 28 32 0.109193
845 541 15 24 0.108704
663 69 25 32 0.101655
854 417 27 37 0.101101
