illumination/illumination_00346
95
346 308 22 30 0.994754
827 279 26 35 0.992581
879 271 21 34 0.962324
938 325 40 54 0.917544
663 277 29 38 0.867955
53 281 25 31 0.772767
412 431 13 19 0.767861
696 128 28 36 0.727319
448 344 16 23 0.691797
885 310 28 36 0.630825
850 376 119 149 0.606336
165 477 22 25 0.58973
934 349 56 73 0.564599
422 460 20 24 0.554213
438 529 25 35 0.544397
779 594 22 28 0.536953
242 272 31 41 0.524151
653 129 33 45 0.523694
347 390 40 50 0.497686
791 294 21 26 0.433791
189 269 20 27 0.409497
717 292 28 41 0.405545
102 575 31 37 0.395739
933 307 42 52 0.373835
433 541 24 29 0.368481
664 99 21 29 0.36167
186 103 33 44 0.354188
372 167 30 41 0.342829
81 187 39 48 0.336082
391 212 41 62 0.332199
430 309 32 41 0.330237
59 84 30 40 0.306546
569 261 21 28 0.303581
366 271 35 51 0.300269
508 289 20 28 0.29915
82 403 57 87 0.279098
185 499 20 26 0.273292
238 190 40 59 0.267244
535 290 32 41 0.245203
171 358 41 56 0.238599
446 422 19 23 0.235577
63 623 25 27 0.23555
785 158 33 34 0.235366
851 351 36 40 0.231358
303 341 50 72 0.222432
770 311 20 23 0.21771
680 172 28 36 0.214816
805 218 32 46 0.214209
95 184 45 56 0.210033
551 81 19 25 0.209969
774 33 32 44 0.20791
190 495 20 25 0.207393
31 216 24 30 0.206294
828 338 28 32 0.204157
99 227 28 41 0.201725
314 419 39 52 0.189754
778 297 15 19 0.18875
508 247 23 30 0.187402
715 245 19 27 0.18418
433 334 23 29 0.183521
37 598 29 29 0.168221
111 182 50 62 0.165497
159 115 49 68 0.164855
425 515 26 35 0.15823
842 39 48 59 0.157235
129 173 39 46 0.15705
734 278 30 39 0.156819
703 466 22 33 0.156141
809 619 26 33 0.154876
76 182 30 35 0.149591
761 291 23 31 0.138783
770 345 29 37 0.137411
418 257 22 28 0.136754
448 467 99 142 0.135466
361 195 41 61 0.134304
543 87 18 22 0.132634
438 248 31 46 0.129882
217 600 23 26 0.127528
3 170 31 40 0.127163
983 648 37 42 0.126916
335 210 22 31 0.123007
171 301 27 32 0.122757
362 340 53 75 0.121338
869 127 64 86 0.119451
797 299 21 28 0.119067
465 347 30 46 0.115539
167 499 31 37 0.113922
789 169 56 72 0.113273
416 448 21 26 0.110146
338 475 37 58 0.109573
341 316 26 36 0.1084
366 307 37 46 0.104258
327 184 24 31 0.104108
127 319 24 37 0.103722
799 249 20 22 0.101345
