illumination/illumination_00588
116
691 137 50 65 1
736 186 49 62 0.999999
645 133 50 69 0.999998
321 151 53 73 0.999995
614 209 47 68 0.999982
424 197 61 76 0.999877
258 133 57 74 0.999635
465 143 47 60 0.999615
192 208 52 72 0.998059
222 161 52 73 0.99786
90 48 33 43 0.994925
578 211 35 50 0.993291
916 159 31 49 0.992731
284 41 36 42 0.990093
796 181 54 67 0.987127
905 50 39 46 0.984499
205 176 49 69 0.983574
827 161 45 60 0.979655
129 25 37 47 0.977971
949 144 39 50 0.960393
815 175 52 60 0.950003
247 154 41 61 0.948644
413 132 60 89 0.920382
512 154 36 55 0.904967
704 63 37 45 0.896944
265 99 23 25 0.889107
778 191 46 59 0.822414
509 45 41 49 0.821089
872 298 37 45 0.816981
494 36 41 53 0.801598
836 361 27 31 0.732188
698 501 24 32 0.705705
714 408 26 33 0.700396
545 443 34 34 0.646805
262 260 77 83 0.639652
584 371 54 74 0.636955
18 135 36 49 0.631056
779 178 24 35 0.569339
89 254 22 26 0.559916
949 284 48 63 0.54598
891 321 44 53 0.518176
342 391 22 28 0.50548
525 17 31 36 0.501009
216 133 59 75 0.500459
898 335 49 49 0.49947
695 74 25 36 0.445465
931 521 51 60 0.433596
832 117 54 74 0.42985
938 149 31 40 0.421812
617 26 50 74 0.387528
967 501 55 73 0.384264
942 263 49 66 0.381975
891 47 34 53 0.34896
926 156 30 42 0.343087
919 218 50 68 0.343039
164 216 38 51 0.320527
818 383 25 29 0.291244
783 152 23 26 0.289212
630 97 30 36 0.286917
87 245 23 25 0.285031
723 402 21 24 0.271941
758 632 24 35 0.269374
590 311 43 60 0.26705
335 217 25 29 0.264826
511 443 32 35 0.250556
672 643 21 29 0.250435
59 524 26 33 0.249592
238 329 25 36 0.24924
279 86 47 62 0.246524
629 145 31 37 0.230807
453 195 59 71 0.228367
875 581 34 40 0.209514
263 10 25 34 0.206582
745 132 35 42 0.200591
748 422 37 47 0.192476
907 296 26 33 0.187821
179 14 30 37 0.185528
651 418 25 31 0.184336
813 361 34 40 0.182345
505 95 49 56 0.182095
564 157 40 46 0.177602
265 239 52 61 0.172859
723 465 21 25 0.172747
581 246 28 36 0.168814
390 655 22 26 0.167578
317 403 35 39 0.156729
891 367 27 34 0.15254
514 22 22 26 0.15058
-2 467 67 107 0.146343
724 445 17 22 0.144462
892 253 22 29 0.144357
597 68 17 25 0.143387
540 84 40 49 0.142415
366 598 44 53 0.141722
802 345 36 40 0.138395
82 53 24 31 0.136822
864 123 37 52 0.135216
366 125 30 38 0.134351
721 193 27 33 0.133679
662 416 39 45 0.129259
784 120 25 31 0.123914
934 328 34 38 0.119636
387 169 40 49 0.116486
734 398 20 23 0.115886
931 109 42 52 0.114732
946 244 46 59 0.112957
735 115 19 22 0.112928
61 102 93 125 0.111441
565 3 36 44 0.110192
626 131 24 27 0.10915
938 348 28 32 0.107911
93 64 28 39 0.104882
325 466 21 31 0.10399
707 421 19 24 0.10344
484 122 33 39 0.102886
342 469 28 40 0.102575
