illumination/illumination_00297
57
174 415 29 34 0.937699
12 232 36 38 0.890813
312 351 25 34 0.701003
590 292 60 76 0.657347
402 468 22 31 0.641771
424 281 153 159 0.626625
578 390 34 39 0.534457
516 482 29 30 0.51617
300 325 41 44 0.50318
512 453 21 23 0.49552
225 391 24 28 0.487672
830 302 20 24 0.466739
331 448 17 21 0.430319
848 289 25 31 0.430218
309 440 21 25 0.422627
794 443 37 40 0.417726
134 207 25 28 0.405657
444 474 22 23 0.394188
363 455 24 35 0.37491
313 288 36 47 0.340688
396 288 26 31 0.33067
655 275 43 57 0.329689
372 296 21 27 0.322638
227 319 37 54 0.313595
142 272 32 45 0.284314
271 315 26 33 0.262049
199 206 35 39 0.261981
286 390 25 27 0.261039
297 136 24 28 0.251944
230 421 28 36 0.24553
301 258 24 30 0.237183
637 465 23 28 0.231487
688 429 38 44 0.220586
580 325 28 45 0.209294
204 423 25 26 0.189772
175 272 32 48 0.174437
889 503 25 29 0.164286
362 323 26 32 0.160226
187 518 17 23 0.153971
68 212 33 35 0.151058
662 446 24 34 0.147927
121 276 28 34 0.143126
536 454 33 36 0.140981
5 366 29 32 0.135961
607 401 45 73 0.12724
359 270 28 32 0.127041
150 356 23 33 0.120416
286 289 16 23 0.116261
229 236 35 39 0.114011
248 525 21 26 0.11302
405 369 34 43 0.111453
538 490 23 24 0.108616
210 256 31 34 0.107908
200 399 26 28 0.107576
180 312 22 29 0.1039
442 139 27 31 0.100495
321 259 42 54 0.100088
