illumination/illumination_00614
49
630 55 92 124 0.999842
95 224 118 150 0.999681
110 514 43 54 0.941609
89 405 44 51 0.754517
371 482 32 37 0.713359
717 25 35 43 0.581826
837 162 51 63 0.559943
122 421 36 41 0.468949
523 185 68 87 0.392276
49 168 23 26 0.387073
423 479 28 33 0.378211
2 291 18 23 0.364516
428 441 20 25 0.347467
647 400 22 26 0.329739
49 377 28 33 0.326672
197 323 60 81 0.310551
412 435 24 35 0.309245
678 400 63 70 0.290214
64 530 33 38 0.274024
596 374 51 57 0.268463
610 305 24 31 0.267682
847 216 45 63 0.257503
891 242 29 35 0.255928
203 374 59 76 0.246887
375 501 46 58 0.21583
67 371 53 63 0.208023
655 382 44 48 0.205412
573 385 40 48 0.202316
442 432 31 39 0.194346
408 511 24 29 0.192659
362 494 30 38 0.190808
90 450 34 41 0.19064
315 524 38 47 0.190313
294 442 59 75 0.182655
407 148 39 52 0.175749
235 499 30 44 0.169017
958 337 46 66 0.167007
369 468 34 38 0.162764
927 101 93 135 0.15741
948 371 70 99 0.146989
837 185 45 60 0.130737
654 32 86 120 0.124459
14 494 25 32 0.118584
874 156 23 29 0.118534
860 25 49 71 0.117192
247 510 29 34 0.112532
17 471 23 30 0.110567
963 218 36 53 0.100441
26 393 22 28 0.100351
